[[ 1.2917517   0.32561058  0.8059588  -0.2699402  -0.72763234 -0.8688157
  -0.7984781  -0.413471   -0.22063965 -0.16177979 -0.53866744 -0.9605943
   0.11704785 -0.2608302  -0.59551513  1.2059906  -0.03717818  0.9188401
  -0.38302088  0.71618485  2.1870358  -0.45399123 -0.7257304  -0.5159288
   0.31625637 -0.55039907 -0.37340155  0.11218432 -0.41180637 -0.53784746
   0.10087936 -0.6201529   0.0554589   0.22721131 -0.4043552  -0.36263222
   0.16622385  0.15286635 -0.7601678  -0.6243892  -0.4977279  -0.35354897
  -0.3753543   1.8830394   1.2725748   1.36649    -0.49026245 -0.5084965
  -0.4379075  -0.0215323   1.4720759   1.8359616  -0.10674965 -0.2756941
  -0.68736017 -0.79461074 -1.0182197  -0.13639274 -0.40241736  0.09641118
  -0.2015196  -0.38910592  0.28842878 -0.46383613 -0.45869523 -0.55768645
  -0.80350244 -0.51981425 -0.46814626 -0.6344315   0.65471435 -0.62085396
  -0.40619186  1.4646099   1.0820253  -0.25890788 -0.28611183 -0.2990025
  -0.34805712 -0.06906455  0.34883443 -0.37939146 -0.49768996 -0.7637413
  -0.71078914 -0.76156646 -0.49360833  0.92369646 -0.3018946   0.74856466
  -0.5496748   0.5221767  -0.08539893  1.7786112  -0.01074415 -0.38173088
  -0.14408241  0.97791606  0.5633438  -0.5668221 ]]