[[ 1.1297749   0.78725857  0.14163752 -0.22755593 -0.565223   -0.8144914
  -0.7950993  -0.49475732 -0.21415307 -0.12560831 -0.46702003 -0.9257289
   0.69860476 -0.2460193  -0.46707436  0.5132479  -0.13436437  0.8529285
  -0.1845161   1.0217799   1.002044   -0.5552489  -0.44836488 -0.62331516
   0.33934888 -0.24398635 -0.38516575 -0.3640217  -0.30837092 -0.64717007
  -0.04550229 -0.5067521   0.03262651 -0.4472609  -0.3964523  -0.2730824
   0.24127248  0.42017582 -0.800446   -0.6617459  -0.49027523 -0.3375017
  -0.43821988  0.37126583  1.7489746   0.754734   -0.30077755 -0.45114627
  -0.05699188  0.452088    1.2526296   2.3216827   0.25658235 -0.33720753
  -0.42235544 -0.5757091  -0.758438    0.04597256 -0.3701563   0.12598991
  -0.22905004 -0.31656894  0.21882    -0.2918836  -0.4444881  -0.47362897
  -0.6588934  -0.40729374 -0.38603592 -0.7386134  -0.11013722 -0.5893354
  -0.3504973   1.7001702   0.68318635 -0.5200769  -0.07722998 -0.4870967
  -0.22744049 -0.2019508   0.7508361  -0.02587197 -0.3969295  -0.5896317
  -0.27730033 -0.74916506 -0.39991355  0.9715141   0.37516642  0.8284772
  -0.36289027  0.15698776 -0.23320964  0.8998898  -0.28737545 -0.32505584
   0.03384665  0.9826636   0.03967982 -0.3675356 ]]