[[ 1.0838811   1.2036562  -0.3001788  -0.15528344 -0.6431885  -0.8602124
  -0.84435076 -0.47084376 -0.04876772 -0.2730697  -0.5332444  -0.83197576
  -0.14498505 -0.24582641 -0.66690624 -0.18533826 -0.4388929   0.20566115
  -0.293906    1.0934788   1.3976723  -0.5739836  -0.6037952  -0.5432306
  -0.05392762 -0.60015434 -0.15335225 -0.02354645 -0.43345273 -0.68755144
  -0.29124963 -0.40656704  0.14125408 -0.35510194  0.0260319  -0.45412132
  -0.05532993  0.270878   -0.7240954  -0.48596534 -0.48222506 -0.37505046
  -0.44574675  0.5885406   1.7598112   0.35674357 -0.35337734 -0.23614188
  -0.17275093 -0.20120038  1.2285267   2.4334362  -0.40047723 -0.31111482
  -0.7286185  -0.70955545 -0.5349237   0.5022218  -0.29901817 -0.03905936
  -0.17087789 -0.35439858  0.10133524 -0.5467463  -0.3597462  -0.4598269
  -0.76830655 -0.58825666 -0.39934197 -0.59995    -0.14331691 -0.5033052
  -0.4411597   2.0722249   1.0324898   0.21277326 -0.22589    -0.28173107
   0.46935576 -0.11320729  0.6894116  -0.43810007 -0.15972492 -0.5015512
  -0.1374741  -0.74664295 -0.4589713   1.0091873  -0.12931709  1.2165251
  -0.42570207  0.3216544  -0.10844907  0.76149637 -0.14288141 -0.4256917
   0.04245258  1.0349143   0.07244274 -0.27693766]]