[[ 1.3509109   1.1484073   0.07636669 -0.12644316 -0.6131302  -0.80454934
  -1.0049766  -0.4837849  -0.20727979  0.01428616 -0.5376011  -0.9140244
   0.23184073 -0.23640381 -0.65356463  0.03145396  0.1263034   1.5536556
  -0.27243784  0.9177272   1.0737275  -0.5772204  -0.50023305 -0.5698326
   0.6029679  -0.37917188 -0.25772157 -0.3442366  -0.41341844 -0.67019343
   0.15310918 -0.43671516 -0.07239376 -0.44542482 -0.08533266 -0.2687782
   0.6664902   0.5687618  -0.7929485  -0.64881516 -0.4404884  -0.3726872
  -0.4873923   0.8416367   1.1570184   1.524533   -0.19980986 -0.36370966
  -0.19939768  0.2177066   2.0632002   2.114373    0.04257866 -0.3160196
  -0.7240886  -0.7085085  -0.6543411   0.07503486 -0.431158    0.06210303
  -0.25381276 -0.34127373  0.07374818 -0.41535178 -0.40523985 -0.5700603
  -0.8124643  -0.5312302  -0.4641936  -0.77299684 -0.39674965 -0.58704245
  -0.41148153  1.6367264   0.60731465 -0.54212743 -0.20648971 -0.38572022
   0.03454625 -0.23312606  0.34030187 -0.3174809  -0.33887565 -0.68164134
  -0.25926185 -0.7779776  -0.48001844  0.6842051   0.598169    0.83410037
  -0.41735777  0.20534661 -0.24333139  0.9976024  -0.20199476 -0.30075246
   0.09379637  0.87311864  0.22806653 -0.31334665]]