[[ 6.47235572e-01  7.23264098e-01  2.26724625e-01 -2.65102386e-01
  -5.83212137e-01 -9.49705005e-01 -9.12263811e-01 -4.43920165e-01
  -2.25915551e-01 -2.27714434e-01 -5.56467652e-01 -1.07095647e+00
   3.70400488e-01 -2.74014771e-01 -6.43766940e-01  7.18794167e-01
  -5.40750086e-01  6.96873546e-01 -3.52469921e-01  6.80348635e-01
   2.32543063e+00 -4.87876177e-01 -6.90730631e-01 -6.51025593e-01
   4.08008136e-02 -4.71663684e-01 -3.26731205e-01 -2.42177248e-01
  -4.01444942e-01 -7.41787612e-01 -3.95426631e-01 -5.17629683e-01
  -8.65408219e-05 -2.64921606e-01 -4.39642400e-01 -3.78470600e-01
   3.10748070e-01  4.35194850e-01 -9.14965630e-01 -6.20819211e-01
  -5.80137372e-01 -2.09349692e-02 -4.32915241e-01  1.11106145e+00
   1.23093665e+00  5.46481013e-01 -2.57290035e-01 -7.54865482e-02
   2.19388723e-01  2.02928185e-01  1.59701979e+00  1.68824577e+00
  -1.38472557e-01 -8.28060210e-02 -5.77152669e-01 -7.90940225e-01
  -8.36195588e-01  1.79369330e-01 -3.54803413e-01  7.84284547e-02
  -1.56623960e-01 -2.34620720e-01 -9.52530280e-02 -4.75394398e-01
  -5.21568716e-01 -5.80247104e-01 -8.57626617e-01 -6.55568242e-01
  -4.00273502e-01 -6.79384410e-01  6.05700731e-01 -7.24657774e-01
  -4.77719218e-01  9.57519829e-01  5.42101860e-01 -4.27051723e-01
  -2.21876651e-01 -5.49418986e-01 -3.66507530e-01 -1.10414125e-01
   3.64508092e-01 -2.48288348e-01 -5.18894613e-01 -5.95440149e-01
  -5.11769235e-01 -8.55887353e-01 -4.01245356e-01  4.80354279e-01
   8.12232614e-01  3.43499959e-01 -6.03492320e-01  2.26221576e-01
  -2.79309064e-01  8.88414502e-01 -9.49508604e-03 -3.86297852e-01
   1.40859768e-01  4.85176653e-01 -3.13503534e-01 -3.78951937e-01]]