[[ 1.0439929   0.9768375   0.07248645 -0.12050223 -0.5714091  -0.78329754
  -0.89341766 -0.36132014 -0.19949563 -0.12249786 -0.5275102  -0.94952583
   0.35670424 -0.29383597 -0.6614748  -0.02531637  0.11097755  1.3083814
  -0.22351299  0.66205734  1.1997969  -0.57921654 -0.55483365 -0.5383754
   0.52437    -0.4133333   0.07133516 -0.29762876 -0.37635502 -0.7003874
   0.225368    0.08625451 -0.0738846  -0.47705266 -0.19279358 -0.13060984
   0.42414206  0.7713431  -0.8365674  -0.63356835 -0.42214304 -0.32352975
  -0.50547963  1.2201978   1.0359392   1.0936911  -0.28139514 -0.14070086
   0.03731066  0.13291831  2.1469142   1.7174357   0.04442857 -0.19624718
  -0.74657625 -0.6808042  -0.628897    0.4895045  -0.46000293  0.10669949
  -0.20818397 -0.36858103 -0.09486602 -0.41765764 -0.39499396 -0.4171412
  -0.8224366  -0.51824296 -0.45500195 -0.6348298  -0.40169784 -0.65097517
  -0.45378593  1.299355    0.4153552  -0.48325768 -0.35205737 -0.37810114
  -0.08889314 -0.29281446  0.20013697 -0.37211093 -0.3726497  -0.64019364
  -0.3119925  -0.79700553 -0.4793195   0.47559875  0.6437517   0.621332
  -0.42800775  0.06319609 -0.28494525  0.8763481  -0.21668491 -0.34330642
   0.02637096  0.748764    0.02265738 -0.28443187]]