[[ 1.0520265   1.005905    0.03438059 -0.2293464  -0.5915844  -0.8815811
  -1.0087864  -0.33068228 -0.14249982  0.10067137 -0.54490006 -0.98465383
  -0.06067771 -0.26644337 -0.61628735  0.10666796 -0.52185345  1.1661278
  -0.26013768  1.216508    1.634645   -0.5023847  -0.555541   -0.63603026
   0.27827406 -0.41981682 -0.3432399  -0.25075817 -0.37749133 -0.77644736
  -0.24909821 -0.4896329   0.18382478 -0.42514226 -0.5018631  -0.33849347
   0.7318878   0.4703791  -0.8300033  -0.58679146 -0.541866    0.06839339
  -0.47330704  1.1112968   1.6578097   0.7750106  -0.23040415 -0.02782555
   0.3748361   0.14662603  1.4186405   2.4267287  -0.06643201  0.0642694
  -0.7885505  -0.8258     -0.7751756   0.12590714 -0.3601145   0.27366778
  -0.19661012 -0.23941717  0.07213067 -0.40766755 -0.4599042  -0.6848797
  -0.9790805  -0.5983339  -0.45499504 -0.651259    0.38551164 -0.6879316
  -0.43828148  1.3939255   0.68727493 -0.15537387 -0.1780961  -0.37954086
  -0.33088532 -0.15401137  0.2869132  -0.3930385  -0.4427591  -0.64546925
  -0.38751432 -0.8236285  -0.41398183  0.8586446   0.8705275   0.8460703
  -0.54396     0.34483364 -0.01285967  0.65798706 -0.2727505  -0.34200206
   0.00335631  0.9742663  -0.09677877 -0.19925019]]