[[ 1.1596617   1.7799207   0.05006098 -0.17420444 -0.5630609  -0.80724883
  -1.1893461  -0.4227358  -0.27205813 -0.08911274 -0.51716256 -1.0635291
   0.06427729 -0.23389879 -0.6816714  -0.06287897 -0.519914    0.91292024
  -0.17896803  1.3542248   1.4902871  -0.54456    -0.5403302  -0.65557605
   0.8661335  -0.64179635  0.00690496 -0.5164754  -0.30787778 -0.881725
   0.30851614  0.4235783   0.19241506 -0.43910274 -0.46933973 -0.35073996
   0.11990152  0.25171176 -1.0302315  -0.5847417  -0.5250787  -0.15252581
  -0.4181675   1.6297714   2.421602    0.36588928 -0.34054214  0.61512077
  -0.06378412  0.15328279  1.1532271   2.9221144   0.02352485 -0.06478206
  -0.75786483 -0.78518003 -0.7863345   0.43826234 -0.4061213   0.3192982
  -0.10645314 -0.30172426  0.1677958  -0.38399813 -0.44175473 -0.6636024
  -0.9055846  -0.54724973 -0.42744824 -0.68001306 -0.06713694 -0.7592955
  -0.4237164   2.1187046   0.7775264  -0.5778862   0.06365906 -0.39739847
  -0.28316796  0.11076979  0.7759746  -0.3711134  -0.40823925 -0.6274184
  -0.4907181  -0.9230555  -0.3788993   1.4159423   0.4286133   0.9576404
  -0.528901    0.58747625 -0.17813696  0.2258142   0.29723546 -0.39279395
   0.02395349  1.2584288  -0.5130992  -0.32305568]]