[[ 0.7755485   1.12941     0.35787666 -0.20358987 -0.58509463 -1.0411087
  -0.92240936 -0.6504221  -0.0493324  -0.01398205 -0.4920101  -1.0017873
   0.84477544 -0.2467471  -0.5188458   1.0180402  -0.5835745   0.44795012
  -0.39486018  1.1399711   2.086156   -0.60522646 -0.7459714  -0.76810056
   0.09132993 -0.51850253 -0.48717722 -0.07540041 -0.40886676 -0.74687064
  -0.38957548 -0.45132524  0.04323246 -0.5225461  -0.45859686 -0.51862
   0.12977102  0.55348516 -0.9340045  -0.7772694  -0.5904889   0.05251086
  -0.41420567  0.34096208  2.502895    0.25890997 -0.09401103 -0.283179
   0.04252584  0.31561053  0.93253666  2.5485797   0.2839503  -0.22640191
   0.49601516 -0.14790472 -0.91530657  0.29952598 -0.15131032  0.46085307
  -0.22551921 -0.21348031  0.19231798 -0.11874598 -0.52926195 -0.71730024
  -0.8321062  -0.3859016  -0.2940753  -0.7521451   0.4017169  -0.7056685
  -0.36443967  1.5451881   1.1106106  -0.46962494 -0.41620755 -0.563406
  -0.24005874 -0.0943673   0.30793518  0.07663155 -0.49809155 -0.7081167
  -0.4169641  -0.8590659  -0.38633633  1.0247791   0.55126435  0.7550668
  -0.6217798   0.11584195 -0.46357214  1.0964876   0.18119152 -0.35420722
   0.16317655  1.1199094  -0.17842592 -0.4143636 ]]