[[ 0.9022132   1.0034112   0.45434338 -0.06404762 -0.64866155 -0.83729947
  -0.8200099  -0.44820797 -0.18696578 -0.20686172 -0.48379013 -0.9515686
   0.50917226 -0.26946756 -0.6634174   0.3517988  -0.17691293  0.75658137
  -0.3093469   0.84216666  2.0434527  -0.51615256 -0.72226405 -0.5976781
   0.14453293 -0.5361582  -0.32289788  0.03030255 -0.37437066 -0.61554354
  -0.17033    -0.3597768   0.08501805 -0.15662377 -0.12046638 -0.37181824
   0.31088278  0.48400393 -0.76228994 -0.6108294  -0.47984433 -0.29331505
  -0.41251546  1.0977648   1.2928135   1.0137618  -0.4069913  -0.24189474
  -0.03006007 -0.05221809  1.8102363   1.9131372   0.1512519  -0.03328879
  -0.6901723  -0.75072426 -0.8138639   0.19243248 -0.40607995  0.31549218
  -0.20806994 -0.37600118  0.04426448 -0.33742678 -0.44420534 -0.56492096
  -0.8244121  -0.39740673 -0.42761979 -0.62318265  0.21346657 -0.575694
  -0.45238933  1.4738845   0.95708346 -0.24524187 -0.4109784  -0.43056077
   0.06127074 -0.09001714  0.22399409 -0.34843802 -0.4140111  -0.6667063
  -0.3950686  -0.7252693  -0.46773607  0.5995396   0.14168033  0.34207445
  -0.5180443   0.32812887 -0.13374147  1.0135663   0.15242189 -0.33346483
   0.08880106  0.81704867  0.29625618 -0.42362216]]