[[ 0.97885495  0.2491599   0.8858589  -0.2835319  -0.73691154 -0.9149274
  -0.8413084  -0.34206295 -0.19073872 -0.25314257 -0.5757087  -1.0365616
  -0.10930634 -0.27258545 -0.64137     1.3750087  -0.5583072   0.5176503
  -0.42269638  0.6872639   2.879426   -0.38402373 -0.7948699  -0.5484839
  -0.03422872 -0.62862074 -0.4152602   0.02759237 -0.4024201  -0.61529785
  -0.21023713 -0.7007496   0.1291926   0.3088314  -0.50226396 -0.4479206
   0.03874858 -0.00320701 -0.8236306  -0.61002135 -0.5929358  -0.0885447
  -0.40500388  2.1922839   1.4799918   0.67761385 -0.4275324  -0.3042506
  -0.19757111 -0.14857486  1.0546811   1.7959626  -0.19428809 -0.01743538
  -0.7262532  -0.899514   -1.0512584  -0.13453177 -0.35920075  0.251045
  -0.19859557 -0.35021695  0.22046676 -0.48662794 -0.52405393 -0.63518643
  -0.9070651  -0.5841085  -0.47029662 -0.6097081   1.1744895  -0.66094166
  -0.44554657  1.1580824   1.0991304  -0.17900474 -0.35592988 -0.31481805
  -0.37435076 -0.00597687  0.304914   -0.47296232 -0.57248694 -0.734621
  -0.8088647  -0.8413746  -0.46309566  0.9004572  -0.16079842  0.8178318
  -0.6542709   0.5891476  -0.07805514  1.4641281   0.11909033 -0.43895072
  -0.07647095  0.87903297  0.24478023 -0.5169837 ]]