[[ 1.0647199   0.8455838   0.4368772  -0.15321125 -0.65826666 -0.8233032
  -0.9406183  -0.5007166  -0.3100446  -0.2188201  -0.5085862  -0.9672547
   0.5612342  -0.2453959  -0.58553135  0.5074461  -0.20373873  0.8271619
  -0.23757635  0.74817854  2.457014   -0.4526414  -0.6558485  -0.6208672
   0.18803191 -0.60044044 -0.4013605  -0.1107524  -0.25470233 -0.60244274
   0.01055232 -0.320594    0.03881693 -0.08485869 -0.02762196 -0.32009158
   0.18987001  0.13063207 -0.78514755 -0.62414885 -0.54009104 -0.21230125
  -0.37078658  1.2250423   1.4890903   0.90069866 -0.49341232 -0.31535795
  -0.35674214  0.07158367  1.6861796   1.898438    0.08194707  0.13406311
  -0.63838315 -0.7767565  -0.9279041   0.09069335 -0.3761482   0.22607781
  -0.26323113 -0.391817    0.1960327  -0.41076386 -0.46724933 -0.5124464
  -0.80717325 -0.45556155 -0.41657174 -0.64419454  0.57232994 -0.5676098
  -0.4159585   1.5734307   1.0877072  -0.36759672 -0.2977583  -0.30143595
   0.10146504 -0.1617775   0.46220323 -0.37531707 -0.43173164 -0.66442883
  -0.5589667  -0.75592846 -0.4802735   1.0168521  -0.28191355  0.5977081
  -0.49538666  0.4317137  -0.0965684   1.3635873   0.18633781 -0.3614085
   0.30112788  0.87865746  0.29895723 -0.55656725]]