[[ 1.3040291   0.5362789   0.09363674 -0.18777329 -0.5473768  -0.724583
  -0.7567584  -0.27957347 -0.23558396 -0.16192928 -0.46703324 -0.93490505
   0.48147076 -0.3196723  -0.5908264   0.09212231  0.3718378   1.3943179
  -0.12881859  0.63648784  0.737031   -0.58099854 -0.48585972 -0.51561385
   0.7533794  -0.36017495  0.16095069 -0.23991212 -0.30873635 -0.64249647
   0.43724453  0.2746133   0.01350125 -0.45367923 -0.3900344  -0.03398893
   0.33242083  0.77640826 -0.8331059  -0.62227947 -0.39906964 -0.32674146
  -0.4880656   1.4269949   1.1367556   1.3710637  -0.39887398 -0.19687892
  -0.03339809  0.17343035  2.271485    1.7568703   0.07115889 -0.17262314
  -0.70779735 -0.62168485 -0.65286785  0.615102   -0.4624212   0.09361478
  -0.18517989 -0.3945892  -0.02348263 -0.41377154 -0.3692366  -0.26389158
  -0.77575594 -0.49453396 -0.4685948  -0.56635624 -0.43452138 -0.67905635
  -0.42946705  1.4212952   0.34908345 -0.45233795 -0.29014048 -0.34606376
  -0.35037065 -0.34258917  0.33665237 -0.3447301  -0.37771988 -0.6407554
  -0.3965463  -0.75483793 -0.4847196   0.557848    0.30338737  0.6888916
  -0.35409477  0.02951751 -0.2716913   1.189277   -0.41168812 -0.33244723
  -0.14922917  0.91670257  0.13208151 -0.30250722]]