[[ 0.9697435   1.339159    0.3119948  -0.01407902 -0.68718547 -0.873482
  -1.0429434  -0.47618446 -0.1928933  -0.19425684 -0.60866255 -0.97025234
   0.28815222 -0.21614698 -0.58626163  0.2983273  -0.5305024   0.6560209
  -0.23844124  1.2522769   1.7409874  -0.51985115 -0.36786547 -0.68346554
   0.08219303 -0.32405066 -0.32076243 -0.4936452  -0.36910543 -0.7779934
  -0.27801344 -0.67203     0.10619532 -0.2166872  -0.0834294  -0.27719638
   0.45000726  0.24348496 -0.89875984 -0.57627445 -0.50063264 -0.4587527
  -0.51963925  1.0376918   1.9322913   0.3858523  -0.23685022 -0.43795457
  -0.03424535  0.34082827  1.0953447   2.7741697   0.36570013 -0.32595342
  -0.6615366  -0.7664511  -0.78526366  0.02993147 -0.39101326  0.2241853
  -0.27089453 -0.2805721   0.28641266 -0.20005102 -0.52794653 -0.59471995
  -0.84980965 -0.47902155 -0.4119594  -0.8483486  -0.13688263 -0.56289625
  -0.3808874   1.9999619   0.90300983 -0.65125257  0.28550106 -0.5125495
   0.2728131  -0.09005586  1.1148674  -0.24321586 -0.40550432 -0.5479275
  -0.2472429  -0.825641   -0.43902045  1.2309687   0.6917845   0.9649986
  -0.39389125  0.57549024 -0.09703129  0.23982556  0.15720467 -0.40337226
   0.26406735  1.0342788  -0.17636241 -0.39900264]]