[[ 1.1948949   0.7637013   0.39577568 -0.1547231  -0.63376594 -0.7954226
  -0.8234578  -0.37238464 -0.163535   -0.22210237 -0.50081426 -0.9490119
   0.3354321  -0.23268454 -0.5067994   0.43782318 -0.16206522  0.7055585
  -0.22837007  1.3000216   1.2166646  -0.4938158  -0.47310263 -0.6122597
   0.3952323  -0.29778603 -0.3781305  -0.30712757 -0.35430232 -0.6721707
  -0.08679696 -0.59269136  0.20172955 -0.06269368 -0.46194187 -0.2623007
   0.2524177   0.35442373 -0.8823657  -0.5686488  -0.4905692  -0.33953506
  -0.42101595  0.92419684  2.1124146   1.0452237  -0.3773064  -0.51547563
  -0.04938953  0.25291616  1.3225423   2.735195    0.20687671 -0.2613862
  -0.6279875  -0.7123045  -0.8568384   0.06866849 -0.3845436   0.1974638
  -0.23910093 -0.32927054  0.20462416 -0.30228758 -0.43200222 -0.51418436
  -0.83816063 -0.4149649  -0.41074455 -0.71887946  0.01484965 -0.6009345
  -0.37384057  2.080709    0.96717685 -0.524726   -0.03999084 -0.4551924
  -0.243064   -0.21619527  0.8668369  -0.26417702 -0.45460248 -0.60950595
  -0.42635584 -0.74086326 -0.4256384   1.1389242   0.34989503  0.83698344
  -0.3750787   0.45515543 -0.10946897  0.8629068  -0.08340925 -0.35325414
  -0.09805351  1.1725386   0.07573627 -0.38142782]]