[[ 1.6846646   1.1143037   0.21099655 -0.16853556 -0.68753135 -0.95909023
  -0.9554284  -0.6021586  -0.28509313 -0.11016997 -0.5439717  -0.95326847
   0.4304889  -0.22722566 -0.6296317   0.45242736  0.08486257  0.83641994
  -0.33671916  1.3250035   1.4939381  -0.5609414  -0.6339318  -0.7153142
   0.46848026 -0.47309285 -0.369192    0.033821   -0.45169303 -0.6377574
   0.02015711 -0.55238444  0.27448726 -0.26901194 -0.16437854 -0.34450346
   0.26841962  0.38404903 -0.7894211  -0.6568348  -0.49597642 -0.42279154
  -0.35978773  0.58308995  2.2223492   1.5749604  -0.39283353 -0.43753242
  -0.2868131   0.1491697   1.9094726   2.9998503   0.1061292  -0.3166224
  -0.6064765  -0.7191251  -0.96544176  0.023585   -0.4215807   0.11663444
  -0.26531085 -0.36730343  0.45762795 -0.34055614 -0.4849611  -0.6414472
  -0.8554317  -0.46056804 -0.39194283 -0.7761933   0.19167247 -0.592778
  -0.3637725   2.6370482   1.2954922  -0.28069705 -0.16210105 -0.40162608
   0.04378581 -0.09288014  0.64421564 -0.20387226 -0.40005732 -0.6993529
  -0.31791377 -0.74747646 -0.4370404   1.2950332   0.15023085  0.84062886
  -0.4578557   0.42545605 -0.08797004  1.6060698  -0.12600529 -0.3084268
   0.06714223  1.3243004   0.6656465  -0.48910445]]