[[ 1.016767    0.43007287  0.77607954 -0.20166576 -0.6836199  -0.828581
  -0.67983943 -0.36150604 -0.11490932 -0.37055302 -0.46098408 -1.0002524
   0.50523025 -0.27229327 -0.55833375  1.0766108  -0.09903899  0.48933068
  -0.30040148  0.540789    2.346168   -0.440619   -0.78012055 -0.5336973
   0.30037647 -0.5953892  -0.39864022  0.07929259 -0.31526372 -0.57025707
  -0.20080173 -0.3458575   0.12218758  0.20418963 -0.29383776 -0.37554884
  -0.05452598  0.27942958 -0.8345492  -0.5885372  -0.5040385   0.00679389
  -0.3700244   1.6858217   1.4781864   0.9009441  -0.40758136 -0.36193827
  -0.19440714 -0.1268786   1.3894272   1.5677578   0.04717478  0.1779195
  -0.4092334  -0.67867464 -0.9114899   0.15399428 -0.19222327  0.32551455
  -0.1937968  -0.4239395   0.02264761 -0.3486991  -0.4630899  -0.4823016
  -0.8134687  -0.4071474  -0.40785998 -0.5405902   0.6927888  -0.59746706
  -0.45862842  1.4541417   1.0978936  -0.41491127 -0.44376087 -0.49703535
  -0.17388828 -0.1710024   0.24590227 -0.38926715 -0.51972705 -0.6671409
  -0.6594127  -0.7080712  -0.47734722  0.6600905  -0.4420218   0.23773749
  -0.53574514  0.4664539  -0.31168878  1.1976112   0.3488327  -0.38178846
   0.04454836  0.91219306 -0.00476602 -0.4838396 ]]