[[ 9.85581279e-01  1.51139522e+00 -1.20414309e-02 -2.20717326e-01
  -5.69028258e-01 -7.56996334e-01 -1.25367582e+00 -5.79044282e-01
  -3.29413295e-01  1.48381069e-02 -5.94905913e-01 -9.52300787e-01
  -2.65368372e-01 -2.75663912e-01 -7.96762645e-01 -2.60188699e-01
  -3.72698188e-01  1.07823741e+00 -3.97481829e-01  7.34455645e-01
   2.20299315e+00 -6.02375090e-01 -7.52552032e-01 -6.21189594e-01
   6.68188632e-01 -9.35044527e-01 -1.39794230e-01 -1.67977549e-02
  -3.48598808e-01 -6.97896361e-01  7.35693932e-01  3.96440983e-01
  -1.26472786e-01 -5.51404953e-01 -1.41061887e-01 -5.58893144e-01
  -3.32823023e-02  1.74355626e-01 -7.46899188e-01 -6.31138444e-01
  -5.20233572e-01 -3.97260219e-01 -3.97646517e-01  1.20424879e+00
   1.28394222e+00  7.44320452e-01 -4.26419437e-01  5.60700774e-01
  -5.28663218e-01 -1.56997785e-01  1.71881795e+00  1.85222983e+00
  -4.51051652e-01 -3.26073140e-01 -7.54730225e-01 -6.49829209e-01
  -7.53758967e-01  1.77061796e-01 -4.50046331e-01 -3.56410071e-02
  -8.64124447e-02 -4.07894820e-01  2.78498888e-01 -5.91828525e-01
  -4.42813575e-01 -7.37435222e-01 -8.42576861e-01 -5.90826750e-01
  -4.45250541e-01 -6.41143501e-01  1.86163440e-01 -6.77254915e-01
  -4.29312199e-01  1.20754433e+00  5.63096881e-01 -2.06908107e-01
  -3.08443248e-01  5.90927154e-03 -1.18534803e-01  1.20933354e-01
   1.33143272e-02 -4.32607859e-01 -3.10464948e-01 -7.71391094e-01
  -6.06453955e-01 -9.09611583e-01 -4.83040333e-01  9.77923810e-01
  -1.92573205e-01  9.08461094e-01 -6.49206638e-01  3.55143487e-01
   3.57973091e-02  1.56580508e+00  1.64344475e-01 -3.59973192e-01
  -7.44644552e-04  5.77334344e-01  5.49869955e-01 -4.51390773e-01]]