[[ 0.5381006   0.5685377   0.38665536 -0.20850578 -0.5843761  -0.87444216
  -0.8521927  -0.49456424 -0.20061782 -0.24326968 -0.44620425 -1.006262
   0.77406967 -0.27615112 -0.5270195   0.858383   -0.4724055   0.5736144
  -0.28452587  0.4624683   2.3124838  -0.5042238  -0.6800696  -0.6321843
   0.14075105 -0.57286614 -0.42541382 -0.1582579  -0.2789026  -0.6754191
  -0.35659042 -0.1784632  -0.07544938 -0.2699902  -0.34645346 -0.41906244
   0.04266285  0.23797083 -0.8696212  -0.6715793  -0.6076235   0.08514768
  -0.41604173  0.92684036  1.4237843   0.17090416 -0.19095647 -0.2209201
  -0.15083647  0.18226269  1.0774608   1.3679148   0.05150859  0.19691435
  -0.10875961 -0.49390954 -0.8669189   0.3232771  -0.18578155  0.28958985
  -0.24177964 -0.3051021  -0.07657666 -0.26207843 -0.47875446 -0.5273958
  -0.7811153  -0.47164005 -0.35796642 -0.6300854   0.63494176 -0.6530154
  -0.44816718  0.9226451   0.795648   -0.340532   -0.43125853 -0.4870305
  -0.21640092 -0.19431095  0.22929251 -0.22062485 -0.47575885 -0.56471014
  -0.55770576 -0.78292596 -0.42340916  0.53625846  0.10440303  0.18656248
  -0.56383127  0.17539772 -0.3700917   0.840573    0.2195948  -0.38769433
   0.21177058  0.6217551  -0.3532837  -0.4592155 ]]