[[ 0.5710486   0.5393153   0.55695724 -0.19149873 -0.60252327 -0.81607795
  -0.770409   -0.45803872 -0.11506692 -0.36213794 -0.352004   -0.98789126
   0.57978    -0.24371225 -0.5761054   0.75307405 -0.49456856  0.36748016
  -0.2317771   0.51616704  2.359366   -0.47970113 -0.6874864  -0.5851656
   0.05976414 -0.58644336 -0.39130402 -0.02582045 -0.27082467 -0.6462525
  -0.34723726 -0.29163128 -0.00622061 -0.10353898 -0.31300032 -0.43871412
  -0.03347681  0.28995186 -0.8494418  -0.6256537  -0.55819297  0.05221281
  -0.40710157  1.2037343   1.5970451   0.2552922  -0.3371382  -0.22876048
   0.00487164 -0.10729174  1.2008796   1.5423136   0.0676972   0.18533665
  -0.06946045 -0.44807738 -0.783977    0.26287895 -0.16474716  0.3588068
  -0.16583475 -0.2970295  -0.04013248 -0.31818897 -0.47054124 -0.5241669
  -0.83291215 -0.49527043 -0.40056026 -0.61243135  0.5002965  -0.60935307
  -0.44871616  1.2309024   0.83108985 -0.37599537 -0.26879704 -0.4934861
  -0.13294944 -0.1311263   0.31662774 -0.40134242 -0.43890986 -0.6036616
  -0.54486376 -0.7381067  -0.47953922  0.6079027  -0.07924433  0.21669143
  -0.55008245  0.2870631  -0.33237347  0.6560704   0.36298558 -0.40787575
   0.0873737   0.64876777 -0.29698282 -0.42042735]]