[[ 1.216235    0.75935566 -0.06345996  0.0220177  -0.5007542  -0.82150877
  -0.8881618  -0.43714342 -0.27925423 -0.25414565 -0.28611636 -0.8769742
   0.3128081  -0.33425307 -0.66381603 -0.25877413 -0.40326393  0.6633813
  -0.12532055  0.8602123   1.7203494  -0.50624233 -0.60139304 -0.657492
   0.0111517  -0.51771086 -0.20088021 -0.30056453 -0.18757723 -0.71635324
  -0.28109926 -0.19961028  0.29635844 -0.48428345 -0.3386305  -0.38364744
   0.25779143  0.47033462 -0.83413124 -0.36422592 -0.5518779  -0.07240483
  -0.4432207   0.8789471   1.8365948   0.87542045 -0.40049383  0.08803119
   0.19131933 -0.08992078  2.1235585   2.0821521  -0.14416324  0.08433822
  -0.7264425  -0.71093    -0.7200299   0.90301794 -0.34583664  0.19664723
  -0.17375349 -0.01635074 -0.04646168 -0.44106564 -0.40989974 -0.6103125
  -0.98365396 -0.60933656 -0.4212018  -0.64092696  0.10473897 -0.6465888
  -0.4628335   1.5611521   0.5007142  -0.09953505 -0.22920689 -0.36746514
  -0.32301193 -0.17267615  0.3828898  -0.45774555 -0.43490976 -0.5715292
  -0.4330014  -0.7800632  -0.42350334  0.83054006  0.5309466   0.8441078
  -0.49490696  0.1776756  -0.26634     1.0103602  -0.28027165 -0.32591507
   0.03407944  0.80310225 -0.16985032 -0.35156238]]