[[ 4.52538133e-01  4.80391890e-01  8.94117475e-01 -2.90723711e-01
  -7.09223628e-01 -1.02832019e+00 -7.40040123e-01 -4.98813599e-01
  -5.78017235e-02 -3.31570446e-01 -4.41524923e-01 -1.11867356e+00
   8.14188182e-01 -2.85200953e-01 -5.94147325e-01  1.75179744e+00
  -5.49641550e-01  3.82318825e-01 -4.13336068e-01  4.65760767e-01
   3.35807467e+00 -4.84985888e-01 -9.49290454e-01 -6.49048746e-01
  -6.14185398e-03 -7.09460676e-01 -4.26974773e-01  2.55755693e-01
  -3.78764987e-01 -6.57018006e-01 -4.98656869e-01 -3.61207008e-01
  -1.27812298e-02  8.30009580e-02 -4.02010858e-01 -5.16508281e-01
  -2.16088351e-02  3.46539825e-01 -9.51047301e-01 -7.39307761e-01
  -6.13133967e-01  2.61679798e-01 -3.68955940e-01  1.74180508e+00
   1.62273335e+00  3.30019355e-01 -2.82394677e-01 -2.31357768e-01
  -2.94780880e-02 -2.89371200e-02  1.14792752e+00  1.46628380e+00
   2.25938726e-02  1.67894602e-01  3.51150364e-01 -3.27580601e-01
  -1.03079021e+00  1.67401418e-01 -1.12475120e-01  3.70278746e-01
  -1.28614962e-01 -2.80514449e-01 -1.38651161e-03 -3.40584546e-01
  -5.83924413e-01 -6.12541735e-01 -8.62748146e-01 -5.41204453e-01
  -3.79261345e-01 -6.00973785e-01  1.19816446e+00 -7.09613025e-01
  -4.83476132e-01  1.00456476e+00  1.25586402e+00 -3.75806242e-01
  -5.33505976e-01 -6.05809808e-01 -2.40606353e-01 -2.79982202e-03
   1.16032325e-01 -2.43258700e-01 -5.90121865e-01 -7.18666494e-01
  -7.88844585e-01 -8.20830464e-01 -4.73569304e-01  4.85855907e-01
  -1.69155538e-01  7.51841348e-03 -7.23240197e-01  3.85617793e-01
  -4.55907941e-01  1.21996570e+00  6.69612408e-01 -4.36651289e-01
   1.74996942e-01  7.03894854e-01 -3.16938162e-01 -5.37684500e-01]]