[[ 1.2154583   0.90009224  0.03100141 -0.23558247 -0.57082015 -0.8112149
  -0.9272798  -0.3109953  -0.12743908 -0.21211596 -0.4882137  -0.9845163
  -0.1149323  -0.26300275 -0.58822113  0.08688215 -0.50001425  0.36533228
  -0.20554043  1.4551766   1.3726736  -0.46976355 -0.5550294  -0.67757076
   0.19361812 -0.3726552  -0.41851217 -0.24937835 -0.3379072  -0.74750924
  -0.314133   -0.6130523   0.44488665 -0.37889963 -0.48564065 -0.39961657
   0.15334427  0.43878603 -0.8176012  -0.56725067 -0.5615314   0.03871911
  -0.43083647  0.5285885   2.4603596   0.64453465 -0.2694889  -0.10341028
   0.38924828 -0.02502161  1.2048739   3.0074942  -0.03082902  0.03135971
  -0.65721184 -0.74429363 -0.76220185  0.06461991 -0.34561458  0.32848486
  -0.1956939  -0.2617696   0.30260265 -0.38682884 -0.45241302 -0.6421557
  -0.9283648  -0.51312196 -0.39688504 -0.63767636  0.35229293 -0.60392565
  -0.3640946   2.0299773   0.6854521  -0.19732383 -0.02437373 -0.41848505
  -0.20095928  0.02270061  0.74775404 -0.34194103 -0.46406713 -0.58719414
  -0.3528348  -0.7983864  -0.3513686   1.1430426   0.60281307  0.96120095
  -0.46173233  0.38267803 -0.0629312   0.7394019  -0.22935717 -0.33135593
  -0.05241618  1.1905409   0.11850759 -0.19843067]]