[[ 2.75982946e-01  6.75706208e-01  1.48031488e-01 -5.36115468e-01
  -6.04686677e-01 -1.18449032e+00 -8.74394655e-01 -8.57219279e-01
  -4.69071060e-01  7.27802366e-02 -5.12949824e-01 -1.07100904e+00
   1.28360951e+00 -2.76943117e-01 -5.11432111e-01  1.55790448e+00
  -5.18936634e-01  8.04187000e-01 -4.48024094e-01  5.49432099e-01
   2.62220645e+00 -5.90668201e-01 -8.24560940e-01 -7.77593553e-01
  -7.07959086e-02 -5.59492230e-01 -4.02892828e-01  3.65427434e-01
  -4.46859837e-01 -6.11671984e-01 -4.22261834e-01 -4.41174030e-01
  -2.48161033e-01 -4.92658824e-01 -4.29343313e-01 -4.32301372e-01
   4.13406432e-01 -3.77253070e-02 -6.89716220e-01 -8.49012613e-01
  -6.81733966e-01 -2.26999998e-01 -3.17594469e-01  5.62347412e-01
   1.02168500e+00  2.15389580e-01 -2.94553757e-01  8.59078839e-02
  -3.52572858e-01  6.76038921e-01  8.29612195e-01  1.42218387e+00
  -3.95403169e-02 -3.35738271e-01 -1.77943021e-01 -6.52765930e-01
  -1.06129742e+00 -1.42535865e-01 -3.30660850e-01 -1.05715774e-01
  -2.24855781e-01 -3.52096736e-01  1.14866413e-01 -4.18969065e-01
  -6.00157619e-01 -6.31644666e-01 -6.03681982e-01 -5.93428373e-01
  -3.37009817e-01 -7.58182287e-01  1.41479313e+00 -7.24985540e-01
  -4.35449481e-01  6.56994343e-01  1.08120072e+00  9.14994553e-02
  -3.38583827e-01 -5.60812712e-01 -3.37375581e-01  3.31274047e-02
   1.22623213e-01  2.18872577e-01 -4.68874365e-01 -6.51329696e-01
  -5.66040158e-01 -7.81939745e-01 -3.56226534e-01  4.29278433e-01
   1.76342741e-01 -2.23064190e-03 -6.81918442e-01  1.14591211e-01
  -7.39433542e-02  1.78008533e+00 -1.83636509e-02 -3.85061115e-01
   4.37551558e-01  4.48834896e-01  1.37159944e-01 -6.09090805e-01]]