[[ 1.37409389e+00  5.53594649e-01  3.67622077e-01  1.60020024e-01
  -6.28653884e-01 -8.51508021e-01 -7.41529047e-01 -5.57711065e-01
  -7.48900697e-03 -2.26425424e-01 -4.30744261e-01 -8.95844877e-01
   9.24253464e-01 -2.95423061e-01 -4.81751621e-01  4.24395323e-01
  -2.73450345e-01  1.03020835e+00 -2.74115980e-01  8.74692976e-01
   1.56164551e+00 -6.10373914e-01 -6.00334942e-01 -6.65628493e-01
   3.84881973e-01 -4.62459415e-01 -2.24291131e-01 -2.97257975e-02
  -2.89004445e-01 -7.21141875e-01 -7.59462863e-02 -2.23738849e-01
   2.03914627e-01 -5.25218427e-01 -2.64805049e-01 -3.37784618e-01
   6.37168586e-01  6.12656772e-01 -8.66408348e-01 -6.67806923e-01
  -5.02465189e-01 -9.51627493e-02 -5.12819707e-01  8.26860249e-01
   1.35917389e+00  1.01157796e+00 -1.90257117e-01 -3.03037167e-01
  -7.71913156e-02  1.58797070e-01  2.16934943e+00  1.51740468e+00
   5.47016263e-01  1.53580323e-01  1.06221870e-01 -2.68181503e-01
  -6.63603187e-01  8.91362071e-01 -1.77035436e-01  6.63789451e-01
  -2.90108442e-01 -1.01229161e-01  9.33267474e-02 -1.83061108e-01
  -4.05799150e-01 -5.32167256e-01 -8.14024746e-01 -2.57602036e-01
  -3.99135947e-01 -6.05700910e-01 -4.90810722e-02 -6.20855451e-01
  -4.51260984e-01  1.36269736e+00  9.82599199e-01 -2.46905208e-01
  -6.33617580e-01 -4.58669662e-01 -1.06945194e-01 -1.61668807e-01
   2.33438015e-01 -1.03502460e-01 -3.73871803e-01 -6.52424753e-01
  -3.90281945e-01 -8.17431629e-01 -5.23108900e-01  4.77370977e-01
  -5.44339418e-04  9.95535374e-01 -4.69268769e-01  5.28812855e-02
  -2.70331800e-01  1.17554021e+00  2.09453315e-01 -3.27899218e-01
   4.28898335e-02  1.12394583e+00  1.24862827e-01 -4.05015469e-01]]