[[ 7.3386419e-01  7.8178656e-01  6.0259557e-01 -7.6376788e-02
  -6.2373435e-01 -8.9336932e-01 -8.6982518e-01 -4.4515130e-01
  -2.4279654e-01 -2.7881327e-01 -5.3127396e-01 -1.0344687e+00
   5.7567394e-01 -2.5758141e-01 -6.8217087e-01  9.5658439e-01
  -2.3550105e-01  9.9477321e-01 -2.7384999e-01  8.4434474e-01
   2.5248358e+00 -4.6095148e-01 -7.2180212e-01 -5.9352911e-01
   9.7641774e-02 -5.9320289e-01 -3.4538496e-01 -6.5276995e-02
  -2.9290718e-01 -6.0131580e-01 -2.3080833e-01 -3.2806021e-01
   8.5220918e-02  1.3900419e-01 -1.2267443e-01 -3.3256307e-01
   5.8546889e-01  2.1678704e-01 -8.5072666e-01 -6.4965117e-01
  -5.3756326e-01 -2.8071627e-01 -3.9804909e-01  1.8013449e+00
   1.0153873e+00  1.0447857e+00 -4.8096478e-01 -3.3000842e-02
  -3.0821732e-01  9.6831679e-02  1.7629061e+00  1.8559608e+00
   5.1203586e-02  1.2527084e-03 -7.2009236e-01 -8.3103681e-01
  -8.0260658e-01  2.9381851e-02 -3.9211878e-01  1.8515576e-01
  -1.2663752e-01 -3.1259912e-01  1.9115075e-02 -4.9400380e-01
  -5.2438539e-01 -5.4665053e-01 -8.6142945e-01 -5.3173465e-01
  -4.6464926e-01 -6.5996349e-01  6.0647154e-01 -5.9051764e-01
  -5.0396842e-01  1.2640541e+00  1.2155272e+00 -4.8241892e-01
  -1.7829971e-01 -5.2441967e-01  5.8548383e-02 -5.4052968e-02
   3.4268424e-01 -4.2314756e-01 -4.7376508e-01 -6.5823001e-01
  -5.5715775e-01 -7.4453861e-01 -5.1355827e-01  6.4867419e-01
  -1.1462511e-01  3.3075735e-01 -5.3797299e-01  5.8276784e-01
  -2.0681337e-01  1.1145318e+00  4.7678944e-01 -4.1376171e-01
   2.9229680e-01  8.2137382e-01  4.7373608e-02 -5.4828316e-01]]