[[ 4.2801011e-01  4.3152612e-01  8.2835007e-01 -2.0543949e-01
  -6.8071342e-01 -9.0465081e-01 -6.6101134e-01 -3.5531360e-01
  -1.9990036e-02 -4.1940495e-01 -4.3959227e-01 -1.0236543e+00
   5.9871608e-01 -2.8427008e-01 -5.3706610e-01  1.3090669e+00
  -4.2929089e-01  4.7020641e-01 -3.5012087e-01  5.1295274e-01
   2.6457081e+00 -5.0525111e-01 -8.1666428e-01 -5.5589765e-01
   6.6728510e-02 -5.7614750e-01 -2.8301204e-02  1.9373745e-01
  -3.5339022e-01 -6.6803592e-01 -2.9658371e-01 -6.4055637e-02
   1.3066642e-04  8.5632890e-02 -4.5983446e-01 -2.7913046e-01
   1.2999002e-02  4.2819414e-01 -9.2484885e-01 -6.2276363e-01
  -5.0269163e-01  3.2591622e-02 -4.3299767e-01  2.0642512e+00
   1.2982495e+00  2.1369781e-01 -3.2005563e-01 -1.5255591e-01
  -1.4653342e-02  2.1615189e-03  1.2164398e+00  1.3212465e+00
   1.2633799e-01  5.6994591e-02  5.5687208e-02 -3.5661146e-01
  -8.9665699e-01  5.6323242e-01 -2.2854505e-01  3.8752401e-01
  -1.6952400e-01 -2.7197742e-01 -1.3771835e-01 -4.0721071e-01
  -4.7502449e-01 -4.6025327e-01 -8.6668122e-01 -4.8406813e-01
  -4.0605661e-01 -4.8936573e-01  6.5735972e-01 -6.6288447e-01
  -4.8820147e-01  8.8834333e-01  1.0144306e+00 -2.8791338e-01
  -6.0545623e-01 -5.3965425e-01 -2.9617345e-01 -6.4716116e-02
   1.5800625e-01 -3.3018079e-01 -5.3594106e-01 -6.6772473e-01
  -6.9717848e-01 -8.0322444e-01 -4.7549933e-01  4.0856269e-01
  -6.8703070e-03  2.7405006e-01 -5.8833230e-01  3.2514253e-01
  -2.5558108e-01  9.4680494e-01  4.6863720e-01 -4.4720665e-01
  -2.7878562e-02  7.7599317e-01 -3.5076272e-01 -4.7689515e-01]]