[[ 6.0321510e-01  1.1884736e+00  1.3753943e-02 -9.9096380e-02
  -6.2435025e-01 -1.0959418e+00 -1.1281801e+00 -6.8334788e-01
   1.4864797e-02 -1.2558469e-01 -5.5509079e-01 -9.7507870e-01
   1.6188869e-01 -2.5681484e-01 -5.5668992e-01  4.3830690e-01
  -6.7878389e-01  7.7905601e-01 -5.3086847e-01  9.6412009e-01
   2.6854341e+00 -6.7498124e-01 -8.5216248e-01 -7.5962460e-01
   2.1112107e-01 -6.0252583e-01 -4.0868390e-01  3.0506784e-01
  -5.2165651e-01 -9.2670387e-01 -3.7444648e-01 -2.7190566e-01
  -7.9904146e-02 -6.3850141e-01 -2.9567236e-01 -5.9305418e-01
   2.3747067e-01  8.3888966e-01 -9.6340084e-01 -7.6844931e-01
  -6.4950812e-01  1.6591558e-01 -4.7785965e-01  1.2938190e-01
   2.0485909e+00  1.6932788e-01  2.2953680e-01  2.1843699e-01
   1.2765837e-01  4.6681352e-02  1.3929831e+00  1.8513275e+00
  -2.3418999e-01 -3.4705284e-01  5.3953850e-01 -2.0814011e-01
  -6.9106364e-01  4.2355555e-01  4.6593349e-02  7.4979305e-02
  -2.1198122e-01  1.3375010e-01  1.9896373e-02 -3.1592643e-01
  -5.0442320e-01 -8.7469828e-01 -1.0100605e+00 -6.1758143e-01
  -2.7189800e-01 -7.6857454e-01  4.9970776e-01 -7.8837413e-01
  -4.6941653e-01  1.2860553e+00  1.0132022e+00 -1.1305832e-03
  -5.1744920e-01 -4.0437225e-01 -6.5255634e-02  1.4809972e-01
   2.2521456e-01 -1.4950506e-01 -3.8363689e-01 -6.1804116e-01
  -4.8755676e-01 -9.9588060e-01 -4.3025231e-01  6.0109979e-01
   1.0523190e+00  9.2511988e-01 -7.4629670e-01  8.6300157e-02
  -2.7134132e-01  1.0956016e+00  4.4717112e-01 -3.9093620e-01
   2.2879967e-01  6.2103254e-01 -1.2902567e-01 -3.6117348e-01]]