[[ 1.1063274   0.6427798   0.49184886 -0.24383761 -0.63574094 -0.83351296
  -0.8188415  -0.5613519  -0.21912238 -0.24497436 -0.37215227 -0.97451
   0.5785237  -0.2786357  -0.61113137  0.6717518   0.03913341  0.7522226
  -0.33501837  0.66287756  2.2716208  -0.5252012  -0.8059201  -0.623191
   0.33781642 -0.63808614 -0.37180766  0.2949578  -0.33235207 -0.542746
   0.10768074 -0.29402003 -0.0122702  -0.15956943 -0.19337387 -0.4336335
   0.01960487  0.47451192 -0.7397687  -0.6949047  -0.4988612  -0.21611781
  -0.35504404  1.0221525   1.3877505   1.2944368  -0.46907428 -0.3569779
  -0.27695942 -0.10421694  2.0620775   1.7629478  -0.0202513  -0.0861645
  -0.16909406 -0.47982535 -0.91241133  0.14447452 -0.3099426   0.17328633
  -0.23596826 -0.37136275  0.20492278 -0.43777806 -0.4460876  -0.53186446
  -0.80891967 -0.45952898 -0.4210866  -0.6134931   0.4712702  -0.6159302
  -0.4149579   1.4265352   0.96885854 -0.16521904 -0.4577601  -0.29808202
  -0.12371053 -0.11825917  0.1741718  -0.3291791  -0.43150043 -0.7505706
  -0.5664598  -0.7447536  -0.50265765  0.7051561  -0.2983654   0.3694927
  -0.5461766   0.29346782 -0.13584685  1.8832009   0.14632654 -0.34482494
  -0.00298819  0.7775723   0.5738     -0.55975866]]