[[ 7.57117867e-01  7.96180606e-01  8.05620313e-01 -2.32090876e-01
  -7.05202758e-01 -8.59717846e-01 -7.66453564e-01 -3.92019540e-01
  -1.24077015e-01 -3.41321915e-01 -4.85441089e-01 -1.08509076e+00
   3.27354074e-01 -2.87346393e-01 -7.00740457e-01  1.13740289e+00
  -1.80334225e-01  6.15468740e-01 -4.04346257e-01  4.46981758e-01
   2.75874114e+00 -4.91650671e-01 -9.08079982e-01 -5.15756667e-01
   3.84696662e-01 -7.14338064e-01 -2.30185941e-01  1.31661639e-01
  -3.88718188e-01 -6.22538447e-01  8.67599901e-03 -7.68686682e-02
  -2.11981758e-02  1.90348551e-01 -3.17073941e-01 -4.33658510e-01
  -1.25641167e-01  4.85764951e-01 -8.78264844e-01 -6.54144824e-01
  -4.90027398e-01 -1.75805166e-01 -3.93275231e-01  2.13489223e+00
   1.04264987e+00  8.61402690e-01 -4.56889212e-01 -5.89037761e-02
  -1.09254874e-01 -1.75052762e-01  1.61128223e+00  1.32995164e+00
  -1.07841775e-01 -1.08248115e-01 -5.06371677e-01 -7.09081113e-01
  -9.44821179e-01  1.50330171e-01 -3.18483949e-01  2.12788180e-01
  -1.05840124e-01 -4.32912141e-01 -5.45111075e-02 -4.99946833e-01
  -4.91088212e-01 -5.84139466e-01 -8.39661777e-01 -4.89607513e-01
  -4.47419018e-01 -5.54680586e-01  5.81683934e-01 -6.88959301e-01
  -4.98342276e-01  1.07864034e+00  9.29786921e-01 -4.10366118e-01
  -5.45428157e-01 -4.85171586e-01 -2.38136142e-01  1.81990024e-02
  -2.84814904e-03 -4.06078815e-01 -5.23648679e-01 -7.40256011e-01
  -6.92084849e-01 -8.09773505e-01 -4.93537992e-01  4.16756272e-01
  -1.88591152e-01  1.17325380e-01 -6.46953940e-01  4.65191811e-01
  -3.00698727e-01  1.20419276e+00  4.93694156e-01 -4.07224268e-01
  -7.52034932e-02  6.53368711e-01 -1.88049790e-03 -5.00929594e-01]]