[[ 1.3705791   0.8134428   0.16727205 -0.12137914 -0.566345   -0.7572183
  -0.8097896  -0.36404392 -0.12558287 -0.21192597 -0.4689937  -0.8765278
   0.19304219 -0.24723458 -0.5098329   0.10578195 -0.15408003  0.5627988
  -0.18378405  1.2775621   0.81335735 -0.5339882  -0.4545891  -0.6078646
   0.37496144 -0.2751025  -0.3951096  -0.17451383 -0.34441948 -0.670345
  -0.04362709 -0.57713634  0.19740768 -0.36362985 -0.42299262 -0.31352508
   0.13437833  0.4664274  -0.76231587 -0.5576708  -0.4612707  -0.33845165
  -0.44117972  0.4274016   2.1560216   0.8971864  -0.35959628 -0.3952852
   0.05973238  0.10002872  1.3242188   2.7419622   0.19749321 -0.29209307
  -0.5951812  -0.6326118  -0.7197737   0.09624047 -0.37477285  0.23089258
  -0.21405949 -0.28779727  0.25519866 -0.28199276 -0.4047436  -0.5406563
  -0.7956414  -0.37381607 -0.40799955 -0.6914238  -0.18043664 -0.5558981
  -0.34753174  2.1230266   0.80329317 -0.26444414 -0.05695499 -0.3870921
  -0.17886706 -0.15954435  0.8161814  -0.26123193 -0.38446513 -0.59024066
  -0.24061382 -0.7381198  -0.40631664  1.1550066   0.36924368  1.0651464
  -0.3420712   0.28407437 -0.02624427  0.87784624 -0.29231057 -0.3287564
  -0.1435859   1.1916848   0.25563    -0.28987423]]