[[ 1.3088351   0.49280402  0.53772986 -0.29865706 -0.7084214  -0.85668814
  -0.8749379  -0.45551392 -0.24709733 -0.15857385 -0.53343266 -0.92780876
   0.20420963 -0.21451586 -0.44903105  0.9375709  -0.22455773  0.91641265
  -0.28787974  1.1999797   1.8989147  -0.48020506 -0.5599013  -0.6061895
   0.31721702 -0.3779809  -0.39395326  0.12586191 -0.3400636  -0.59361845
   0.0999728  -0.6867816   0.11379517  0.06873146 -0.41300386 -0.25253367
   0.32170618  0.02296033 -0.7310289  -0.6001684  -0.5171973  -0.42161217
  -0.3705739   1.3734082   1.7624131   1.0922048  -0.45901012 -0.48145568
  -0.43852833  0.29516402  1.1482446   2.4491465   0.04879188 -0.39955023
  -0.61528605 -0.7641313  -0.9952625  -0.21141976 -0.392606    0.02569753
  -0.25445566 -0.31978083  0.44481146 -0.5215253  -0.4566366  -0.5632817
  -0.7833477  -0.49381763 -0.42506826 -0.67498994  0.6687554  -0.58332855
  -0.3433499   1.8505247   1.2416916  -0.1390173  -0.09834587 -0.26330602
  -0.26160625 -0.01097402  0.845547   -0.21707484 -0.43522215 -0.6977523
  -0.6195694  -0.762566   -0.44157842  1.3329318  -0.15702306  1.1720715
  -0.45019543  0.5666294   0.22698481  1.70729    -0.13239813 -0.35441357
  -0.06974077  1.1811306   0.6501347  -0.52410233]]