[[ 1.1139029   0.53488123  0.79712564 -0.11723179 -0.7000774  -0.83499706
  -0.7729508  -0.34945434 -0.17442699 -0.25490153 -0.52677506 -0.9695082
   0.28059238 -0.2635556  -0.67032605  0.92669296 -0.05475479  0.7997574
  -0.36444727  0.9119509   1.7830107  -0.50266445 -0.70682657 -0.58365375
   0.2945518  -0.53062373 -0.3493998   0.10030804 -0.438103   -0.54748785
  -0.08233881 -0.57511795  0.04143608  0.07850486 -0.42935044 -0.38977054
   0.19129227  0.35558635 -0.8214868  -0.6129954  -0.4750891  -0.30654603
  -0.4024552   1.7140164   1.4074101   1.3218591  -0.42983276 -0.47984213
  -0.21674968 -0.03112265  1.7711059   2.243229    0.18171756 -0.15405372
  -0.7072637  -0.77132004 -0.94728816  0.05250994 -0.4360627   0.34173068
  -0.22662814 -0.399427    0.19288003 -0.32812044 -0.46205595 -0.5131439
  -0.8338387  -0.45961875 -0.48381627 -0.641546    0.3732565  -0.6550888
  -0.45514333  1.3840969   0.8638157  -0.27556986 -0.27385625 -0.44022453
  -0.31040153 -0.0622374   0.3581128  -0.36814904 -0.47499937 -0.7433057
  -0.50834715 -0.74932283 -0.47698987  0.63079923 -0.01051598  0.5058376
  -0.53296846  0.5260188  -0.01876725  1.394185   -0.00469946 -0.39906397
  -0.19701248  0.9064619   0.3416076  -0.48151836]]