[[ 0.87832963  0.32654825  0.2626645  -0.0266312  -0.4760131  -0.5671764
  -0.62053925 -0.14153296 -0.00934461 -0.3506309  -0.38997424 -0.763263
   0.08192613 -0.2595552  -0.43984908  0.22239989 -0.4528262   0.297417
  -0.07928107  0.90121126  0.29721063 -0.50672936 -0.24923809 -0.46802613
   0.1289747  -0.1885166  -0.40732098 -0.46520492 -0.2439696  -0.603493
  -0.21324588 -0.61728853  0.11899322 -0.35612985 -0.4757976  -0.3282787
  -0.04849181  0.14533208 -0.7166005  -0.4987155  -0.42439276 -0.27275047
  -0.5372822   0.6383001   1.7470382   0.0970903  -0.27113396 -0.4160732
  -0.01989461  0.05204227  0.4129715   2.1419744   0.26242697 -0.26046032
  -0.52038866 -0.48304307 -0.4992179   0.11575675 -0.30304325  0.31522346
  -0.15725541 -0.2274731   0.08048175 -0.21370775 -0.36936706 -0.40442652
  -0.6535251  -0.33599272 -0.44615555 -0.6224422  -0.45633084 -0.4383935
  -0.34300637  1.4407591   0.47682223 -0.38795912 -0.05321811 -0.45524105
  -0.17751567 -0.22235802  0.7770079  -0.30543637 -0.34135628 -0.4835679
  -0.1789701  -0.67067033 -0.40962666  0.8462793   0.08860984  1.2034087
  -0.2403638   0.14420594 -0.1828229   0.0684233  -0.2779093  -0.3765339
  -0.19993481  0.9708963  -0.19786027 -0.10744898]]