[[ 0.8097016   0.8722683   0.4967284  -0.15851784 -0.6547209  -0.8719671
  -0.8731893  -0.4991027  -0.13523711 -0.33990902 -0.482716   -1.0240078
   0.60005957 -0.2692197  -0.5985241   0.8135717  -0.26460767  0.48894835
  -0.29544616  0.520602    2.674781   -0.48237866 -0.78234845 -0.6142092
   0.22220153 -0.64178395 -0.43571872 -0.00363803 -0.3009681  -0.6579843
  -0.25508606 -0.26778919  0.01435972 -0.09620686 -0.06347533 -0.40381035
   0.02552432  0.40300032 -0.8695835  -0.6622387  -0.55447716  0.03521325
  -0.39671192  1.2284057   1.4487907   0.64484525 -0.37107357 -0.30438152
  -0.09587617 -0.11037005  1.6037234   1.5427649   0.02617364  0.18938717
  -0.07406741 -0.47673762 -0.8940029   0.18989106 -0.20442347  0.28692538
  -0.24882244 -0.31529278 -0.03792585 -0.3625437  -0.49521875 -0.55245703
  -0.86279756 -0.46156263 -0.39051172 -0.62210405  0.54182804 -0.60849357
  -0.4560129   1.314188    1.0512564  -0.46609357 -0.5127832  -0.5024506
   0.11442181 -0.12011408  0.20007409 -0.3690057  -0.48148614 -0.65218645
  -0.5152424  -0.77924037 -0.48520777  0.5767173  -0.08670129  0.21107054
  -0.5585149   0.31508806 -0.36599192  1.0127608   0.4928717  -0.37989455
   0.28269717  0.74998367 -0.14298923 -0.49512708]]