[[ 0.69025886  0.7348153   0.6941319  -0.07906285 -0.6871689  -0.86023855
  -0.7526102  -0.35350657 -0.07971775 -0.314821   -0.5415596  -0.9580244
   0.18277262 -0.25157702 -0.55036485  0.9308025  -0.58693624  0.25798294
  -0.33383778  1.0939565   2.0698597  -0.4617096  -0.6300109  -0.56601655
  -0.06526444 -0.38264024 -0.39228743 -0.12213709 -0.39242414 -0.6720006
  -0.4251618  -0.6928053   0.11600513  0.14407258 -0.41473174 -0.32586348
   0.103547    0.22127897 -0.83697766 -0.54561293 -0.5189053  -0.3097361
  -0.4430893   1.4769671   1.7151129   0.3172361  -0.4094643  -0.3968739
   0.08320603  0.07273097  0.71545964  2.2305434   0.19339281 -0.27026412
  -0.65256405 -0.7689788  -0.9157479  -0.01758449 -0.36172625  0.28607243
  -0.21198727 -0.30016658  0.08575825 -0.36669004 -0.4830355  -0.5948075
  -0.8393332  -0.41694716 -0.4081811  -0.648618    0.42898113 -0.5512182
  -0.41924036  1.4669926   1.0865816  -0.33324847 -0.2471236  -0.5371032
  -0.08381413 -0.01713619  0.5952871  -0.31322286 -0.49901882 -0.60339147
  -0.36823106 -0.76902723 -0.42265317  0.8733037   0.30288762  0.73037267
  -0.49299812  0.50039446 -0.04670002  0.5315969   0.0992801  -0.41407382
  -0.11204287  0.97833943 -0.0807419  -0.42088595]]