[[ 1.1687182   0.4776969   0.073727   -0.19989717 -0.5487058  -0.7407238
  -0.7414132  -0.30503953 -0.24301285 -0.16677435 -0.46355706 -0.9073483
   0.42834443 -0.3234242  -0.5625236   0.07304293  0.29605716  1.271431
  -0.16411667  0.587434    0.8288983  -0.5862536  -0.5108696  -0.52221864
   0.675446   -0.36538106  0.12315808 -0.03588264 -0.33292657 -0.6296754
   0.36513272  0.20126349 -0.01421544 -0.4629838  -0.39037374 -0.06348687
   0.35075855  0.6779612  -0.75831515 -0.61280966 -0.40674374 -0.33510768
  -0.47281697  1.2920021   1.0245063   1.2527292  -0.41678348 -0.13273905
  -0.05430212  0.14716756  2.1187923   1.588583    0.039379   -0.19805457
  -0.69341177 -0.62162364 -0.665077    0.54336077 -0.44953087  0.05625148
  -0.18840578 -0.38514742 -0.04879388 -0.43034115 -0.36823604 -0.29808807
  -0.7697411  -0.49428338 -0.46125138 -0.5497238  -0.25426587 -0.6570123
  -0.4349296   1.2890711   0.3927791  -0.24404119 -0.3235949  -0.32430673
  -0.3360929  -0.29454002  0.28559732 -0.3426911  -0.36424464 -0.62725574
  -0.3943499  -0.7339717  -0.47705716  0.4818089   0.25345394  0.6080499
  -0.36336184  0.01885963 -0.12191446  1.2759843  -0.40054756 -0.33624098
  -0.14842336  0.8198697   0.25233072 -0.3180832 ]]