[[ 0.48668593  0.69279516  0.53684515 -0.16649047 -0.5920251  -0.84762126
  -0.7748984  -0.45384043 -0.10569569 -0.35957465 -0.31837544 -1.019179
   0.75217545 -0.29609925 -0.5840842   0.6766604  -0.4093284   0.50530404
  -0.20079745  0.64355713  2.25105    -0.5310031  -0.69624484 -0.59836274
   0.15743065 -0.5668849  -0.03668293  0.00576259 -0.270759   -0.69616705
  -0.17670256  0.13725598 -0.04411817 -0.17652036 -0.3623371  -0.2900674
  -0.00646447  0.55879164 -0.9239901  -0.64169985 -0.5232442  -0.05987488
  -0.4314478   1.5251775   1.794032    0.18373093 -0.2515531  -0.13008407
   0.01447556  0.00940102  1.3676898   1.7765859   0.15397161 -0.01286194
   0.02234656 -0.39367118 -0.75648713  0.6109524  -0.1558297   0.32890284
  -0.14741063 -0.30361375 -0.03042202 -0.32807297 -0.45767906 -0.45646468
  -0.8387423  -0.5324167  -0.39618227 -0.6064707   0.22992863 -0.68818843
  -0.45800108  1.350284    0.8544566  -0.35406032 -0.26925677 -0.47493592
  -0.16276865 -0.15198119  0.40054646 -0.36629394 -0.4563225  -0.6140236
  -0.5477648  -0.793176   -0.47490957  0.6802465   0.19534782  0.32310712
  -0.5437431   0.24220239 -0.3583588   0.6579365   0.3340908  -0.42693028
   0.01505561  0.75269175 -0.34321842 -0.39787087]]