[[ 0.6476616   1.6450539   0.03216346 -0.09430096 -0.6555644  -1.0003844
  -1.1202155  -0.67576873 -0.11178035 -0.1572821  -0.600411   -0.85925925
   0.09898338 -0.20697522 -0.57250905  0.23654118 -0.54509705  0.2368653
  -0.4394037   1.3027456   2.2738674  -0.59341407 -0.74387366 -0.7456026
   0.0561019  -0.6471988  -0.4679661   0.45316014 -0.53373927 -0.71728206
  -0.3853264  -0.5451373   0.05663625 -0.43838686  0.09831785 -0.4871517
   0.29400462  0.09767635 -0.6956559  -0.6172557  -0.55947363 -0.22253521
  -0.35368067  0.13489646  2.1866302   0.3904737  -0.30318928 -0.15631731
  -0.3160561  -0.07477155  0.98062766  2.6900463  -0.09660639 -0.36969602
   0.15422018 -0.2773298  -0.9519641  -0.05575091 -0.2131117  -0.01704154
  -0.18360591 -0.13731977  0.19296312 -0.33626783 -0.52219975 -0.82304484
  -0.91931796 -0.48380315 -0.3329452  -0.74039435  0.48931718 -0.514042
  -0.38312346  2.1252      1.6504203   0.03094978 -0.2733891  -0.37084758
   0.47477198  0.08048853  0.48829824 -0.2841709  -0.34113804 -0.61876214
  -0.31986114 -0.7664547  -0.43563628  1.1016483   0.23340917  0.5950802
  -0.5330712   0.4308465   0.11122102  1.0778536   0.45900798 -0.36721054
   0.39045653  0.9851      0.2815418  -0.51514214]]