[[ 9.81975198e-01  1.41808021e+00 -2.33618170e-02  3.72446608e-03
  -6.09260738e-01 -8.90552044e-01 -9.76635695e-01 -5.69828272e-01
  -1.27722934e-01 -1.17686465e-01 -5.23613453e-01 -7.85955608e-01
   6.21595383e-02 -2.01762706e-01 -5.74211419e-01 -1.55072108e-01
  -5.23195386e-01  2.61859655e-01 -3.10921103e-01  1.80533862e+00
   1.28148615e+00 -5.49860895e-01 -5.91848731e-01 -6.97432339e-01
  -1.83156747e-02 -4.27006394e-01 -3.95037204e-01  1.56075537e-01
  -4.56608444e-01 -6.55279815e-01 -3.34293783e-01 -6.23362243e-01
   2.53300697e-01 -3.38439256e-01 -1.57067299e-01 -4.01040226e-01
   2.70765454e-01  8.31952915e-02 -6.68044329e-01 -4.80949342e-01
  -5.24893820e-01 -4.24080968e-01 -3.50650311e-01  4.30269092e-02
   2.65999079e+00  4.57411081e-01 -3.23053032e-01 -1.80908307e-01
  -1.02667615e-01 -4.38945973e-03  6.99118912e-01  3.45147467e+00
   3.11997142e-02 -3.58020663e-01 -6.58426881e-01 -6.89195395e-01
  -7.63651609e-01 -8.36107414e-03 -3.61771822e-01  8.48783255e-02
  -2.53917992e-01 -2.41528496e-01  3.43027234e-01 -3.08668524e-01
  -4.03718859e-01 -6.69911444e-01 -8.66419673e-01 -4.16266412e-01
  -3.56409937e-01 -7.02242672e-01  2.30437934e-01 -4.08737481e-01
  -3.65928799e-01  2.54880810e+00  1.44470119e+00  1.35911524e-01
  -1.01439282e-03 -3.02228361e-01  3.75629753e-01  7.39139179e-03
   9.37445939e-01 -3.25397193e-01 -2.89456248e-01 -5.58091164e-01
  -2.10317969e-03 -6.88075304e-01 -3.74558032e-01  1.55942225e+00
   3.46162081e-01  1.00263846e+00 -4.36950654e-01  5.60558736e-01
   2.78439134e-01  7.68955410e-01 -2.13674635e-01 -3.55088234e-01
  -6.35172948e-02  1.35213196e+00  4.38442767e-01 -3.49032700e-01]]