[[ 1.1939759   1.243111    0.56492156 -0.14771062 -0.65522933 -0.8250792
  -0.9176009  -0.34412685 -0.14409736 -0.23929603 -0.57418025 -1.0449888
   0.08570854 -0.2574302  -0.7264281   0.65768737 -0.13381347  0.82078516
  -0.34175724  0.78779227  1.8463988  -0.5357339  -0.7609241  -0.52012134
   0.77052045 -0.6528258  -0.07443915 -0.11641594 -0.41889003 -0.7305136
   0.29224223  0.16137622  0.09917422 -0.07683429 -0.4031665  -0.4023922
  -0.06030781  0.49475336 -0.9242918  -0.61070096 -0.46526593 -0.27124462
  -0.41205078  2.0100594   1.5750873   0.8895535  -0.3400162   0.27142748
  -0.14960723 -0.12031512  1.4209056   1.9651765  -0.0438112  -0.19572678
  -0.75961286 -0.7850602  -0.7967245   0.2675828  -0.43018827  0.28491908
  -0.07984305 -0.39837778  0.05628887 -0.3917651  -0.43778563 -0.62887967
  -0.8374137  -0.4542333  -0.45188197 -0.60708654  0.10410624 -0.7033956
  -0.46593168  1.6673336   0.8371653  -0.46113995 -0.3029084  -0.44763497
  -0.29588136  0.09157704  0.2737896  -0.38640562 -0.4655008  -0.72850215
  -0.5897071  -0.8621852  -0.43934238  0.8213335   0.11364721  0.60201377
  -0.5976351   0.5304179  -0.27878436  0.8796715   0.37807655 -0.3913636
  -0.14409386  1.0273228  -0.07958359 -0.33070982]]