[[ 5.0365102e-01  1.0230782e+00 -1.4718735e-01 -4.8380485e-01
  -5.7072079e-01 -9.3385583e-01 -9.4262385e-01 -4.6173388e-01
   2.0017549e-01 -1.9751868e-01 -4.2046779e-01 -9.6690488e-01
   1.3524920e-02 -2.2335032e-01 -3.5313705e-01  6.1025506e-01
  -6.1194927e-01  4.2359948e-01 -3.2821018e-01  1.1626196e+00
   1.8224865e+00 -6.1350864e-01 -6.8468595e-01 -6.6095990e-01
   3.7689605e-01 -2.8413215e-01 -4.1426089e-01  4.7349089e-01
  -3.7047812e-01 -8.2810521e-01 -3.4123546e-01 -5.0247037e-01
   1.5186885e-01 -5.5315852e-01 -4.8973206e-01 -4.4478613e-01
   3.1572452e-01  8.4326220e-01 -7.8211582e-01 -7.0605385e-01
  -5.6959027e-01  1.7453882e-01 -4.2918864e-01 -1.5301045e-02
   2.1920066e+00  1.2542911e-01  1.4727829e-01 -1.5573549e-01
   3.2797909e-01  1.6561186e-01  5.6235111e-01  2.2011406e+00
  -3.8792753e-01 -5.2216256e-01  8.6032438e-01  1.1224142e-01
  -6.8799877e-01 -1.1137802e-01 -5.2041288e-02 -1.8503512e-01
  -2.2127515e-01 -2.4457902e-02  9.2188269e-02 -5.1109731e-01
  -4.4450808e-01 -8.0641782e-01 -9.4484770e-01 -6.1716038e-01
  -3.1481588e-01 -6.9093847e-01  4.6652341e-01 -6.3265091e-01
  -3.4723085e-01  1.5240370e+00  1.0807250e+00  1.0137640e-01
  -3.3853424e-01 -4.4745791e-01 -1.9232543e-01  3.8180202e-03
   4.8138797e-01 -8.0879919e-02 -4.2501974e-01 -6.3432473e-01
  -4.6317410e-01 -8.7343156e-01 -3.7059143e-01  8.6013180e-01
   1.1289161e+00  6.6459012e-01 -5.4622293e-01  2.0366424e-01
  -1.1793226e-03  1.0258216e+00  2.1219119e-01 -3.4363216e-01
  -6.5576807e-02  8.3702570e-01 -2.1807332e-02 -3.1991713e-02]]