[[ 0.4856981   0.9186429   0.2177743  -0.27920246 -0.5894029  -0.8986184
  -0.86959517 -0.45365646 -0.04494276 -0.20457928 -0.50227225 -1.0010698
   0.538805   -0.24832392 -0.4572589   0.7541873  -0.5264944   0.5213921
  -0.3203136   0.67921454  2.101967   -0.5427     -0.6443123  -0.61645645
   0.17624709 -0.37279674 -0.38325298 -0.12012806 -0.35902432 -0.75074273
  -0.36587933 -0.44916096 -0.04695018 -0.41133693 -0.32551256 -0.36606082
   0.19371183  0.55833966 -0.8580893  -0.72126794 -0.55359244  0.08623485
  -0.4432309   0.52687275  1.5476643   0.07183722 -0.0607814  -0.22427613
   0.16505653  0.35361114  0.8392163   1.5642698   0.04074525 -0.16323765
   0.08271264 -0.38528776 -0.784954    0.05707265 -0.19312297  0.14772682
  -0.22239739 -0.2530918  -0.0157375  -0.338055   -0.48120248 -0.6281399
  -0.7787709  -0.49829578 -0.3337292  -0.6900793   0.40985936 -0.6320762
  -0.3997758   1.0232104   0.7478955  -0.43329445 -0.38272962 -0.57653505
  -0.13195391 -0.14107962  0.31163436 -0.06026995 -0.4756756  -0.59816307
  -0.40923622 -0.8257973  -0.38668597  0.59754026  0.8085633   0.36756673
  -0.53680736  0.1268485  -0.30880913  0.6878449   0.16921778 -0.36131454
   0.20271578  0.6049788  -0.32614142 -0.23776542]]