[[ 0.6755298   0.91936606  0.65316194 -0.10269219 -0.695624   -0.88487995
  -0.8186041  -0.3626442  -0.07817324 -0.30160296 -0.5736921  -0.9768841
   0.1658151  -0.23872419 -0.5826291   0.8616961  -0.5902736   0.3758969
  -0.35130057  1.0599592   2.1462288  -0.47032395 -0.64440393 -0.5713696
  -0.053829   -0.40292898 -0.34172416 -0.13270806 -0.41276923 -0.70289093
  -0.41679412 -0.6733275   0.08704756  0.10165634 -0.3354922  -0.32861102
   0.20110492  0.25964457 -0.84117675 -0.557371   -0.5128035  -0.30472657
  -0.45162928  1.4866009   1.6303676   0.3276433  -0.3148792  -0.3296854
   0.04602391  0.09200518  0.83156776  2.1963828   0.16543077 -0.27742824
  -0.6813222  -0.7940413  -0.86855173 -0.02207866 -0.37114817  0.26606956
  -0.21780893 -0.3019729   0.05805363 -0.38548052 -0.48982742 -0.62488896
  -0.8557869  -0.45190418 -0.41169518 -0.67057365  0.3991962  -0.5825987
  -0.43561682  1.467412    1.0853884  -0.35402855 -0.26170307 -0.52662754
  -0.04098784 -0.02131257  0.54784626 -0.3210098  -0.4820158  -0.61588407
  -0.4315508  -0.7974742  -0.42477855  0.82815933  0.4324783   0.7482094
  -0.51785994  0.5064306  -0.06080139  0.517625    0.1948139  -0.4131503
   0.01123241  0.9271388  -0.1088517  -0.38782635]]