[[ 0.9502338   0.48476297  0.6037826  -0.18165986 -0.6478475  -0.8000311
  -0.67313457 -0.22673458 -0.14897537 -0.37388268 -0.50934464 -0.99336326
   0.4183288  -0.28975412 -0.567012    0.88012    -0.09247407  0.6792737
  -0.20377402  0.8214978   1.5900809  -0.4902904  -0.6015192  -0.51396215
   0.34115627 -0.39970666  0.04139867 -0.16180293 -0.31577834 -0.65180266
   0.02865141 -0.00915992  0.119185    0.05406654 -0.4874029  -0.09655092
   0.03263161  0.46843562 -0.8996211  -0.55805457 -0.45729282 -0.29876047
  -0.45053625  2.0494678   1.5500537   0.69235957 -0.43780544 -0.2796159
  -0.02363974  0.10446831  1.3910565   2.0087402   0.14517361 -0.17524597
  -0.6826491  -0.71260846 -0.8486757   0.4204901  -0.4131884   0.22500232
  -0.18690647 -0.37519717  0.02657034 -0.41657904 -0.4369968  -0.33900332
  -0.8081779  -0.4572628  -0.4369893  -0.5372382   0.15795332 -0.6657636
  -0.43459558  1.4916052   0.8387879  -0.44617534 -0.29497033 -0.47024325
  -0.3196886  -0.15823174  0.5533653  -0.34567386 -0.48496807 -0.6251811
  -0.55282843 -0.7764614  -0.44695747  0.7856607   0.10938692  0.69252104
  -0.44205022  0.35956395 -0.20520957  0.87642604 -0.04495421 -0.4043782
  -0.15009455  1.0654308  -0.12499616 -0.38533127]]