[[ 1.00914800e+00  7.00369060e-01  4.04113054e-01 -2.46312767e-01
  -6.26909077e-01 -8.59479606e-01 -7.53552258e-01 -4.59809184e-01
  -1.88835829e-01 -1.84904128e-01 -4.91984129e-01 -9.69989419e-01
   6.19510174e-01 -2.46723741e-01 -5.05792975e-01  9.08715665e-01
  -2.07374990e-01  7.35252798e-01 -2.50667930e-01  9.63694036e-01
   1.48059201e+00 -5.19699216e-01 -5.55854857e-01 -5.97775578e-01
   2.41014749e-01 -3.17364454e-01 -3.81887138e-01 -2.55809218e-01
  -3.42032701e-01 -6.33119285e-01 -1.49116740e-01 -5.56792438e-01
   4.09838855e-02 -1.81702867e-01 -4.27689403e-01 -2.96260327e-01
   1.75735444e-01  3.50180954e-01 -8.26343119e-01 -6.46054864e-01
  -5.02845049e-01 -3.17506760e-01 -4.23321843e-01  9.17394876e-01
   1.64452660e+00  7.24328458e-01 -3.38656008e-01 -4.62326854e-01
  -8.00850540e-02  3.50265324e-01  1.13761294e+00  2.20768332e+00
   1.94770187e-01 -3.22750896e-01 -4.70209688e-01 -6.47325933e-01
  -8.56206536e-01 -1.45562915e-02 -3.67278159e-01  1.46961674e-01
  -2.15817750e-01 -3.35987896e-01  1.83366627e-01 -3.42510730e-01
  -4.72573608e-01 -4.98771369e-01 -6.96489811e-01 -4.31894809e-01
  -3.97439748e-01 -7.03144550e-01  1.84464335e-01 -6.08165860e-01
  -3.79332334e-01  1.58237028e+00  8.56564999e-01 -4.94848400e-01
  -1.65013149e-01 -5.23299575e-01 -2.53602475e-01 -1.34305179e-01
   6.52282357e-01 -9.02943090e-02 -4.50901419e-01 -6.22168899e-01
  -4.00374144e-01 -7.58352637e-01 -4.10894543e-01  8.95686030e-01
   2.41775721e-01  7.10832655e-01 -4.35739338e-01  2.90319443e-01
  -2.36604020e-01  9.45450962e-01 -1.24477483e-01 -3.55288506e-01
   1.55378692e-03  9.79347527e-01 -2.82924809e-03 -4.17441458e-01]]