[[ 0.8030371   0.66687876  0.80151856 -0.23405224 -0.69307137 -0.84614205
  -0.7421262  -0.40347594 -0.13518624 -0.33655488 -0.4616568  -1.0548817
   0.3565936  -0.28621978 -0.67290705  1.0981423  -0.15249756  0.5823366
  -0.39819664  0.48180994  2.6992636  -0.47660822 -0.8839052  -0.5222494
   0.25775278 -0.66680014 -0.29881376  0.11152847 -0.37700325 -0.59051615
  -0.0283685  -0.2455867  -0.02120974  0.17332563 -0.30158895 -0.42934296
  -0.12600598  0.49144095 -0.8424632  -0.65758413 -0.48814717 -0.18160932
  -0.3916514   1.8744143   1.0998491   0.93485796 -0.47048452 -0.22449496
  -0.09949201 -0.16390516  1.6743673   1.3825997  -0.07530973 -0.1006975
  -0.46865866 -0.6829553  -0.94874555  0.1004732  -0.33018562  0.22166675
  -0.13415445 -0.42511767  0.00600338 -0.48433244 -0.48155358 -0.567214
  -0.8276601  -0.47204056 -0.4389835  -0.56296813  0.57727134 -0.65550244
  -0.473159    1.1014714   0.9269244  -0.3973135  -0.54177624 -0.4472482
  -0.2244768  -0.05042792  0.01824601 -0.39145166 -0.52387    -0.7406264
  -0.66332155 -0.7872704  -0.49475595  0.4827292  -0.17870668  0.18232423
  -0.61922836  0.40962204 -0.29239556  1.336463    0.37249523 -0.39203084
  -0.07386342  0.6593365   0.13106932 -0.52127504]]