[[ 1.1933473   0.30503473  0.44920307 -0.18241554 -0.63681245 -0.80010426
  -0.7196652  -0.42164767 -0.23319764 -0.12965284 -0.47972244 -0.85239786
   0.2930198  -0.27321368 -0.50169706  0.5918201   0.12188838  1.1004919
  -0.3176287   0.68810713  1.1859798  -0.54270405 -0.5622534  -0.5397066
   0.52604085 -0.37551486 -0.30790523  0.2741504  -0.42623517 -0.54098254
   0.06735186 -0.53246737 -0.0368544  -0.16017357 -0.3895946  -0.26913497
   0.45906562  0.1726937  -0.6441205  -0.58634603 -0.44175816 -0.3611678
  -0.4109163   1.2063444   0.98552936  1.401913   -0.42529655 -0.34354326
  -0.37026435  0.11712135  1.5527045   1.5967857   0.10374103 -0.26395047
  -0.6385845  -0.69025046 -0.81698436  0.02425542 -0.37761205  0.11456184
  -0.23279625 -0.36096898  0.07232131 -0.39061964 -0.40015137 -0.48022878
  -0.7416143  -0.44485438 -0.46271238 -0.6192909   0.29210174 -0.55670863
  -0.41604155  1.3183918   0.80580914 -0.02921714 -0.30433372 -0.3630103
  -0.298562   -0.13163942  0.32413054 -0.30875063 -0.39037704 -0.66658837
  -0.46547174 -0.6677201  -0.47494859  0.54221463 -0.14515598  0.5845267
  -0.40819338  0.26419455  0.10847477  1.5196488  -0.19948424 -0.3408995
  -0.14462937  0.8540871   0.5517865  -0.4485456 ]]