[[ 0.9188735   0.73374945  0.76330507 -0.26794878 -0.72250646 -0.87310296
  -0.80524373 -0.38617948 -0.1435826  -0.31433105 -0.5508408  -1.0775892
   0.25067493 -0.27892017 -0.6358761   1.1691489  -0.13770962  0.8079467
  -0.40927583  0.36183152  2.6145203  -0.5047081  -0.8555998  -0.49073416
   0.5960335  -0.67215985 -0.12453754  0.14058486 -0.4017631  -0.6736026
   0.1434031   0.01091636 -0.05133316  0.1640057  -0.3704643  -0.36388585
  -0.03164862  0.40234688 -0.8926038  -0.65056705 -0.48546368 -0.15105633
  -0.40011513  2.315804    0.94108385  0.8645011  -0.41602832  0.08525221
  -0.2400901  -0.04987809  1.4904279   1.1022106  -0.11701094 -0.11828139
  -0.5313716  -0.7341374  -0.91054213  0.21162133 -0.3296296   0.18767422
  -0.1107842  -0.43025377 -0.0702751  -0.531472   -0.46592575 -0.5728143
  -0.8153224  -0.51154727 -0.44007078 -0.54783577  0.6072869  -0.704786
  -0.49722844  1.0586071   0.88363487 -0.405566   -0.5206881  -0.47648218
  -0.31639063  0.05726347  0.08430801 -0.35255438 -0.51482606 -0.7316564
  -0.7544169  -0.83828896 -0.4818832   0.4538407  -0.19425187  0.29176396
  -0.6300745   0.46357107 -0.24592873  1.2571933   0.4971916  -0.4104449
  -0.07107456  0.7115008  -0.02345099 -0.5092852 ]]