[[ 1.0871105   0.2574914   0.49659    -0.2975032  -0.69044983 -0.876504
  -0.6672827  -0.51363975 -0.22270472 -0.26259795 -0.47212544 -0.9667762
   0.74625313 -0.26605397 -0.52720267  1.0775547  -0.03920575  0.8865409
  -0.35089743  0.69671655  1.62536    -0.5315419  -0.6809018  -0.59226155
   0.32872564 -0.42439002 -0.3365791   0.23123518 -0.4343219  -0.5166009
  -0.09043236 -0.5823874   0.16939068 -0.05494087 -0.40814498 -0.30801034
   0.32723638  0.16148472 -0.693381   -0.6443172  -0.4995253  -0.37426254
  -0.36216244  1.323343    1.0720288   1.4147358  -0.41394284 -0.4279215
  -0.3847803   0.16829096  1.639337    1.9149829   0.07276529 -0.30435875
  -0.51762736 -0.6991322  -0.9547735  -0.08070238 -0.35588565  0.13980508
  -0.23618488 -0.4137846   0.22001258 -0.47014806 -0.4560223  -0.5032121
  -0.71398723 -0.4822837  -0.42616785 -0.6177473   0.5467683  -0.58878255
  -0.41316128  1.6594772   1.0396656  -0.13027    -0.37291312 -0.4057801
  -0.26551077 -0.07542877  0.36318243 -0.20752315 -0.4377561  -0.6829667
  -0.5418855  -0.69093597 -0.47347933  0.5398299  -0.3307662   0.44435108
  -0.4727403   0.27978045 -0.0365885   1.8098857  -0.11662212 -0.35334706
  -0.08790036  0.94069844  0.5703487  -0.47426236]]