[[ 1.2524892   1.5905048   0.24320337  0.09444362 -0.6115309  -0.8109996
  -1.072213   -0.4523299  -0.1343791  -0.202051   -0.566655   -0.92921335
   0.08120137 -0.22302382 -0.6503617   0.09159821 -0.55985105  0.13030587
  -0.2154141   1.5100539   1.4126915  -0.4927224  -0.46644667 -0.6488021
   0.08508407 -0.48253474 -0.44792253 -0.6011341  -0.3576264  -0.770372
  -0.29585662 -0.60001886  0.2578404  -0.3190771  -0.06289312 -0.39047602
   0.03470139  0.2749514  -0.8786766  -0.5548047  -0.5387869  -0.40687728
  -0.47895402  0.7145719   2.5215263   0.3892574  -0.33116925 -0.45569107
  -0.00626579 -0.05177664  0.9364462   3.2814858   0.27763167 -0.26911435
  -0.64917976 -0.71009195 -0.84403586  0.19037375 -0.36034104  0.41886058
  -0.28223276 -0.23160619  0.3349566  -0.1641479  -0.47418883 -0.6852558
  -0.8783268  -0.35017422 -0.3855494  -0.8114146  -0.33826035 -0.52868336
  -0.3366972   2.355529    1.1199318  -0.5454474   0.01329334 -0.4690712
   0.32891056 -0.10340392  0.73920584 -0.34026414 -0.40288386 -0.5823952
  -0.1237637  -0.8283724  -0.41606146  1.3908224   0.552515    1.2887129
  -0.41940427  0.4777665  -0.2822977   0.17905165  0.05932872 -0.37917894
   0.19707568  1.3585799  -0.15807883 -0.32927713]]