[[ 0.80813545  0.67960376  0.7269755  -0.1868574  -0.6760805  -0.8935343
  -0.70645624 -0.37871554 -0.09188341 -0.27315307 -0.52590895 -1.0037081
   0.46192494 -0.25302997 -0.57591486  1.1322212  -0.37304798  0.53224117
  -0.35834184  0.8614202   2.0401385  -0.4838547  -0.7032145  -0.5587718
   0.05310981 -0.38299406 -0.33572227 -0.14435256 -0.40734556 -0.6545787
  -0.31123513 -0.60971206  0.04650441  0.05800905 -0.4674865  -0.34463286
   0.10045177  0.4257617  -0.8596509  -0.61353505 -0.4983981  -0.23871394
  -0.43079922  1.3974324   1.507494    0.54199904 -0.2922252  -0.3647941
   0.07428776  0.15727642  1.0441992   1.9414365   0.19220959 -0.22728041
  -0.5739372  -0.73917145 -0.86133116  0.0266172  -0.37312904  0.29227498
  -0.18874522 -0.34705588  0.06757358 -0.3437772  -0.48146263 -0.5626674
  -0.776032   -0.41683945 -0.40718928 -0.6450066   0.42544323 -0.62203884
  -0.43207818  1.3495443   0.9334337  -0.44645473 -0.33703253 -0.5599529
  -0.275101   -0.08056597  0.4326177  -0.20304918 -0.5178519  -0.6554177
  -0.49204084 -0.78380924 -0.41613698  0.71422076  0.3557676   0.5647171
  -0.54256094  0.39129925 -0.23613007  0.81749076  0.09198391 -0.3872835
  -0.06533951  0.9002579  -0.083364   -0.39641652]]