[[ 0.21862145  0.26859307  0.07071945 -0.2320894  -0.43425092 -0.6920123
  -0.49969098 -0.13034156 -0.12028518 -0.5012175  -0.33127463 -0.88658166
   0.80316764 -0.3908026  -0.5415874   0.15417555  0.06259418  0.67851377
  -0.08525575  0.20664622  1.0788742  -0.60827035 -0.5776969  -0.46239334
   0.39148653 -0.486984    0.83170605  0.04531843 -0.24830842 -0.63450575
   0.3405786   1.28708     0.01336404 -0.51550627 -0.527425    0.13892876
  -0.11769085  0.72590756 -0.85747087 -0.56566894 -0.3831013  -0.0828826
  -0.47648534  1.8996427   1.1555976  -0.06300038 -0.37134176  0.35727632
   0.05186533  0.06861734  1.5373472   1.0672945  -0.05426313 -0.00952831
  -0.05001111 -0.14331788 -0.5106796   1.3273436  -0.3399821   0.02731554
  -0.02100177 -0.3297745  -0.32612684 -0.41921645 -0.34946015  0.05584039
  -0.74717766 -0.5616567  -0.4193917  -0.27415106 -0.28575686 -0.724567
  -0.49150276  0.8747364   0.37141457 -0.2741261  -0.5160861  -0.32955855
  -0.42987928 -0.36337867  0.2421082  -0.4268936  -0.3469695  -0.50549376
  -0.60523534 -0.7176166  -0.47586024  0.31484234  0.06949282  0.21695872
  -0.38816828 -0.15961733 -0.38503012  0.73299086 -0.10275275 -0.4339633
  -0.16698486  0.7062554  -0.47423124 -0.26524532]]