[[ 1.2759762   0.44700286  0.5972443  -0.08662839 -0.6160178  -0.7168725
  -0.7107795  -0.33881783 -0.16089623 -0.27746794 -0.47830695 -0.84996784
   0.40738505 -0.2302715  -0.4390659   0.7096404  -0.09455036  0.71356523
  -0.18832417  1.0654596   0.9072999  -0.48545924 -0.40576732 -0.54571277
   0.42653713 -0.25963482 -0.36121532 -0.26647013 -0.31081748 -0.5870039
  -0.04122978 -0.6047373   0.12296975 -0.03923041 -0.43748784 -0.21914934
   0.17719555  0.08499989 -0.8018366  -0.5312283  -0.44853023 -0.35055217
  -0.42911518  1.1829643   1.8272718   0.9004014  -0.37567693 -0.5515047
  -0.32240218  0.24342088  0.99086493  2.3514059   0.38150987 -0.2190836
  -0.56158066 -0.6410893  -0.79678553  0.07642163 -0.3447184   0.31241924
  -0.2558172  -0.31664968  0.22447884 -0.2564398  -0.40148675 -0.41635957
  -0.70401925 -0.33350396 -0.42325678 -0.66013545 -0.02459106 -0.5181235
  -0.35141927  1.8495708   0.9039679  -0.5106172  -0.07066949 -0.47246832
  -0.24149811 -0.16452067  0.86112624 -0.2314798  -0.42867154 -0.59783816
  -0.41099313 -0.68871564 -0.42858663  1.0819644  -0.09665044  0.97699386
  -0.31925666  0.41338822 -0.09509274  0.81070095 -0.1071136  -0.3571468
  -0.11652083  1.2247232   0.07859211 -0.41141814]]