[[ 0.91195315  0.5952123   0.42256042 -0.00658239 -0.4768797  -0.71093243
  -0.6904215  -0.41007861 -0.1765043  -0.3081524  -0.30646273 -0.8195287
   0.8415299  -0.2876539  -0.5110002   0.09254254 -0.14509206  0.30935463
  -0.13707459  0.9538998   1.0440919  -0.529226   -0.5486401  -0.6125727
   0.2461498  -0.51029915 -0.13237754 -0.07875803 -0.25112438 -0.5891377
  -0.04028888  0.11934318  0.12850186 -0.3662302  -0.4743267  -0.28276852
  -0.16075332  0.32230684 -0.8163281  -0.5307512  -0.44008452 -0.17939733
  -0.37903184  0.705415    2.2627728   0.44032097 -0.47948983 -0.22936663
  -0.17101276 -0.05266199  1.2925296   2.3408544   0.40416116  0.15579034
  -0.1076475  -0.31161782 -0.74406034  0.74137604 -0.28079668  0.51145124
  -0.20028083 -0.27816606  0.10882369 -0.04652729 -0.35368577 -0.32965344
  -0.7629107  -0.28081074 -0.3732184  -0.5194936  -0.18595861 -0.573876
  -0.37851855  1.8814839   0.8813176  -0.3290868  -0.24098477 -0.37235335
  -0.29124412 -0.27403122  0.59013325 -0.38367054 -0.39894107 -0.5665429
  -0.39175496 -0.63075244 -0.43602186  1.0670801  -0.20200439  0.49622723
  -0.37475613  0.19928074 -0.253214    0.72847724  0.01283795 -0.3726043
  -0.13085148  1.217771   -0.08352651 -0.44833922]]