[[ 9.8762751e-01  1.2735302e+00  4.7717506e-01 -2.3287289e-02
  -6.8142927e-01 -8.8435805e-01 -9.6385849e-01 -4.4220763e-01
  -1.4468147e-01 -2.3209952e-01 -5.7998013e-01 -9.4831121e-01
   1.2533605e-01 -2.2460292e-01 -5.9252936e-01  5.7734042e-01
  -5.7685292e-01  1.9339716e-01 -2.9283431e-01  1.3782755e+00
   1.8967327e+00 -4.7812757e-01 -5.7533163e-01 -6.3214666e-01
   3.0735644e-02 -4.8228946e-01 -4.1462541e-01 -1.9737267e-01
  -3.9327163e-01 -7.2175449e-01 -3.6661908e-01 -6.4930147e-01
   2.0352490e-01 -4.8665047e-02 -1.9047409e-01 -3.5117814e-01
   1.3872539e-01  1.2358725e-01 -8.2978725e-01 -5.4474306e-01
  -5.4173350e-01 -3.9256835e-01 -4.2831710e-01  1.2029787e+00
   2.1726401e+00  3.9344865e-01 -3.9566016e-01 -3.9722666e-01
  -9.5622994e-02  2.5963925e-02  7.8145808e-01  2.8760438e+00
   2.1200103e-01 -2.9885539e-01 -6.6078144e-01 -7.7229589e-01
  -9.6401989e-01  4.4147130e-02 -3.5670507e-01  3.1391141e-01
  -2.6690140e-01 -2.6030785e-01  2.6106012e-01 -2.8491634e-01
  -4.9228314e-01 -6.7608100e-01 -8.7562966e-01 -4.1066533e-01
  -3.9020255e-01 -7.3272163e-01  2.2264664e-01 -5.5605930e-01
  -3.7519985e-01  2.0359843e+00  1.3039850e+00 -2.9814783e-01
  -8.9139178e-02 -4.7841594e-01  1.6709186e-01 -2.6534619e-03
   6.8804228e-01 -3.2917050e-01 -4.4085437e-01 -6.0650826e-01
  -3.1646612e-01 -7.9683501e-01 -4.1739085e-01  1.2323713e+00
   3.2608607e-01  1.0064385e+00 -4.7734633e-01  5.8262843e-01
  -4.3251853e-02  5.1485294e-01  1.5575184e-01 -4.0421036e-01
   1.2741333e-01  1.2373624e+00 -2.1123366e-02 -4.1915911e-01]]