[[ 0.9524134   1.0610265   0.48632148 -0.05970226 -0.566434   -0.9615924
  -0.8886653  -0.5798432  -0.04412336 -0.03862739 -0.47740006 -0.9205845
   0.75675756 -0.24522069 -0.5237944   0.9464754  -0.576788    0.2738422
  -0.34258634  1.3278283   1.7047064  -0.5813584  -0.63912773 -0.7645622
   0.12315981 -0.5255244  -0.52718484 -0.16786364 -0.37365007 -0.70752597
  -0.36036736 -0.5095614   0.15413074 -0.44327053 -0.47250113 -0.4941619
   0.05943452  0.29708794 -0.92728037 -0.6889888  -0.5665235  -0.05371183
  -0.41445264  0.49054205  2.768645    0.32848513 -0.25491875 -0.36797178
  -0.07521988  0.2132737   0.78672737  2.9185748   0.44827563 -0.16699785
   0.40179184 -0.10708407 -0.959372    0.41402873 -0.20569435  0.64152116
  -0.24944355 -0.1657432   0.24600688 -0.02616885 -0.4978075  -0.6679062
  -0.8625011  -0.29688805 -0.32133102 -0.7205909   0.21982369 -0.6509853
  -0.32754135  1.8182738   1.2026007  -0.47960335 -0.33310443 -0.5321492
  -0.21934067 -0.08582821  0.45594126 -0.0319325  -0.49346137 -0.6900259
  -0.38891333 -0.81146514 -0.39799842  1.2826384   0.23265696  0.99929786
  -0.54496884  0.1930343  -0.394604    0.95723975  0.1639782  -0.3616627
   0.09792738  1.4133446  -0.14939445 -0.4556574 ]]