[[ 0.7685145   0.822011    0.5207933  -0.17271295 -0.636629   -0.83856845
  -0.8642643  -0.46001288 -0.21359834 -0.30216715 -0.43517715 -1.0501597
   0.48846757 -0.29173666 -0.6792088   0.7244164  -0.3095758   0.7080468
  -0.30212063  0.48665786  2.6375444  -0.4859367  -0.7969263  -0.57212496
   0.309945   -0.7058538  -0.23220065 -0.06211666 -0.2997837  -0.6592506
  -0.00377669  0.00730612 -0.01593035 -0.08443594 -0.22419554 -0.4248311
   0.00679748  0.3832804  -0.87858135 -0.6618993  -0.53733134 -0.07608683
  -0.40813535  1.721189    1.207408    0.6741884  -0.43692786  0.04396848
  -0.12043384 -0.12914278  1.6855247   1.3794037  -0.06470828  0.10945174
  -0.44590265 -0.6716534  -0.8341883   0.25775716 -0.32588512  0.2623555
  -0.15805888 -0.35547674 -0.0273073  -0.4604882  -0.47570992 -0.5263577
  -0.83311176 -0.52061    -0.4401992  -0.5904038   0.5218511  -0.65780413
  -0.4913094   1.1108513   0.85799694 -0.42781782 -0.486047   -0.41912752
  -0.09932172 -0.02508844  0.16141568 -0.43051362 -0.45384547 -0.6774291
  -0.585033   -0.81674284 -0.48988667  0.537016   -0.13667458  0.28530532
  -0.60262686  0.3470706  -0.32512215  1.0542665   0.406813   -0.4005984
   0.07853729  0.68473756 -0.07853492 -0.48954102]]