[[ 1.5048033   0.6417887   0.3160762  -0.03390193 -0.55587053 -0.7210428
  -0.74333316 -0.38755733 -0.1595706  -0.23149388 -0.454232   -0.83398503
   0.35598215 -0.26302236 -0.49794388  0.07350304  0.07631677  0.6103032
  -0.22775358  1.0091822   0.7281228  -0.5382232  -0.4851235  -0.5872725
   0.49675676 -0.30088103 -0.37303612 -0.10981863 -0.3789914  -0.6179114
   0.07223205 -0.5292529   0.13472208 -0.37686893 -0.3741107  -0.30281192
   0.08718743  0.45216805 -0.7376633  -0.56383044 -0.42776263 -0.32083577
  -0.42574334  0.37062937  1.9074107   1.1580923  -0.39798567 -0.4059958
  -0.04451362  0.04106591  1.5874435   2.3021867   0.34741038 -0.15143362
  -0.5676583  -0.6033396  -0.71210253  0.23569457 -0.37578416  0.35666636
  -0.23134328 -0.33013585  0.20796496 -0.17574231 -0.36807513 -0.48342282
  -0.7529472  -0.27178237 -0.4066028  -0.65380293 -0.2242386  -0.5275145
  -0.35462236  1.9895098   0.70328414 -0.30284023 -0.16816579 -0.38137892
  -0.20474124 -0.2273282   0.63539976 -0.25917393 -0.3980973  -0.60948706
  -0.25540906 -0.69265956 -0.42729464  0.97566783  0.16262142  0.85301954
  -0.3293554   0.19963905 -0.08062178  1.1022978  -0.2414211  -0.31111154
  -0.13446687  1.1246597   0.38290536 -0.35762435]]