[[ 0.4953196   1.1591234  -0.08024707 -0.20979592 -0.5509483  -0.8438648
  -0.845076   -0.6816064  -0.24546969 -0.04843692 -0.45991272 -0.87119555
   0.7418446  -0.23073986 -0.43120575  0.43912613 -0.42041743  0.5788544
  -0.25312313  1.0633863   1.4200966  -0.55614555 -0.5012094  -0.6414976
  -0.0472885  -0.26048076 -0.4333787  -0.40696335 -0.31965494 -0.61669356
  -0.29291812 -0.49179322 -0.06441592 -0.46274778 -0.16672409 -0.2831374
   0.25150934  0.16785489 -0.735469   -0.64988804 -0.5359012  -0.38474566
  -0.39612758 -0.07836452  1.6163368   0.10905244 -0.3411321  -0.36536226
  -0.01550639  0.554886    0.60099715  2.19401     0.11779752 -0.42188323
  -0.34040803 -0.5253942  -0.81460464 -0.08817829 -0.34224236 -0.09692158
  -0.2569351  -0.30077472  0.14168143 -0.35204723 -0.44296    -0.54198813
  -0.6134235  -0.41160464 -0.32276297 -0.72940946  0.07301861 -0.44347942
  -0.3424682   1.4605023   0.84601784 -0.48693067 -0.05970021 -0.524174
   0.16868669 -0.17753312  0.6564641   0.05982944 -0.37410367 -0.51559395
  -0.06233266 -0.68688023 -0.36785     1.0143205   0.41158038  0.46099472
  -0.37625468  0.17231303 -0.2041647   0.49009347 -0.22762059 -0.3273637
   0.18166885  0.7632914  -0.13413103 -0.44333845]]