[[ 6.6231793e-01  7.1064359e-01  9.9368066e-01 -6.0251385e-02
  -6.8111980e-01 -8.8748825e-01 -7.1612716e-01 -4.2003173e-01
   6.2403767e-03 -3.6562556e-01 -4.3349406e-01 -9.9164456e-01
   5.4992956e-01 -2.5750768e-01 -5.7114834e-01  1.1831352e+00
  -5.6626278e-01  1.3007534e-01 -3.7473905e-01  8.5536641e-01
   2.5951834e+00 -4.6289262e-01 -8.1381053e-01 -5.8512431e-01
  -2.2233219e-03 -5.8845079e-01 -3.8098714e-01  6.1856918e-02
  -3.7383935e-01 -6.5548277e-01 -4.6124655e-01 -4.4038764e-01
   1.0252885e-01  2.0030701e-01 -4.0275753e-01 -4.4120240e-01
  -1.1570544e-01  3.0671042e-01 -9.1979498e-01 -5.7394701e-01
  -5.1943707e-01 -4.4258434e-02 -3.9980733e-01  1.6581841e+00
   1.9205528e+00  2.3716779e-01 -3.0222723e-01 -3.6274368e-01
  -1.7127711e-02 -1.4731918e-01  8.6551619e-01  1.9772618e+00
   2.8455231e-01  3.6012329e-02 -1.0937407e-01 -5.2067852e-01
  -9.2656422e-01  3.1031609e-01 -1.3738203e-01  5.3371751e-01
  -2.1242233e-01 -2.8944555e-01  3.5447441e-02 -2.0621638e-01
  -4.8279044e-01 -5.9937096e-01 -8.6664647e-01 -3.4383115e-01
  -3.7926164e-01 -5.8661681e-01  5.8587575e-01 -6.1247760e-01
  -4.4008434e-01  1.4809129e+00  1.2734894e+00 -3.9475885e-01
  -4.7309014e-01 -5.6102538e-01 -1.5419038e-01 -5.4068863e-02
   3.3233574e-01 -3.5968861e-01 -5.4381192e-01 -6.6101539e-01
  -5.8959883e-01 -7.6167119e-01 -4.5115840e-01  7.8588367e-01
  -4.1078322e-02  4.0908358e-01 -6.0323924e-01  5.0867558e-01
  -3.1064540e-01  6.5699333e-01  5.3168243e-01 -4.2536291e-01
  -2.4490356e-02  1.0370611e+00 -2.6921663e-01 -4.6179891e-01]]