[[ 0.9334146   0.629595    0.8187353  -0.1787189  -0.7015418  -0.9396076
  -0.84436315 -0.45447966 -0.10679641 -0.18676998 -0.53492147 -0.9866236
   0.26313254 -0.25165728 -0.61130005  1.1937044  -0.4169731   0.58029413
  -0.45657882  1.1221509   2.5494082  -0.5058662  -0.8015267  -0.67994046
   0.09851654 -0.6018026  -0.4574008   0.25226322 -0.43255544 -0.6091451
  -0.1537376  -0.6430823   0.08908322  0.08075798 -0.4509626  -0.45376584
   0.13068508  0.2458995  -0.8474397  -0.6632348  -0.5440763  -0.17641646
  -0.3847623   1.5733007   1.9436021   0.9765666  -0.43314096 -0.3948385
  -0.1875925   0.01866888  1.4375318   2.4116192   0.12476233 -0.21566397
  -0.16876586 -0.49537465 -1.0733773   0.05584507 -0.34354275  0.39278325
  -0.23294404 -0.3018995   0.24804963 -0.39618722 -0.5118441  -0.6518556
  -0.9370407  -0.46139896 -0.4179764  -0.6302763   0.8137542  -0.6726543
  -0.4066662   1.400031    1.2375277  -0.17879793 -0.46456623 -0.3534445
  -0.2851998   0.02255643  0.316591   -0.28836188 -0.5207764  -0.79492676
  -0.6659343  -0.82068974 -0.46888378  0.9831825  -0.10178132  0.8402049
  -0.62056535  0.46022862  0.01151007  1.732336    0.19237128 -0.39402968
  -0.09685668  1.0597819   0.43984184 -0.55083376]]