[[ 0.8613404   1.0518138   0.28383416 -0.16019057 -0.6029549  -0.8812447
  -0.9135896  -0.4668529  -0.04866078 -0.19586323 -0.44622093 -0.96930623
   0.5064541  -0.2536922  -0.59203017  0.40852407 -0.3614491   0.500412
  -0.25786346  1.037859    1.9947112  -0.55387056 -0.6971656  -0.66941917
   0.22711721 -0.5365661  -0.4031177   0.10604462 -0.29050994 -0.69932896
  -0.22328216 -0.29726526  0.1134849  -0.29314792 -0.2819976  -0.4329776
   0.15415527  0.60993344 -0.82463384 -0.6376148  -0.530569   -0.1383727
  -0.4150069   0.7263252   2.0527496   0.63006145 -0.26409984 -0.21537006
   0.00908718  0.00827435  1.4403592   2.301006    0.07283168 -0.09466778
  -0.1544601  -0.43300092 -0.78935134  0.29148802 -0.26861688  0.33603436
  -0.22788246 -0.28146043  0.03533296 -0.31876662 -0.44999    -0.6386333
  -0.9306655  -0.43914104 -0.37836313 -0.6692176   0.2511208  -0.64080215
  -0.41648138  1.7063099   1.0593697  -0.2105204  -0.4030955  -0.42364398
  -0.05512122 -0.12165976  0.35413945 -0.31450427 -0.4296048  -0.66334426
  -0.4136488  -0.7918819  -0.44256142  0.93730253  0.3533857   0.6506533
  -0.5343208   0.26243162 -0.13582222  1.0680887   0.16912383 -0.35938752
   0.04560049  1.0161468   0.12212765 -0.34285805]]