[[ 7.6144689e-01  7.9026508e-01  2.2293974e-01 -2.5249720e-01
  -5.8321899e-01 -9.4573784e-01 -9.1149241e-01 -4.4279328e-01
  -2.0281094e-01 -2.2226022e-01 -5.3767204e-01 -1.0436903e+00
   3.6656582e-01 -2.7910253e-01 -6.1249292e-01  7.1818751e-01
  -5.4316956e-01  5.3406250e-01 -3.4308371e-01  7.3576921e-01
   2.3343163e+00 -4.8910472e-01 -7.0752871e-01 -6.5037686e-01
   6.9462225e-02 -4.7135308e-01 -3.4422177e-01 -2.4072452e-01
  -3.9339921e-01 -7.5350696e-01 -4.0685761e-01 -5.2197337e-01
   4.2296115e-02 -2.5346914e-01 -4.4133040e-01 -3.8643387e-01
   1.8887125e-01  4.4336945e-01 -9.1188318e-01 -6.0133475e-01
  -6.0251027e-01  3.5664921e-03 -4.3512127e-01  1.0197471e+00
   1.4858776e+00  4.7594532e-01 -2.6085898e-01 -4.1736975e-02
   2.4537131e-01  2.0576972e-01  1.4129266e+00  1.7271293e+00
  -1.3601346e-01 -7.7827476e-02 -5.5755079e-01 -7.7552754e-01
  -8.2807440e-01  2.1624483e-01 -3.2832468e-01  1.0744018e-01
  -1.8732637e-01 -2.1978275e-01 -5.4721273e-02 -4.5222282e-01
  -5.0080001e-01 -6.0379928e-01 -8.7667763e-01 -6.0872436e-01
  -3.8924834e-01 -6.9012648e-01  6.3401979e-01 -7.1505105e-01
  -4.6046796e-01  1.1041955e+00  6.5784824e-01 -3.9462599e-01
  -3.2817870e-01 -5.4340303e-01 -3.3508158e-01 -9.9862061e-02
   3.3287853e-01 -2.2906215e-01 -5.1824510e-01 -5.9651846e-01
  -4.9402350e-01 -8.4976101e-01 -3.9068374e-01  5.8039570e-01
   8.3010346e-01  4.4464415e-01 -5.9781694e-01  2.2671622e-01
  -2.8624687e-01  9.2377281e-01 -1.1156406e-04 -3.7796706e-01
   1.5065159e-01  6.1799401e-01 -3.0318671e-01 -3.6807916e-01]]