[[ 1.4130193   0.727937    0.4963053  -0.04820647 -0.6093843  -0.77067024
  -0.7633811  -0.3907479  -0.16263856 -0.21793944 -0.4886835  -0.8551297
   0.41833562 -0.23413758 -0.4760586   0.3785228  -0.04880424  0.6114604
  -0.23281874  1.2610152   0.98259896 -0.50728744 -0.49404073 -0.60559547
   0.42130283 -0.3162237  -0.37860003 -0.14439243 -0.370585   -0.62029773
  -0.02712555 -0.57586086  0.19324574 -0.15536888 -0.42203856 -0.26548037
   0.15769127  0.26843977 -0.80032694 -0.53213656 -0.44147184 -0.33345458
  -0.3918213   0.742237    2.1770341   1.054419   -0.42904186 -0.47676045
  -0.14703417  0.15397158  1.3004831   2.68292     0.40972543 -0.15498747
  -0.58014154 -0.6511894  -0.8375098   0.17327338 -0.368393    0.37123743
  -0.23970297 -0.31615964  0.2803437  -0.17832807 -0.39330974 -0.49395776
  -0.77461976 -0.286133   -0.39599046 -0.6514789  -0.02783768 -0.54281867
  -0.3500438   2.1929057   1.0013568  -0.3948211  -0.07632291 -0.42110485
  -0.22372685 -0.17533645  0.8288044  -0.24460796 -0.43086296 -0.6152135
  -0.3559349  -0.6874078  -0.41684765  1.2391831   0.06600111  0.8761414
  -0.35203603  0.41717643 -0.03856004  0.9767592  -0.11215274 -0.33270946
  -0.10402125  1.3209207   0.24250978 -0.4288578 ]]