[[ 0.84468704  0.5627479   0.45938522  0.04333085 -0.4661928  -0.683749
  -0.6621912  -0.5129612  -0.05499184 -0.18210971 -0.3681186  -0.6703735
   0.5891633  -0.22602083 -0.12128334  0.13319148 -0.36479324  0.14616519
  -0.24727793  1.1236079   0.87989175 -0.52285624 -0.4266054  -0.6176213
   0.3417372  -0.27435842 -0.5470131   0.01346937 -0.34312293 -0.6020778
  -0.23624358 -0.41318402  0.13299693 -0.35955235 -0.44400302 -0.3154087
   0.04827796 -0.03298144 -0.7785344  -0.52403843 -0.4674464   0.16994792
  -0.35127348 -0.03343894  2.7785373   0.12874615 -0.22500256 -0.48000863
  -0.23331766  0.20716695  0.26209658  2.3192081   0.63455415  0.04374642
   0.6464797  -0.04275135 -0.7900547   0.39722028  0.1385302   0.5266684
  -0.2821326  -0.23075904  0.23468372  0.15651532 -0.33887154 -0.4740961
  -0.6613452  -0.08337346 -0.24443683 -0.56097037  0.06759596 -0.44395077
  -0.286447    1.8199365   1.1267239  -0.36377355 -0.17039774 -0.42308772
  -0.17366478 -0.31923577  0.76163465 -0.0170759  -0.40100494 -0.5285153
  -0.3806102  -0.578368   -0.38411027  1.2555189  -0.30899608  0.60909176
  -0.29151008  0.24009413 -0.1354856   0.5925795   0.2523998  -0.3175363
   0.04108192  1.2083263  -0.13474524 -0.43477046]]