[[ 0.95587903  0.8834546   0.07086853 -0.12247427 -0.56731737 -0.78452015
  -0.85657364 -0.3829445  -0.24084194 -0.13048784 -0.5145517  -0.92414725
   0.3429341  -0.3059503  -0.6275323  -0.01501754  0.08952894  1.1168461
  -0.23273848  0.6276728   1.2733037  -0.57500315 -0.5684023  -0.5485762
   0.4823081  -0.44424623  0.00485883 -0.13953967 -0.38681465 -0.6716587
   0.18654396  0.05381064 -0.08368231 -0.45765427 -0.2002055  -0.14603178
   0.35473266  0.6386928  -0.7838479  -0.6207872  -0.43056282 -0.350956
  -0.47854552  1.1479831   0.99821746  1.0455194  -0.4194258  -0.15749317
   0.01137966  0.08043985  2.0574055   1.636594    0.03174835 -0.20443016
  -0.711554   -0.6647484  -0.71684176  0.44809705 -0.445853    0.07397384
  -0.2089319  -0.364161   -0.09448653 -0.41244242 -0.39898592 -0.4120412
  -0.80669993 -0.49740702 -0.4470849  -0.6049596  -0.25780764 -0.63554543
  -0.4449228   1.2362646   0.48504594 -0.32984105 -0.36359957 -0.36110634
  -0.08758341 -0.25807083  0.18801574 -0.38245338 -0.36845183 -0.620577
  -0.30924356 -0.759667   -0.4796508   0.4526327   0.43934     0.49625075
  -0.4130461   0.05547336 -0.17646047  0.9755946  -0.20989163 -0.3482881
   0.02399407  0.70834464  0.11388179 -0.35350236]]