[[ 0.84090656  0.778391    0.49722815 -0.04484472 -0.5863963  -0.8398106
  -0.8561411  -0.45850024 -0.24711466 -0.2587265  -0.49443537 -0.98152137
   0.62205476 -0.25825578 -0.6568747   0.74466574 -0.10900783  1.0450916
  -0.23052402  0.87800735  2.1403906  -0.48733371 -0.65321654 -0.5866185
   0.17697616 -0.54027504 -0.3539654  -0.08588627 -0.2631264  -0.5717342
  -0.1257948  -0.2902503   0.0876391   0.02188938 -0.10161182 -0.31657118
   0.5661032   0.26920578 -0.8096403  -0.6505555  -0.51169366 -0.36423346
  -0.40247315  1.4678648   1.0672219   1.1360406  -0.4917164  -0.06546208
  -0.36021483  0.13385502  1.7866664   1.9340944   0.09754937 -0.06876417
  -0.690628   -0.7600151  -0.75139195  0.06229025 -0.4000678   0.15888485
  -0.09993191 -0.31085587  0.06206019 -0.4509316  -0.49942923 -0.53774476
  -0.82297695 -0.48313057 -0.46169513 -0.6820257   0.35042873 -0.54205185
  -0.4730104   1.4229891   1.1479688  -0.48764396 -0.09921243 -0.5039696
   0.08343542 -0.10021819  0.3907963  -0.3850885  -0.4468789  -0.64554936
  -0.4522904  -0.71008193 -0.51378036  0.73027503 -0.12937115  0.38825655
  -0.4725122   0.5198057  -0.2051253   1.1428194   0.3543699  -0.38853148
   0.23590304  0.8532665   0.161563   -0.532404  ]]