[[ 0.86153245  0.73000515  0.5048196  -0.23838489 -0.64716625 -0.8303389
  -0.7235202  -0.2045428  -0.0596466  -0.30938137 -0.5160888  -1.0291148
   0.25705594 -0.28659117 -0.61894333  0.7734053  -0.16148517  0.7455461
  -0.25212443  0.77821213  1.7863661  -0.50223947 -0.6883618  -0.48049966
   0.27053067 -0.4025791   0.06889465 -0.14928946 -0.34268376 -0.69934565
  -0.02601048 -0.02154225  0.10822065 -0.01083196 -0.4728994  -0.15038258
   0.11647814  0.77151567 -0.8848997  -0.5811291  -0.44746715 -0.22144268
  -0.4706229   1.9354333   1.3501971   0.6180851  -0.29184678 -0.13940722
   0.22648644  0.05447957  1.4256244   1.8269427  -0.00992071 -0.2051512
  -0.7432578  -0.75118047 -0.7513606   0.37626952 -0.42786688  0.18485911
  -0.14800395 -0.36037293 -0.03734839 -0.4780473  -0.4238195  -0.4459568
  -0.85596544 -0.512612   -0.4358639  -0.5291432   0.13089898 -0.68818665
  -0.4609553   1.3212553   0.72789395 -0.39462116 -0.36468613 -0.47510943
  -0.31724977 -0.15686516  0.29189196 -0.35054544 -0.48812166 -0.6532962
  -0.50911915 -0.8125982  -0.43623906  0.65410644  0.5668095   0.61427647
  -0.52490836  0.33094147 -0.24910921  0.76621014 -0.04430353 -0.38783926
  -0.17087173  0.9332757  -0.14975804 -0.26156995]]