[[ 0.91876596  1.0858307  -0.05421147 -0.20043486 -0.65590215 -1.0047398
  -0.96155363 -0.6053449  -0.27326322 -0.06034231 -0.54118264 -0.7724675
  -0.03927143 -0.23359863 -0.45592073 -0.03699999 -0.442864    0.18660888
  -0.3774176   1.5887854   1.5900615  -0.5869533  -0.6864095  -0.76211315
   0.12976663 -0.52591527 -0.4133265   1.11019    -0.52641976 -0.633971
  -0.2928631  -0.640294    0.20887043 -0.3635663  -0.27097335 -0.38859394
   0.46178326 -0.21035247 -0.42724246 -0.4929923  -0.5311527  -0.48507756
  -0.26721066  0.1495993   2.211348    0.6721829  -0.5621055   0.0421083
  -0.3480195  -0.01173537  0.81669253  2.9364083  -0.07347982 -0.44681767
  -0.6319235  -0.71898097 -1.0396162  -0.12055786 -0.33427063 -0.07385356
  -0.25460434 -0.23161435  0.33176586 -0.40540442 -0.4406491  -0.786453
  -0.89537305 -0.45100626 -0.35119882 -0.61404574  1.0116595  -0.5182159
  -0.37251624  2.2697818   1.6923587   0.97341925 -0.0847401  -0.18051916
   0.08234794  0.17133358  0.7016573  -0.31521684 -0.2877285  -0.58782697
  -0.3485033  -0.6415614  -0.3720756   1.326349   -0.11169618  0.7458453
  -0.46117273  0.5581444   0.90607107  1.7302082  -0.13843128 -0.35206294
   0.05258792  1.1742096   1.0474584  -0.49185404]]