[[ 0.7839958   0.87195647  0.8892652  -0.01694306 -0.71832937 -0.87675756
  -0.80299854 -0.34723297 -0.0565852  -0.33411384 -0.5756022  -0.9859971
   0.23829004 -0.22932343 -0.6066661   1.0905014  -0.6007437   0.2914046
  -0.3548626   1.1344173   2.2276256  -0.44614133 -0.6667508  -0.5707767
  -0.0350011  -0.44330978 -0.37302098 -0.24250801 -0.4114465  -0.6891161
  -0.43800795 -0.69091135  0.10425866  0.24037685 -0.36379775 -0.3357778
   0.05125442  0.20101951 -0.9227222  -0.53694457 -0.51535606 -0.29156646
  -0.44640717  1.7639138   1.8649875   0.33012602 -0.34204993 -0.4532824
  -0.00479089  0.03307196  0.77243435  2.3879457   0.2950876  -0.1926165
  -0.67414427 -0.80674493 -0.94021636  0.06106548 -0.34290203  0.423636
  -0.23562628 -0.3047922   0.09919712 -0.3047155  -0.49248472 -0.6118779
  -0.86119056 -0.38635877 -0.41212216 -0.6706542   0.39706847 -0.5741056
  -0.42267552  1.6237792   1.1887891  -0.5126619  -0.27951586 -0.5747292
  -0.04425295 -0.01148974  0.60954934 -0.34839448 -0.5293669  -0.631836
  -0.42794955 -0.7981836  -0.4260984   0.9574009   0.30148965  0.7813225
  -0.53151006  0.5892347  -0.16935137  0.41709208  0.25164086 -0.42599273
  -0.03883401  1.1069896  -0.23027438 -0.425776  ]]