[[ 0.8349343   1.004763    0.41563776 -0.24221817 -0.65872    -0.98353356
  -0.9440693  -0.57152206 -0.21196459 -0.16522077 -0.51169956 -1.1133652
   0.6232026  -0.28241116 -0.71267116  0.9200408  -0.44288304  0.8757469
  -0.35069048  0.5637409   2.548756   -0.58907264 -0.76581687 -0.6302806
   0.32670376 -0.728803   -0.06295923 -0.07536053 -0.33011234 -0.77415115
  -0.03752763  0.11982995 -0.11674348 -0.21936224 -0.35915917 -0.42319292
   0.09396628  0.47521073 -0.9855024  -0.73163414 -0.5600887  -0.22977048
  -0.45797023  1.8969522   1.29925     0.45139027 -0.35062677  0.18830764
  -0.26329774  0.20548022  1.6492733   1.600417    0.01918542 -0.12705234
  -0.3634842  -0.6300582  -0.8367874   0.7236152  -0.3373535   0.39259055
  -0.12894057 -0.39016715 -0.07631868 -0.4636596  -0.49285945 -0.61675745
  -0.84906584 -0.5786165  -0.4194497  -0.6813496   0.33246827 -0.79498565
  -0.48959684  1.0981814   0.7819141  -0.27050516 -0.39227843 -0.5047298
  -0.22871432  0.00617323  0.16919279 -0.23957643 -0.46026766 -0.703409
  -0.5936024  -0.91179603 -0.47458544  0.62342256  0.07757048  0.73182225
  -0.6466052   0.2573037  -0.36625072  1.1250186   0.3579611  -0.44279504
   0.10553616  0.78326935 -0.25445077 -0.50993747]]