[[ 1.2480836   1.2503281  -0.1111293  -0.19507444 -0.69693965 -1.1314176
  -1.1212142  -0.6557999  -0.06525803 -0.07753962 -0.52468246 -1.0687177
  -0.18998945 -0.2585722  -0.628581    0.13784942 -0.6688353   0.76466036
  -0.45882308  1.3978187   2.2900295  -0.65956646 -0.8324599  -0.75531304
   0.2138269  -0.63052666 -0.24673268  0.24656068 -0.47028837 -1.0038972
  -0.33244368 -0.06700791  0.14721556 -0.46825352 -0.50972    -0.5251433
   0.1362927   0.91854143 -0.9383185  -0.59308136 -0.64132667 -0.15839514
  -0.4770096   0.50250113  2.4488058   0.40652904  0.09905285 -0.13531739
   0.1876656  -0.02414523  1.7426447   2.734638   -0.28186303 -0.31314138
  -0.19826996 -0.5739982  -0.85447186  0.8993552  -0.11100198  0.18588781
  -0.26140204 -0.1718358   0.14152424 -0.43562245 -0.43672943 -0.9578819
  -1.1332554  -0.6194728  -0.29080015 -0.686679    0.3208608  -0.8405465
  -0.45780897  2.0017357   1.0409441   0.7135661  -0.3590302  -0.16704005
  -0.24521017  0.01193426  0.46940342 -0.31178296 -0.35498437 -0.5667875
  -0.4454863  -1.0181766  -0.39705735  1.0918067   0.86072123  1.3117255
  -0.6956703   0.2847727   0.00763464  1.2277724  -0.05400127 -0.37845105
  -0.15913074  1.1215516   0.04944525 -0.3923989 ]]