[[ 5.77138364e-01  5.55918992e-01  2.06471682e-01 -2.33284652e-01
  -5.62714458e-01 -8.70148659e-01 -8.89355719e-01 -3.91027510e-01
  -6.73936456e-02 -1.61219344e-01 -4.54613656e-01 -9.98113751e-01
   5.30488491e-01 -3.15410525e-01 -4.76671338e-01  6.64245784e-01
  -3.03273529e-01  1.04145229e+00 -2.01977760e-01  9.67951775e-01
   1.67229104e+00 -6.15945935e-01 -5.99682450e-01 -6.67142510e-01
   5.18251002e-01 -4.91039842e-01  2.10337639e-02  3.76250669e-02
  -3.26869518e-01 -7.49743104e-01  4.55159694e-03  3.00881654e-01
   6.90397993e-02 -5.02859116e-01 -5.42433083e-01 -1.76538140e-01
   3.35216194e-01  6.81690037e-01 -1.00436091e+00 -7.29469240e-01
  -5.28105855e-01  1.26905993e-01 -4.83981967e-01  1.50818765e+00
   1.97702694e+00  5.57603478e-01 -2.09885970e-01 -2.40638524e-01
  -1.98934227e-04  1.78310990e-01  1.53276813e+00  2.21414232e+00
   6.80796281e-02 -1.74401045e-01  6.35660648e-01  1.00358427e-02
  -8.25841010e-01  6.50232017e-01 -1.03269592e-01  1.83432311e-01
  -1.86838105e-01 -1.66369021e-01  5.47124557e-02 -3.51480812e-01
  -4.83979255e-01 -4.02555496e-01 -8.77276599e-01 -5.87510347e-01
  -3.82017195e-01 -5.82935333e-01  6.41829446e-02 -7.55681753e-01
  -3.92438203e-01  1.18200278e+00  7.27738559e-01 -4.62891757e-01
  -4.10902321e-01 -4.66255546e-01 -3.49479228e-01 -2.88107414e-02
   4.57647920e-01 -2.25875109e-01 -4.40318197e-01 -6.61860764e-01
  -5.75947881e-01 -8.43386710e-01 -4.67480093e-01  5.67856491e-01
   3.49010348e-01  6.40694559e-01 -4.87198234e-01  6.12970218e-02
  -3.75491917e-01  9.79565084e-01  1.10829294e-01 -3.95546973e-01
  -7.09363818e-02  1.00982964e+00 -2.67466843e-01 -3.32326382e-01]]