[[ 0.79345196  0.6227981   0.8439852  -0.05244391 -0.73294425 -0.9386506
  -0.82405895 -0.38824785 -0.14248696 -0.16997747 -0.54942024 -0.99630153
   0.17019461 -0.2543321  -0.5972584   1.1292756  -0.61153597  0.79181266
  -0.38036942  1.1394205   2.2083488  -0.484772   -0.6474274  -0.58901304
   0.06013883 -0.49916184 -0.3597978  -0.10801367 -0.4196217  -0.70470804
  -0.40229678 -0.5011276   0.10024305  0.23585385 -0.5490883  -0.34785977
   0.34166393  0.0904967  -0.8993299  -0.51855594 -0.559612   -0.33298975
  -0.4576787   2.0465503   1.6399555   0.53878546 -0.2592227  -0.43033573
  -0.1607609   0.10643529  0.8755112   2.3186462   0.18240769 -0.23314399
  -0.75803584 -0.87015986 -0.9936635   0.21696156 -0.28495058  0.33752075
  -0.23339486 -0.28993776  0.08829948 -0.32335946 -0.49639347 -0.64332557
  -0.9161751  -0.47928753 -0.43065298 -0.6524227   0.5530007  -0.67199117
  -0.46012756  1.4018344   1.1732064  -0.10018276 -0.24786425 -0.42809162
  -0.32590285 -0.006425    0.518846   -0.3865956  -0.47968784 -0.6109026
  -0.59819216 -0.81678087 -0.44939607  0.8541271   0.14041841  0.85175616
  -0.58024126  0.60408807 -0.04331798  0.67054236  0.12093967 -0.43038872
  -0.14109865  1.0819453  -0.138425   -0.4861133 ]]