[[ 1.0769117e+00  1.0093553e+00  9.6190840e-02 -1.9127898e-01
  -6.0846227e-01 -9.0545094e-01 -9.4744998e-01 -4.4938964e-01
  -7.6903328e-02 -1.4241339e-01 -4.9287921e-01 -8.8191277e-01
   4.2633478e-02 -2.1738116e-01 -4.5595995e-01  1.4649694e-01
  -5.6641519e-01  4.1570139e-01 -2.5833669e-01  1.6753002e+00
   1.2600210e+00 -5.6443012e-01 -5.4206252e-01 -7.1000934e-01
   2.0384103e-01 -3.4740928e-01 -4.1557860e-01  2.3180367e-01
  -3.9744878e-01 -7.4726093e-01 -2.9855120e-01 -6.0771608e-01
   2.4707854e-01 -3.7743002e-01 -5.0515550e-01 -3.9617613e-01
   2.9911035e-01  3.3413550e-01 -7.4819279e-01 -5.6587106e-01
  -5.3462440e-01 -1.8444447e-01 -4.0414906e-01  3.6343408e-01
   2.7886310e+00  4.2954195e-01 -1.7916693e-01 -2.2503616e-01
  -8.6055286e-03  1.3130948e-01  7.9257828e-01  3.2694399e+00
   9.6417882e-02 -3.6930799e-01 -2.5077024e-01 -5.3399456e-01
  -7.8479415e-01  2.5795091e-02 -2.1669143e-01  1.9129942e-01
  -2.2798891e-01 -2.1881373e-01  3.2368100e-01 -2.9807025e-01
  -4.4961706e-01 -7.1729273e-01 -9.0312642e-01 -4.5477304e-01
  -3.4797025e-01 -7.1659327e-01  3.2964498e-01 -6.0360241e-01
  -3.4574983e-01  2.2905738e+00  1.2605472e+00  1.0480021e-01
  -4.8843503e-02 -3.5364172e-01 -1.5267305e-01 -2.8220499e-03
   9.2157078e-01 -2.2697619e-01 -3.6614653e-01 -6.0196060e-01
  -3.2903624e-01 -7.7645594e-01 -3.5690179e-01  1.4014202e+00
   5.3081954e-01  1.2075883e+00 -4.4334397e-01  4.2903465e-01
   2.2841896e-01  9.4693571e-01 -1.4510143e-01 -3.5213804e-01
  -1.0349429e-01  1.3223042e+00  2.7984267e-01 -2.5919601e-01]]