[[ 1.13422108e+00  4.82910037e-01  2.19071299e-01 -9.11509097e-02
  -5.71280479e-01 -7.63975739e-01 -8.05701256e-01 -4.41650778e-01
  -2.43267179e-01 -2.93274019e-02 -4.65101093e-01 -7.75631726e-01
   3.01389664e-01 -2.59457141e-01 -4.58808631e-01  1.31509647e-01
  -9.26672816e-02  1.12102354e+00 -2.35891536e-01  1.01002610e+00
   6.96469307e-01 -5.68387568e-01 -4.01688725e-01 -5.93634963e-01
   4.58233058e-01 -3.08970630e-01 -3.27976346e-01  1.30722746e-01
  -3.87479454e-01 -5.79647541e-01  2.02961937e-02 -5.28054953e-01
  -1.35411741e-03 -4.05404091e-01 -4.17916894e-01 -2.55035400e-01
   6.11767590e-01  4.82459627e-02 -6.30064487e-01 -5.49647987e-01
  -4.47047591e-01 -4.00096238e-01 -4.33893085e-01  7.57495701e-01
   1.37205148e+00  1.09306479e+00 -3.78829956e-01 -3.10457438e-01
  -3.57325047e-01  2.28460014e-01  1.28752053e+00  2.09855175e+00
   2.50733763e-01 -2.70376861e-01 -6.22528911e-01 -6.34292901e-01
  -7.40897894e-01  1.15906373e-01 -3.64557922e-01  1.80433303e-01
  -2.56656051e-01 -2.82579005e-01  1.36049703e-01 -2.80695468e-01
  -3.81219655e-01 -4.92408693e-01 -7.39392638e-01 -4.09908414e-01
  -4.54045564e-01 -6.62342966e-01  3.78845446e-02 -5.29586673e-01
  -3.80319297e-01  1.51190317e+00  7.80697227e-01  2.69851144e-02
  -1.40443251e-01 -3.16487074e-01 -2.58210868e-01 -1.50812790e-01
   5.55351555e-01 -2.86443025e-01 -3.24119449e-01 -6.06425881e-01
  -3.28029364e-01 -6.56051636e-01 -4.48784798e-01  7.93679476e-01
   2.62844115e-02  8.70978415e-01 -3.37905139e-01  2.32912377e-01
   2.24669695e-01  1.14585018e+00 -3.45421851e-01 -3.36529970e-01
  -1.17442265e-01  9.88147199e-01  4.65736628e-01 -3.77381533e-01]]