[[ 0.97090995  0.63543135  0.35669908 -0.2363309  -0.6205355  -0.85166234
  -0.7595192  -0.46340522 -0.20796576 -0.18519622 -0.4953995  -0.96306336
   0.63601756 -0.24386734 -0.49961585  0.819494   -0.22776288  0.86593115
  -0.23233673  1.0053219   1.368429   -0.5298195  -0.5018886  -0.618328
   0.24481891 -0.27792037 -0.3812135  -0.29867345 -0.34018075 -0.6364801
  -0.13740239 -0.5763386   0.01345889 -0.2078827  -0.4477262  -0.27645442
   0.25894704  0.3040155  -0.84199923 -0.64605653 -0.50300103 -0.34464717
  -0.4394927   0.87962663  1.6588048   0.7558496  -0.33973333 -0.48306426
  -0.10518676  0.41854617  1.2237955   2.2841053   0.22564214 -0.33794716
  -0.4805059  -0.6435433  -0.82684875 -0.02848755 -0.37687728  0.11972164
  -0.22155333 -0.33293128  0.15662575 -0.3568351  -0.4790703  -0.47126672
  -0.6995639  -0.45812774 -0.41037822 -0.7271073   0.12712727 -0.6122796
  -0.38633302  1.579453    0.8098954  -0.5244881  -0.14051257 -0.5110869
  -0.26140225 -0.14811178  0.775812   -0.10364348 -0.43134302 -0.6070479
  -0.3887537  -0.75777763 -0.41893482  0.87833405  0.23856314  0.7831067
  -0.40137142  0.26314098 -0.19819467  0.91360515 -0.16180843 -0.36133263
  -0.00231944  0.949323   -0.01448159 -0.41906425]]