[[ 0.90698683  0.66392905  0.7781931  -0.25216228 -0.6954055  -0.8502211
  -0.77102196 -0.42207286 -0.15424624 -0.31285313 -0.46574304 -1.0630724
   0.33980662 -0.28678933 -0.68515116  1.0782301  -0.10255893  0.66063493
  -0.40562648  0.48365885  2.7464685  -0.4776674  -0.8962506  -0.5298413
   0.29202786 -0.6838444  -0.3058805   0.11443602 -0.37801248 -0.58678323
   0.05002966 -0.24835156 -0.02231096  0.15245357 -0.2834398  -0.43639657
  -0.12488474  0.52150774 -0.83817756 -0.67790556 -0.49220014 -0.19291295
  -0.38814977  1.8454098   1.1036292   1.0741454  -0.47949252 -0.23881456
  -0.1262952  -0.1678942   1.8260645   1.3957272  -0.11207218 -0.11277454
  -0.47706184 -0.6903777  -0.9603098   0.08363358 -0.34444594  0.2001336
  -0.13700143 -0.43342403  0.05007377 -0.5085938  -0.48286954 -0.5771355
  -0.8334922  -0.48178616 -0.44167477 -0.5734643   0.5919891  -0.6628985
  -0.46566364  1.1353282   0.92395777 -0.39659905 -0.5528896  -0.40568912
  -0.22906129 -0.05767322 -0.00360092 -0.38995022 -0.5232849  -0.76481634
  -0.6821162  -0.80097973 -0.50226206  0.52608865 -0.19583593  0.24413651
  -0.6277046   0.3942655  -0.29654586  1.5174377   0.33511496 -0.38199705
  -0.07096657  0.6647884   0.24308777 -0.53492355]]