[[ 1.05823827e+00  1.00273299e+00 -2.35387832e-02 -2.50422388e-01
  -6.31816804e-01 -1.01603484e+00 -9.26986158e-01 -8.00132334e-01
  -3.75559986e-01 -2.58130543e-02 -5.06309152e-01 -9.87570822e-01
   8.85254562e-01 -2.66570449e-01 -6.43523574e-01  6.57036006e-01
  -3.56698409e-04  1.15439057e+00 -4.06326264e-01  4.96055454e-01
   1.79466832e+00 -6.41383410e-01 -7.30266035e-01 -6.54289246e-01
   2.82170385e-01 -6.36886120e-01 -2.69502491e-01 -1.88485920e-01
  -4.47570235e-01 -6.59493387e-01 -5.41144982e-02 -8.15087557e-02
  -2.18891457e-01 -5.59540391e-01 -8.87867957e-02 -4.49400544e-01
   1.37017772e-01  3.71282399e-01 -7.97433794e-01 -7.34060168e-01
  -5.71956038e-01 -3.74819934e-01 -4.07519817e-01  3.14273119e-01
   1.12199867e+00  8.67173553e-01 -1.01943977e-01 -3.27433914e-01
  -5.18029392e-01  3.25371087e-01  1.79264212e+00  1.58219814e+00
  -1.11001320e-01 -2.92193860e-01 -4.16309953e-01 -6.44530237e-01
  -7.98984289e-01  4.59923238e-01 -2.79289126e-01 -5.48011214e-02
  -2.32109174e-01 -4.16739374e-01  9.17240158e-02 -3.33831251e-01
  -4.57953185e-01 -5.32634974e-01 -6.38262570e-01 -5.29807091e-01
  -3.38968128e-01 -7.41897702e-01  1.42082453e-01 -6.74895287e-01
  -4.51581031e-01  1.37662125e+00  7.52148330e-01 -1.47763982e-01
  -3.38095188e-01 -3.52400422e-01 -2.14204825e-02 -2.16846064e-01
   2.22757027e-01 -2.45067142e-02 -2.96309233e-01 -5.76723516e-01
  -3.98229986e-01 -8.10181439e-01 -4.40788150e-01  5.69739461e-01
  -2.51889648e-03  4.54520166e-01 -5.68704486e-01  3.89657803e-02
  -5.12402594e-01  1.48047209e+00 -1.13383316e-01 -3.42414021e-01
   2.93730021e-01  6.50566399e-01  6.77190274e-02 -5.92804253e-01]]