[[ 0.79919755  0.77989376  0.7601174  -0.03712982 -0.6696737  -0.8675421
  -0.7709775  -0.32147276 -0.03994915 -0.3216222  -0.549771   -0.96908253
   0.18981084 -0.24852328 -0.6044936   0.7812659  -0.5865755   0.30145356
  -0.38193333  1.0329435   2.1126795  -0.45329088 -0.7032306  -0.57715154
  -0.05603597 -0.41638905 -0.3359791  -0.15678227 -0.43205154 -0.7043154
  -0.4351142  -0.65138966  0.13430487  0.0765331  -0.45012343 -0.36890987
   0.07742149  0.34651798 -0.8796975  -0.5368142  -0.5096293  -0.11937694
  -0.44447556  1.3818066   1.8594862   0.3173898  -0.26507637 -0.23401904
   0.20676236 -0.02704238  0.9254547   2.1701035   0.26263005 -0.00839341
  -0.68783003 -0.7979545  -0.8240228   0.1517214  -0.35838315  0.49535885
  -0.21018279 -0.3096581   0.03325434 -0.2711005  -0.45927554 -0.627221
  -0.8934877  -0.38291672 -0.40494037 -0.6181458   0.4776379  -0.5792271
  -0.44664615  1.4958488   0.983753   -0.3591446  -0.34495488 -0.5208499
  -0.16179422 -0.07280175  0.45602685 -0.3623181  -0.53207403 -0.6288236
  -0.41457707 -0.7899828  -0.40572774  0.84243554  0.48677927  0.672496
  -0.5539092   0.4730854  -0.12568204  0.5225256   0.15448001 -0.4039909
  -0.09183405  0.99426883 -0.14814557 -0.35008287]]