[[ 0.5182195   1.1845227  -0.28640845 -0.28070503 -0.5611581  -0.8627672
  -0.8548577  -0.48550522  0.10473581 -0.24438587 -0.44615784 -0.89037746
  -0.12055855 -0.25528407 -0.4856769   0.20575096 -0.49941158  0.34296262
  -0.33006665  0.9239087   1.8811358  -0.60914415 -0.6882503  -0.5806509
   0.16165572 -0.4705057  -0.4861178   0.1392725  -0.4102723  -0.7265728
  -0.3568206  -0.30123922  0.11485092 -0.48532635 -0.12187755 -0.5213197
   0.03642586  0.6405785  -0.73169535 -0.6109406  -0.5470098   0.00885209
  -0.44237122 -0.09911533  1.8319643   0.12667404 -0.00506074 -0.26248187
   0.21223593 -0.09604762  0.78488135  2.0109282  -0.5295743  -0.47785974
   0.29023173 -0.17724049 -0.58164155 -0.03049476  0.01338596 -0.34136677
  -0.07399781 -0.19226582  0.02794471 -0.50700086 -0.45561004 -0.6455228
  -0.83168435 -0.60242987 -0.32435355 -0.62830484  0.10313962 -0.538744
  -0.41403323  1.6085548   0.9890582   0.02973507 -0.30248842 -0.33522394
   0.21222988 -0.08164557  0.4687685  -0.2544915  -0.25944754 -0.48645365
  -0.2510476  -0.7961038  -0.43696675  0.7582987   0.41944587  0.54558176
  -0.49594057  0.1678298  -0.26010594  0.6778165   0.16368397 -0.35101795
   0.05340143  0.64199555 -0.118553   -0.19671398]]