[[ 0.40075997  1.2471241   0.76411855 -0.18763305 -0.68050015 -0.91549426
  -0.9621831  -0.43964696 -0.17098787 -0.33693728 -0.56361026 -1.1782167
   0.3782456  -0.27771267 -0.8059367   1.0922611  -0.50066537  0.6161418
  -0.39289585  0.47511092  2.9708395  -0.5423922  -0.67128664 -0.57054484
   0.50709724 -0.89270884 -0.07602768  0.06555594 -0.39787024 -0.7530537
   0.09401418  0.39360905 -0.10111279  0.03310528 -0.39120233 -0.5081802
  -0.16459735  0.34741002 -1.0345082  -0.70368063 -0.5282861  -0.17822699
  -0.3980602   2.5846882   1.2517275   0.2890056  -0.48060206  0.36362848
  -0.23072208 -0.19597492  1.4244351   1.5831147  -0.1384433  -0.10084545
  -0.28258964 -0.5650669  -0.9085328   0.328291   -0.3670006   0.26089695
   0.1242295  -0.33285683 -0.19202779 -0.357305   -0.5466501  -0.5989371
  -0.86671555 -0.6282417  -0.46447375 -0.5958473   0.4525849  -0.7963268
  -0.5508217   1.1710799   0.92788327 -0.5181741  -0.21109162 -0.5020326
  -0.26502877  0.24739513  0.3406651  -0.49061415 -0.48586622 -0.70186615
  -0.7431398  -0.90657866 -0.5044464   0.46891844 -0.05557961  0.04821746
  -0.7176155   0.5509555  -0.37655357  0.67648906  0.88073057 -0.4922073
  -0.04509465  0.6176067  -0.4281306  -0.5305642 ]]