[[ 0.5590847   0.69757456  0.19494087 -0.19446611 -0.5099     -0.8264275
  -0.72896844 -0.3097341   0.04529633 -0.3336114  -0.44337967 -0.9180385
   0.62107337 -0.3145034  -0.4575819   0.4373267  -0.21051101  0.629862
  -0.22438625  0.734265    1.4444607  -0.60638994 -0.66213477 -0.5807733
   0.39134663 -0.4200557   0.27690193  0.08966044 -0.31952423 -0.7557692
   0.07307963  0.53319854  0.1018628  -0.5222722  -0.5117906  -0.09065141
   0.06779183  0.83127874 -0.9219176  -0.6308629  -0.44742504  0.10387646
  -0.45760635  1.1190053   1.9343619   0.07617356 -0.13537559  0.06345623
   0.19203812  0.08841888  1.2869635   1.8036882   0.10378768 -0.05611836
   0.4787609   0.04257154 -0.6241667   0.90099925 -0.20278403  0.21491869
  -0.16126718 -0.16400467 -0.08719413 -0.27792373 -0.39175442 -0.3451298
  -0.8620347  -0.45408636 -0.3465463  -0.4448133  -0.05204875 -0.6914011
  -0.42245564  1.3071396   0.7409841  -0.35782212 -0.48068118 -0.40606964
  -0.32801414 -0.22137189  0.33838508 -0.22301702 -0.43457526 -0.6072292
  -0.54289883 -0.8081106  -0.43014336  0.6890445   0.4844126   0.5376538
  -0.4790701   0.03154253 -0.33776703  0.7947149   0.15978904 -0.3874271
  -0.08053939  0.9922053  -0.37229812 -0.25179315]]