[[ 1.5610951   0.67240644  0.23720478 -0.0617457  -0.5523426  -0.6616339
  -0.80852956 -0.38494724 -0.19703189 -0.16826162 -0.45868558 -0.7819771
   0.52616644 -0.20358557 -0.34579024  0.14726792  0.00615811  0.96940964
  -0.05682492  1.4371889   0.12512705 -0.52642345 -0.19776735 -0.6023804
   0.62072897 -0.12111305 -0.36738455 -0.46409738 -0.23813717 -0.6147197
   0.12349565 -0.55879736  0.19473314 -0.3399237  -0.41359922 -0.13200162
   0.37525845  0.09371343 -0.7966886  -0.5193298  -0.42684504 -0.40759256
  -0.4308229   0.48273507  2.3155077   1.0189564  -0.33517292 -0.6013131
  -0.3701571   0.49503833  1.0618564   2.9791498   0.5327576  -0.2569721
  -0.5163514  -0.55795157 -0.7070163   0.13261548 -0.3480861   0.27896234
  -0.28912002 -0.27296567  0.3777454  -0.17973718 -0.35970208 -0.38138428
  -0.67629683 -0.3010806  -0.40135667 -0.7237978  -0.45229203 -0.49126008
  -0.28949103  2.377716    0.8454586  -0.5993864   0.19052586 -0.4103806
  -0.20228407 -0.24936089  1.2509178  -0.1269472  -0.34804708 -0.5475747
  -0.26301226 -0.66848063 -0.40613195  1.499687    0.05657618  1.2939291
  -0.18428373  0.3675452  -0.01400768  0.7028183  -0.3338157  -0.31174886
  -0.06340021  1.4566112   0.12974457 -0.36402538]]