[[ 0.7720063   0.6098599   0.7974387  -0.25486493 -0.6925516  -0.83615947
  -0.72076213 -0.37682226 -0.10521205 -0.35123518 -0.4761119  -1.0368749
   0.3403836  -0.2817791  -0.6475596   1.149245   -0.15452817  0.54594254
  -0.39142624  0.4861511   2.6527972  -0.47457337 -0.87495863 -0.5099729
   0.25737864 -0.66849786 -0.3291842   0.14453773 -0.37613344 -0.57073754
  -0.05015495 -0.2651502  -0.00756799  0.1972813  -0.3154723  -0.43913296
  -0.13693655  0.45353904 -0.8343729  -0.64851654 -0.48437348 -0.13934289
  -0.3821928   1.859109    1.1269808   0.90545136 -0.45617133 -0.26899374
  -0.13789374 -0.17191747  1.5586951   1.4029783  -0.11318532 -0.10115805
  -0.39965025 -0.6454971  -0.9254736   0.0487551  -0.29212302  0.18044633
  -0.11959966 -0.42614484  0.02293763 -0.47926843 -0.48039934 -0.5294808
  -0.804979   -0.47765535 -0.43622482 -0.54465795  0.60642076 -0.6482933
  -0.47288418  1.1088085   0.9617558  -0.40940335 -0.52491647 -0.44615206
  -0.23607302 -0.04967909  0.06479143 -0.3821591  -0.50560856 -0.7302721
  -0.68525577 -0.7695606  -0.49602365  0.48915607 -0.2715495   0.16743948
  -0.61106896  0.43770525 -0.28881824  1.3383607   0.38667893 -0.397675
  -0.08260321  0.6708586   0.11510088 -0.5086971 ]]