[[ 0.83356     0.66203827  0.74284196 -0.09300762 -0.6342567  -0.8285758
  -0.7091039  -0.49900222 -0.06514123 -0.35242364 -0.33511096 -0.98228973
   0.8205623  -0.28044468 -0.5546554   0.9321397  -0.26951382  0.39910775
  -0.2792837   0.59396523  2.360136   -0.5046015  -0.75654346 -0.5903842
   0.22944398 -0.5672042  -0.35378036  0.08903758 -0.282377   -0.6162332
  -0.22688662 -0.24819897  0.03564997 -0.03551502 -0.24557073 -0.39864904
  -0.05592385  0.43204787 -0.8589501  -0.62844557 -0.5073085  -0.10320038
  -0.40508226  1.3256406   1.5369098   0.5635084  -0.35866436 -0.3556904
  -0.09168649 -0.09418972  1.3760989   1.6023209   0.26301593  0.05638678
   0.00944858 -0.40054068 -0.8514368   0.392008   -0.15458566  0.42608613
  -0.24073157 -0.29823166  0.00375521 -0.2647579  -0.4570611  -0.5109453
  -0.80904806 -0.3543337  -0.39743122 -0.6013203   0.34543276 -0.59646
  -0.43020883  1.383338    1.0567836  -0.36602274 -0.50562656 -0.51589143
  -0.0611872  -0.11576763  0.27712733 -0.3281793  -0.48075643 -0.6549652
  -0.51619524 -0.7435721  -0.4873526   0.6204364  -0.18826453  0.3154513
  -0.5336059   0.31079328 -0.34443805  0.9437849   0.4392565  -0.3880763
   0.05493722  0.8946021  -0.08941414 -0.4810913 ]]