[[ 8.1186807e-01  5.6976444e-01  3.7709239e-01 -1.8176262e-01
  -5.1815337e-01 -7.9518056e-01 -8.0419940e-01 -3.7464312e-01
  -1.9191647e-01 -1.9668113e-01 -5.0565600e-01 -8.0491763e-01
   3.3234870e-01 -1.9728540e-01 -3.3486885e-01  6.0337603e-01
  -4.8310053e-01  7.2035855e-01 -1.7317881e-01  1.3857706e+00
   1.0989918e+00 -4.9781618e-01 -2.7050406e-01 -6.1834121e-01
   1.9957204e-01 -1.9602840e-01 -3.6805612e-01  6.3564219e-02
  -2.9704171e-01 -6.1614054e-01 -2.3092526e-01 -6.6828376e-01
   9.7145930e-02 -8.5925743e-02 -5.2032828e-01 -1.7557219e-01
   5.0120741e-01 -2.0399305e-01 -7.1868896e-01 -4.8158613e-01
  -4.9686313e-01 -4.0462145e-01 -4.1419718e-01  1.0634522e+00
   1.9227473e+00  4.0793505e-01 -3.8441104e-01 -5.3519312e-02
  -3.4812868e-01  5.1118821e-01  3.8328153e-01  2.6850121e+00
   3.0364269e-01 -3.9168859e-01 -5.9123850e-01 -6.8608260e-01
  -6.9032419e-01 -9.2836075e-02 -3.2596663e-01  1.1995790e-01
  -1.8029669e-01 -2.3753946e-01  2.2880350e-01 -3.5170317e-01
  -4.3189412e-01 -4.8959258e-01 -7.6231962e-01 -4.4716248e-01
  -4.2369449e-01 -6.9857401e-01  3.6315766e-01 -5.1957083e-01
  -3.6494952e-01  1.8012352e+00  1.1569774e+00 -1.2089148e-01
   3.4930772e-01 -4.3139464e-01 -2.4689861e-01 -1.8336019e-02
   1.1456451e+00 -1.9616173e-01 -3.8232881e-01 -5.2283186e-01
  -4.2885742e-01 -6.7829961e-01 -3.9542142e-01  1.2915825e+00
   4.6410874e-02  1.0431427e+00 -3.1309855e-01  5.5244195e-01
   3.7324500e-01  6.9750291e-01 -1.8306300e-03 -3.8487071e-01
   2.2749769e-02  1.1650690e+00  1.2671031e-01 -4.1750145e-01]]