[[ 0.859011    0.43150818  0.48656753 -0.11066888 -0.689996   -0.9348703
  -0.7489999  -0.43300748 -0.20623909 -0.25223356 -0.49945787 -1.0641334
   0.41533855 -0.31953764 -0.6374369   0.6455765  -0.38810852  0.8118857
  -0.386312    0.7045218   2.6017387  -0.49037614 -0.8256421  -0.66637594
   0.08121867 -0.5382901  -0.33406436  0.26968223 -0.4001099  -0.6631054
  -0.31028992 -0.44377488  0.21116808 -0.10814933 -0.33934963 -0.39255548
   0.5877013   0.43173125 -0.7677957  -0.6578334  -0.58518916 -0.02630437
  -0.43138778  1.5330765   0.9612857   1.0969344  -0.4136272  -0.0039261
   0.24837649 -0.05437922  2.1255713   1.3962379   0.09122619  0.20105816
  -0.7408685  -0.88221484 -0.9092951   0.18974884 -0.35770613  0.39268616
  -0.21639809 -0.32358497 -0.02882303 -0.4655904  -0.5073193  -0.6325106
  -0.9375562  -0.49568805 -0.44879788 -0.56225395  1.0043504  -0.6638286
  -0.5322425   0.92086     0.9282029   0.04679395 -0.6305356  -0.44018516
  -0.17665027  0.01997354  0.05905284 -0.36257526 -0.5019895  -0.67770725
  -0.56365937 -0.7989569  -0.47783762  0.18118048  0.10883638  0.29373243
  -0.60759425  0.27494475  0.03495153  1.4467404   0.14171356 -0.35700876
   0.0559778   0.67303765  0.4056598  -0.435244  ]]