[[ 0.7705685   0.60367066  0.0889703  -0.1999084  -0.43988186 -0.6408611
  -0.7000891  -0.3199782  -0.177704   -0.29360256 -0.20421529 -0.92450434
   0.5431461  -0.303219   -0.5416815  -0.20047592 -0.3784913   0.40029135
  -0.02785725  0.77636486  1.2482569  -0.4579166  -0.4893325  -0.56836724
   0.02499934 -0.38326162 -0.31027237 -0.43096957 -0.0856612  -0.6482326
  -0.23824434 -0.10840877  0.17584848 -0.42142972 -0.4671588  -0.3729846
  -0.07670335  0.5200131  -0.76801395 -0.5377758  -0.48414755  0.01887666
  -0.44590336  0.45725837  1.8839381   0.18302976 -0.37354496 -0.02303695
   0.3245516  -0.02981995  1.2911177   1.981941    0.12204935  0.32686555
  -0.5849395  -0.61019367 -0.5835266   0.44437528 -0.31517485  0.44126815
  -0.16194539 -0.3396814  -0.03465122 -0.2783116  -0.37509942 -0.4695949
  -0.8102288  -0.40943342 -0.4092683  -0.5560526  -0.04036584 -0.5459005
  -0.41393435  1.479847    0.41300973 -0.33126915 -0.1575347  -0.4004228
  -0.2906434  -0.36645922  0.42788458 -0.4326865  -0.44251904 -0.5183218
  -0.32461607 -0.685027   -0.40123245  0.8727895   0.22049372  0.4763319
  -0.37494096  0.13048187 -0.2910951   0.3073198  -0.17070325 -0.34062955
  -0.07045987  0.8114541  -0.29299942 -0.25697568]]