[[ 8.9767963e-01  2.4801619e-01  8.1499612e-01 -2.2138074e-01
  -6.7749858e-01 -8.4248650e-01 -6.9906026e-01 -2.7462122e-01
  -1.2015306e-01 -3.7298131e-01 -5.0560594e-01 -1.0186238e+00
   2.7949360e-01 -2.7280813e-01 -5.7795960e-01  1.1408247e+00
  -3.7214527e-01  5.7664651e-01 -3.4412253e-01  5.9273684e-01
   2.3075080e+00 -4.3819550e-01 -6.8620121e-01 -5.3291994e-01
   1.3793467e-01 -4.6657550e-01 -2.3176514e-01 -7.7301636e-04
  -3.5525662e-01 -6.3651115e-01 -2.4133988e-01 -4.5721444e-01
   1.2740417e-01  1.9412106e-01 -4.9649942e-01 -2.9943183e-01
   1.0739100e-01  2.2105451e-01 -8.4681243e-01 -5.8567727e-01
  -5.0922090e-01 -5.7215270e-02 -4.3945250e-01  1.9758692e+00
   1.2883432e+00  6.0873139e-01 -3.4559929e-01 -1.6554758e-01
  -3.1891443e-02  2.4800068e-02  1.1719371e+00  1.5330560e+00
   9.1603048e-02  6.9255188e-02 -6.8284518e-01 -8.0559325e-01
  -8.4480661e-01  1.5929659e-01 -3.2564715e-01  3.5259011e-01
  -1.8083571e-01 -3.9301988e-01  8.4768189e-03 -4.3542892e-01
  -4.8098812e-01 -5.0428861e-01 -8.6191565e-01 -4.8631552e-01
  -4.4584596e-01 -5.6125814e-01  7.7437198e-01 -6.2843585e-01
  -4.6407920e-01  1.1802087e+00  8.9008307e-01 -3.3698380e-01
  -3.9464915e-01 -4.9340573e-01 -3.6104214e-01 -8.8233761e-02
   3.0606154e-01 -3.9224911e-01 -5.4784042e-01 -6.5456885e-01
  -6.7286205e-01 -7.7763319e-01 -4.5446032e-01  6.2271345e-01
   7.4417219e-03  5.5775893e-01 -5.4561096e-01  4.3469059e-01
  -1.3185988e-01  1.0309653e+00  1.6705544e-01 -4.1782799e-01
  -6.9370970e-02  8.3124763e-01  4.4236118e-03 -4.2037624e-01]]