[[ 1.124917    0.92837167  0.02559518 -0.19717439 -0.53471756 -0.81423306
  -0.89949244 -0.29597867 -0.08962075 -0.1480056  -0.5045901  -0.93396246
  -0.10689787 -0.26646382 -0.5725749   0.04950386 -0.5357168   0.32034567
  -0.23751317  1.206012    1.3747334  -0.4922589  -0.54109865 -0.65650976
   0.17098902 -0.39304063 -0.4104929  -0.23898762 -0.3221575  -0.75765544
  -0.30209482 -0.552274    0.29729235 -0.41674912 -0.471315   -0.39741647
   0.16518016  0.41216516 -0.78494674 -0.5579756  -0.5437953   0.04215454
  -0.4588661   0.56269413  2.2797856   0.43946964 -0.2776306   0.02220567
   0.37259084  0.02872597  1.0858291   2.566071    0.00525656  0.03508267
  -0.66736597 -0.6911759  -0.72075605  0.20327903 -0.35279095  0.4260932
  -0.20888583 -0.28520265  0.07861459 -0.358792   -0.4307878  -0.6526939
  -0.9672393  -0.46915177 -0.3900509  -0.6221288   0.32427248 -0.6200056
  -0.3952118   1.6927202   0.682905   -0.16367283 -0.20080827 -0.39135426
  -0.22308932 -0.17102973  0.44107038 -0.34199676 -0.4560345  -0.59414256
  -0.31427276 -0.8075637  -0.36863124  1.11872     0.6185022   1.0779474
  -0.47058403  0.22787647 -0.03775569  0.74042165 -0.23602067 -0.33636403
  -0.00693555  1.0923913   0.00293019 -0.21287999]]