[[ 1.1631167   1.435907   -0.02472506 -0.26637942 -0.57228476 -0.7718026
  -1.3365434  -0.6294975  -0.38516495  0.12010228 -0.603239   -0.98153365
   0.00681757 -0.24426635 -0.7231234  -0.11942418 -0.36364195  1.5017753
  -0.35524938  0.9302194   2.283945   -0.592698   -0.65232086 -0.6630727
   0.7202893  -0.829284   -0.15727517 -0.19878353 -0.33421102 -0.688934
   0.9099701   0.32632238 -0.11902595 -0.58257484 -0.21657926 -0.46605477
   0.1628747   0.17906311 -0.809697   -0.7653634  -0.5279119  -0.42831862
  -0.38956603  1.1382438   1.4566321   0.9288503  -0.41451594  0.3842089
  -0.5758224   0.19216296  1.8745967   2.1580598  -0.29900914 -0.3507925
  -0.7023901  -0.7017006  -0.81145436  0.14519417 -0.47850677 -0.06106598
  -0.11178205 -0.40403774  0.44572204 -0.58582515 -0.45003384 -0.6869686
  -0.7897272  -0.6066739  -0.46437865 -0.70432836  0.21808146 -0.71714044
  -0.3896897   1.3538864   0.5774462  -0.38472915 -0.15285899  0.05585803
  -0.25733697  0.07499551  0.3095999  -0.28622013 -0.33006406 -0.8080713
  -0.67722446 -0.9440407  -0.47727442  1.2909987  -0.11716809  1.1820223
  -0.6135134   0.40056726  0.06140308  1.8638246   0.02232762 -0.3612833
   0.05150862  0.70098484  0.687474   -0.49608847]]