[[ 0.71229106  0.8062285   0.3242245  -0.05268945 -0.45242634 -0.73341334
  -0.77121115 -0.4064258  -0.12188331 -0.24122865 -0.49771124 -0.77752334
   0.1983422  -0.23976792 -0.45924187  0.33661553 -0.4676149   0.26097894
  -0.20738643  1.1817333   1.2904785  -0.46516624 -0.3383543  -0.56147325
   0.05025635 -0.29094785 -0.43190634 -0.30256528 -0.32789522 -0.6233648
  -0.31489077 -0.6289893   0.17004599 -0.09257886 -0.3261944  -0.30287543
   0.13399576  0.04650981 -0.77442646 -0.5128228  -0.499407   -0.31785667
  -0.43215     0.6551488   1.997544    0.28969416 -0.40173876 -0.0835017
  -0.0291973   0.19347997  0.5518671   2.3965013   0.17208153 -0.2741837
  -0.5855625  -0.6396607  -0.59718424  0.02821682 -0.28427038  0.14497425
  -0.11457773 -0.23979738  0.14512543 -0.19413128 -0.42945874 -0.5188662
  -0.7743547  -0.36645454 -0.3884493  -0.68495333  0.01384339 -0.4577499
  -0.37643617  1.8428836   0.94263375 -0.49054143  0.23709226 -0.48542622
   0.01533536 -0.14432171  0.8662297  -0.25333315 -0.3957907  -0.48769352
  -0.21294892 -0.6573509  -0.41704363  1.1654767   0.14932017  0.72800463
  -0.34088138  0.42167643 -0.09691931  0.23633689  0.1262567  -0.35705924
   0.01936293  0.9512691  -0.12796289 -0.401777  ]]