[[ 1.3587668e+00  1.0121951e+00  3.5415560e-01 -9.1990404e-02
  -5.6772596e-01 -8.2527357e-01 -8.3030707e-01 -4.9173310e-01
  -1.9157405e-01 -1.2605233e-01 -4.6808079e-01 -8.9691216e-01
   6.2335479e-01 -2.3601286e-01 -5.4242122e-01  4.7900358e-01
  -1.7412297e-01  4.2928782e-01 -2.2325078e-01  1.2993500e+00
   1.0015125e+00 -5.2055764e-01 -5.3453583e-01 -6.4233017e-01
   2.6883930e-01 -4.0827748e-01 -4.2922154e-01 -3.8187411e-01
  -3.5448247e-01 -6.4124632e-01 -1.2058988e-01 -5.0685698e-01
   1.8933158e-01 -3.5905641e-01 -4.0718117e-01 -3.7398660e-01
  -3.2874480e-02  3.3121392e-01 -8.3554083e-01 -5.9567153e-01
  -4.8625550e-01 -3.1171355e-01 -3.8753387e-01  3.9416122e-01
   2.4251163e+00  7.3526722e-01 -3.5795429e-01 -4.7788262e-01
  -1.0543738e-01  1.5481691e-01  1.0855783e+00  2.9388275e+00
   3.5786432e-01 -1.7826527e-01 -4.4208112e-01 -5.8573627e-01
  -8.5800552e-01  2.2413014e-01 -3.5145253e-01  3.9689294e-01
  -2.2708705e-01 -2.9869953e-01  3.7248093e-01 -8.2942456e-02
  -4.2617255e-01 -5.4264349e-01 -7.1676505e-01 -2.8389350e-01
  -3.6231363e-01 -7.0825970e-01 -1.2218209e-01 -5.7019627e-01
  -3.2162565e-01  2.2578595e+00  9.8674029e-01 -5.2184755e-01
  -3.2894783e-02 -4.7128174e-01 -2.0415005e-01 -1.9237027e-01
   7.0716661e-01 -1.3098775e-01 -4.3828475e-01 -6.1828458e-01
  -2.8736189e-01 -7.2283739e-01 -3.8241214e-01  1.3426695e+00
   2.0482865e-01  8.6871880e-01 -4.1537356e-01  3.4347051e-01
  -3.3247328e-01  8.0873495e-01 -1.6542552e-01 -3.3291882e-01
  -1.8025739e-03  1.3743480e+00  1.5841391e-02 -4.0506488e-01]]