[[ 0.8731113   0.58412075  0.70878714 -0.12164999 -0.6202783  -0.7933328
  -0.77761465 -0.32050994 -0.1631491  -0.24914168 -0.5182728  -0.92597497
   0.23293476 -0.2528196  -0.6328385   0.7994722  -0.23291503  0.70485175
  -0.3325238   1.0069249   1.6278931  -0.49195793 -0.6201329  -0.57348543
   0.16456515 -0.46715358 -0.36358047  0.01370186 -0.40903986 -0.5494503
  -0.18064448 -0.60321486  0.06006942  0.05093909 -0.46421108 -0.37393132
   0.2630127   0.20518172 -0.809091   -0.58826584 -0.4692166  -0.30671966
  -0.4070826   1.5152651   1.4579241   0.94758976 -0.4302549  -0.31948733
  -0.19310084  0.05712929  1.3346491   2.3874042   0.18285255 -0.1831747
  -0.6826882  -0.7319483  -0.82923365  0.01282474 -0.4171068   0.29513368
  -0.1696091  -0.35811192  0.1699773  -0.31525236 -0.45973706 -0.49966988
  -0.8170837  -0.46675223 -0.4815222  -0.6423974   0.30637792 -0.60810673
  -0.43697816  1.349695    0.842358   -0.29718408 -0.07114944 -0.45149985
  -0.29700026 -0.07315257  0.51083696 -0.36439893 -0.45830178 -0.67699397
  -0.4725721  -0.7112646  -0.45648065  0.7720578   0.07049466  0.5386699
  -0.48521727  0.56818396  0.01739264  1.0459409   0.04388953 -0.41383106
  -0.1405055   0.8771813   0.17545025 -0.44034103]]