[[ 1.4217839   0.59700745  0.60753304 -0.05450796 -0.6164726  -0.76786023
  -0.6880254  -0.35433382 -0.11738624 -0.28725716 -0.47165978 -0.88193023
   0.30170932 -0.27129465 -0.5333838   0.5297132   0.03905077  0.397566
  -0.3114476   0.8464205   1.3009113  -0.5004021  -0.6376796  -0.5404553
   0.41006437 -0.39457223 -0.3638964   0.04228686 -0.41150212 -0.6023145
  -0.02364345 -0.54885185  0.14805356 -0.13004857 -0.3743168  -0.33720535
  -0.03923     0.46090466 -0.74038124 -0.5599189  -0.43997365 -0.27028546
  -0.40320867  0.90099114  1.6943762   1.0963283  -0.42158026 -0.3822454
  -0.02073685 -0.10342836  1.4322997   1.9855134   0.28066698 -0.11731159
  -0.59409326 -0.67048335 -0.81886774  0.2090415  -0.3647182   0.41216853
  -0.21697955 -0.35414362  0.18001318 -0.20666377 -0.3869969  -0.5283394
  -0.7756001  -0.25937912 -0.40445435 -0.5973745   0.10589686 -0.5418828
  -0.37816888  1.785503    0.8600613  -0.23959401 -0.30205995 -0.43179715
  -0.22166039 -0.15464212  0.38400555 -0.2864755  -0.4674965  -0.65540224
  -0.37276947 -0.706063   -0.4317926   0.8518356   0.06854223  0.6509361
  -0.43188235  0.31097052 -0.12083171  1.1989764  -0.05906291 -0.32962424
  -0.15182254  1.0972747   0.3691471  -0.39664763]]