[[ 8.07920396e-01  2.91002870e-01  8.17813337e-01 -3.03753227e-01
  -7.01609373e-01 -9.07556832e-01 -6.22875869e-01 -3.28538060e-01
  -1.50708765e-01 -4.67599183e-01 -4.34330285e-01 -1.09107184e+00
   7.80316830e-01 -3.36571664e-01 -6.38803720e-01  1.44988549e+00
   2.24184692e-01  7.89460540e-01 -3.08505386e-01  2.16029912e-01
   2.57132840e+00 -5.22322416e-01 -9.27587926e-01 -5.09266675e-01
   4.92902905e-01 -6.90947890e-01  2.48453230e-01  3.64881068e-01
  -3.32856297e-01 -5.96675694e-01  1.64437249e-01  4.91767794e-01
   6.05291221e-04  1.54135644e-01 -3.55725318e-01 -1.32147908e-01
  -1.07886828e-01  6.66856825e-01 -9.21828628e-01 -6.71005011e-01
  -4.73219037e-01 -8.82647634e-02 -3.89588028e-01  2.67600346e+00
   1.05320001e+00  1.01438510e+00 -4.58872557e-01 -1.13993362e-01
  -2.46844992e-01 -1.41403437e-01  1.99227095e+00  1.12260020e+00
  -8.94919857e-02  6.55753305e-03 -7.78641552e-02 -4.13593084e-01
  -9.52539563e-01  6.73432589e-01 -3.18657458e-01  1.61716014e-01
  -1.63869575e-01 -4.07168299e-01 -1.24378234e-01 -5.16023576e-01
  -4.66489822e-01 -2.91495681e-01 -8.50919485e-01 -5.37704885e-01
  -4.30088341e-01 -4.31525737e-01  6.17809415e-01 -7.47545838e-01
  -5.06561160e-01  1.07715607e+00  1.04282725e+00 -3.49867493e-01
  -6.97961390e-01 -4.71921295e-01 -3.07737768e-01 -1.28162459e-01
  -4.04181797e-03 -4.02341545e-01 -5.34700572e-01 -7.44204283e-01
  -8.43125820e-01 -7.92726755e-01 -5.21235824e-01  3.14362079e-01
  -3.77116203e-01  5.67360446e-02 -6.08366191e-01  2.92076409e-01
  -4.28108424e-01  1.67757666e+00  3.86873782e-01 -4.22000676e-01
  -6.13879003e-02  8.63369346e-01 -2.41847690e-02 -5.48580348e-01]]