[[ 0.69827926  1.0245051   0.4217184  -0.11633115 -0.6308123  -0.88490593
  -0.8913493  -0.47948915 -0.10010721 -0.28451604 -0.500037   -0.9615652
   0.50104284 -0.2478251  -0.5714102   0.53030276 -0.51706135  0.36786905
  -0.29971042  0.9332609   2.3330064  -0.4955427  -0.718403   -0.6470735
   0.04237461 -0.55085784 -0.39992416  0.02891443 -0.34299332 -0.6913977
  -0.36997277 -0.3829391   0.08238762 -0.16490418 -0.21545388 -0.40637553
   0.1435715   0.33679673 -0.83704853 -0.5944572  -0.54444    -0.05282451
  -0.39704588  0.92870784  1.8534045   0.33013928 -0.30934727 -0.21628185
   0.01567638 -0.03590108  1.2164404   2.0909784   0.12740427  0.08193872
  -0.23831667 -0.5508439  -0.8125767   0.18261059 -0.24739453  0.32140005
  -0.23649788 -0.26819026  0.03327076 -0.29664627 -0.47052312 -0.5751342
  -0.871522   -0.4382881  -0.37987942 -0.62767315  0.4835145  -0.60122013
  -0.44462538  1.5642295   1.1301762  -0.28062963 -0.37230363 -0.4539338
   0.04283321 -0.07539745  0.46093744 -0.35095415 -0.43126976 -0.60827297
  -0.43729734 -0.76782435 -0.44053754  0.8443021   0.21093373  0.44898596
  -0.54274684  0.38800412 -0.12966116  0.7435009   0.34259188 -0.39121512
   0.1740032   0.9078763  -0.10559119 -0.42294693]]