[[ 1.6585509   0.6805128   0.3222658  -0.06004769 -0.5593624  -0.65201294
  -0.8083929  -0.3755158  -0.1919221  -0.19559264 -0.4202967  -0.81547105
   0.38145432 -0.22795978 -0.45153224  0.21312885  0.08079055  0.75090253
  -0.09808763  1.4925908   0.23052402 -0.50800097 -0.3202315  -0.6032259
   0.6052147  -0.23121691 -0.3768122  -0.3893097  -0.2719183  -0.5751753
   0.09008611 -0.5719551   0.37720984 -0.31560355 -0.37999877 -0.23623042
   0.19127178  0.18709762 -0.7769587  -0.5383851  -0.44288656 -0.35944533
  -0.40452167  0.5299427   2.3969123   1.2761356  -0.3298436  -0.5626405
  -0.32072744  0.21992749  1.1868116   3.1321182   0.43391424 -0.20953128
  -0.5278329  -0.57185817 -0.7429094   0.16841567 -0.3566178   0.3877671
  -0.26444867 -0.294033    0.51432633 -0.18125026 -0.3562081  -0.42559043
  -0.6893882  -0.29985315 -0.40222266 -0.68037176 -0.39132032 -0.47126523
  -0.2636956   2.4595573   0.73666376 -0.5321083   0.16915277 -0.43346298
  -0.16293563 -0.04584514  1.0751376  -0.17857447 -0.38853186 -0.59870446
  -0.30842164 -0.65838194 -0.38959056  1.3866074  -0.04151856  1.1402042
  -0.25317436  0.4029449  -0.14839154  0.90248567 -0.30261886 -0.29286882
  -0.13451621  1.5456054   0.3918569  -0.3310279 ]]