[[ 1.4107687   1.4289593   0.25194472 -0.04049505 -0.5558699  -0.73574424
  -1.0158753  -0.3988631  -0.19150376 -0.14028752 -0.54372215 -0.9151675
   0.20840494 -0.23285729 -0.6387548  -0.04513024 -0.08260316  0.84577596
  -0.2213757   1.1620457   0.90420294 -0.564546   -0.5442823  -0.5780501
   0.8512294  -0.56383747 -0.12146891 -0.34712917 -0.36523664 -0.735826
   0.37481433  0.16394815  0.14317048 -0.40706927 -0.38341016 -0.35929653
   0.01059805  0.38391063 -0.89851844 -0.56718135 -0.42927098 -0.31727162
  -0.40297672  1.0799606   2.1900425   0.86419207 -0.33552563  0.18214206
  -0.2664199   0.01643134  1.3634605   2.6348152   0.18628585 -0.14524017
  -0.68057567 -0.6571144  -0.69543946  0.40260047 -0.41749525  0.3600254
  -0.11867727 -0.33665237  0.20484191 -0.19609272 -0.3734072  -0.5793278
  -0.7905393  -0.3525078  -0.4150383  -0.6539746  -0.4061907  -0.6344373
  -0.39217174  2.2222097   0.77511334 -0.5957803  -0.04506238 -0.37761545
  -0.24686019 -0.03494398  0.6200334  -0.32803634 -0.38094532 -0.6525638
  -0.3977781  -0.79490215 -0.40955064  1.2608205   0.17600575  0.86262023
  -0.44614303  0.45936453 -0.23290643  0.62091905  0.15752958 -0.35055262
  -0.10190652  1.2888236  -0.07045349 -0.3355311 ]]