[[ 1.1180522   0.90162814  0.13272019 -0.2626344  -0.558401   -0.8047957
  -0.81186646 -0.4641256  -0.14783143 -0.13058522 -0.45532635 -0.9024184
   0.5665932  -0.2382883  -0.4859788   0.47934532 -0.13995375  0.7871945
  -0.21318679  0.9683698   0.9541509  -0.5519969  -0.49607295 -0.5719338
   0.3165165  -0.26132348 -0.31558013 -0.32492843 -0.30933532 -0.65620124
  -0.06890886 -0.4787843   0.05385959 -0.45918262 -0.37469447 -0.30209786
   0.21472014  0.51193535 -0.75333893 -0.6487303  -0.47190246 -0.27794597
  -0.4348203   0.31635904  1.6837875   0.6243056  -0.14868382 -0.3244987
  -0.0510039   0.3759911   1.0413312   2.1721      0.15559131 -0.33662832
  -0.44405708 -0.5710882  -0.6559604   0.04496615 -0.3625646   0.12552713
  -0.2130398  -0.31318274  0.21502702 -0.3056432  -0.4046053  -0.5259906
  -0.66066444 -0.41579926 -0.3725755  -0.7071761  -0.12348377 -0.5667912
  -0.35039625  1.6784095   0.6556478  -0.48427072 -0.08587552 -0.4842189
  -0.2184509  -0.19147831  0.5749831  -0.03160964 -0.39106056 -0.6023944
  -0.28623587 -0.75132656 -0.37383747  0.97050005  0.5538994   0.81478757
  -0.40971875  0.18522039 -0.26844144  0.8174713  -0.2659188  -0.30830875
   0.00755937  0.979685    0.03114923 -0.2806579 ]]