[[ 0.7658689   0.66234016  0.7887605   0.03819775 -0.6423804  -0.7890912
  -0.72777927 -0.34625223 -0.07360334 -0.31395727 -0.4925223  -0.9304018
   0.32099035 -0.257499   -0.5930023   0.6789982  -0.53674483  0.37882447
  -0.34113184  1.2317756   1.7245238  -0.47279835 -0.624406   -0.6052503
  -0.00262193 -0.33888116 -0.3435387  -0.24968927 -0.41875258 -0.64451516
  -0.41687468 -0.6963345   0.19923222  0.03662853 -0.4427763  -0.3528431
   0.12801011  0.27761596 -0.8725868  -0.54736    -0.49405885 -0.23862581
  -0.44605348  1.1967329   1.8941557   0.5565112  -0.27741256 -0.34310168
   0.11816225  0.0489547   0.9677668   2.394565    0.43625852 -0.09994942
  -0.6367938  -0.7365245  -0.7834466   0.19178851 -0.3612352   0.54853475
  -0.21626177 -0.32305694  0.15542594 -0.24206918 -0.4442745  -0.5515025
  -0.81764686 -0.31730476 -0.40536833 -0.628811    0.24642438 -0.5249227
  -0.3969626   1.5502163   0.8220559  -0.46988416 -0.2476856  -0.5624875
  -0.08504123  0.06714037  0.6762671  -0.3017968  -0.5070269  -0.61673474
  -0.4015531  -0.73667985 -0.396614    0.7840084   0.32625288  0.7040335
  -0.47369725  0.42284352 -0.15374011  0.5256641   0.11044613 -0.37452087
  -0.15176341  1.0811487   0.10175277 -0.3515305 ]]