[[ 0.883314    0.62502587  0.818592   -0.06827613 -0.6571239  -0.82492805
  -0.6690697  -0.5145497  -0.10290492 -0.3860957  -0.3236034  -0.9987277
   0.92633414 -0.29677236 -0.560114    0.9982645  -0.2720461   0.44384393
  -0.3196706   0.471017    2.5581903  -0.5111946  -0.79007465 -0.59369826
   0.19306792 -0.5810022  -0.3287804   0.15566936 -0.28743348 -0.6046328
  -0.22590925 -0.23768815  0.04025894 -0.04750736 -0.19573762 -0.40307298
   0.06008473  0.47908255 -0.8377564  -0.6694567  -0.5193013  -0.09731656
  -0.42902157  1.4998273   1.2246454   0.7122079  -0.3820897  -0.31809792
  -0.06222914 -0.10627166  1.6234812   1.2990904   0.32503513  0.10204356
   0.04389042 -0.3968962  -0.872845    0.42630866 -0.19258891  0.528078
  -0.26022023 -0.3122778  -0.00628844 -0.2689451  -0.465495   -0.50929123
  -0.79642713 -0.29982203 -0.4069876  -0.59431714  0.40750155 -0.60549897
  -0.44624332  1.1359653   1.1193922  -0.32178393 -0.6632989  -0.5273736
  -0.03870352 -0.1130052   0.07744808 -0.22832242 -0.48395982 -0.6887166
  -0.52325374 -0.7642318  -0.5036841   0.42011055 -0.19939306  0.2583623
  -0.5616816   0.236301   -0.3508286   1.0686538   0.4932251  -0.34535566
   0.06980983  0.7932274   0.04199313 -0.5322886 ]]