[[ 0.8293046   0.69271624  0.39208657  0.00504873 -0.66845477 -1.081848
  -0.8922355  -0.6183019  -0.21090803 -0.21356605 -0.5030841  -1.0455959
   0.64513206 -0.32246464 -0.7050523   1.0100024  -0.5356427   0.8854081
  -0.3967305   0.6271307   2.9787     -0.536974   -0.86035913 -0.70735145
  -0.04735329 -0.63632816 -0.29675156 -0.11581015 -0.42633766 -0.7364573
  -0.4240661  -0.41404802  0.05776161 -0.25344706 -0.280435   -0.45513123
   0.5041111   0.48987406 -0.97491    -0.60738105 -0.654866    0.02156236
  -0.4341388   1.4611679   1.3119082   0.9420353  -0.23947029 -0.11448483
   0.13301119  0.09896646  2.1726263   1.4659253  -0.08666721 -0.06904226
  -0.2713177  -0.6597029  -0.90516925  0.54489416 -0.2292751   0.13736366
  -0.14555347 -0.0459931  -0.04026676 -0.46212322 -0.56157064 -0.64819014
  -0.9193056  -0.69036406 -0.41082814 -0.71632135  0.7827655  -0.7575017
  -0.54252005  0.9583946   0.8461663  -0.34170726 -0.45030066 -0.55021286
  -0.22570577  0.01599702  0.14386064 -0.23112333 -0.49967545 -0.67162865
  -0.5822247  -0.8941006  -0.48628125  0.31622806  0.54144174  0.41508004
  -0.71264744  0.20861165 -0.46723375  1.3766994   0.18972471 -0.39741108
   0.21796943  0.5409528  -0.23085855 -0.49158892]]