[[ 1.0918598   0.27192798  0.7547919  -0.2670311  -0.720538   -0.9229308
  -0.9327032  -0.3766646  -0.23418932 -0.10990284 -0.5872153  -1.0351034
  -0.10095447 -0.28070778 -0.6585206   1.1507003  -0.54837716  0.90119284
  -0.41620946  0.6701136   2.8585148  -0.40726534 -0.7558289  -0.5790171
   0.0515295  -0.62873137 -0.40097657 -0.01686835 -0.40098402 -0.63593954
  -0.09033304 -0.6577987   0.09741804  0.13251959 -0.48789757 -0.43890518
   0.28918147  0.04576435 -0.8241138  -0.6495112  -0.60857946 -0.06078995
  -0.42820776  2.1294703   1.3388493   0.86338705 -0.38696316 -0.24815866
  -0.18458949 -0.06700157  1.3554844   1.7417599  -0.18756801  0.03384679
  -0.7693147  -0.92113554 -1.0223919  -0.07454    -0.37817323  0.26060638
  -0.21481769 -0.33496034  0.23591599 -0.48356438 -0.52549636 -0.65568954
  -0.93440485 -0.619567   -0.4945173  -0.64608395  1.1391238  -0.69413483
  -0.45037544  1.0213275   0.96465474 -0.13305233 -0.36001098 -0.24057977
  -0.40480787 -0.04087062  0.23426731 -0.4726018  -0.5491433  -0.76355195
  -0.7983607  -0.87269264 -0.4811375   0.8671122  -0.01604648  0.93504333
  -0.6665911   0.51193446 -0.03615116  1.6173037  -0.00316688 -0.4224513
  -0.03455547  0.81974614  0.3562151  -0.49038154]]