[[ 0.7139087   0.7176182   0.03134707 -0.211777   -0.48487064 -0.7223968
  -0.7295281  -0.27410662 -0.17110723 -0.31910977 -0.31028128 -0.94873905
   0.46838742 -0.31721026 -0.6154564  -0.1867109  -0.3038832   0.5259475
  -0.08018596  0.82019573  1.3131837  -0.51053536 -0.5661694  -0.5706435
   0.08375418 -0.4388495   0.01329179 -0.25568584 -0.1803238  -0.6847779
  -0.09183487  0.22567987  0.19273362 -0.45127627 -0.48439705 -0.25308472
  -0.01431629  0.69180155 -0.792988   -0.5425779  -0.4725713  -0.09252547
  -0.45798185  0.85324705  1.8388011   0.21246624 -0.33656293  0.13772455
   0.31935966 -0.0410872   1.4975425   2.0470567   0.01774377  0.16590044
  -0.6830072  -0.640133   -0.5874554   0.6328792  -0.39216906  0.30899572
  -0.08652445 -0.3504521  -0.06726362 -0.3492743  -0.39653724 -0.42959765
  -0.85800254 -0.4776212  -0.41968063 -0.524298   -0.04287757 -0.634389
  -0.45129108  1.5664732   0.51330125 -0.2169469  -0.22738002 -0.36327082
  -0.31747812 -0.31940392  0.37807038 -0.45050284 -0.42293146 -0.54348177
  -0.3864803  -0.7367781  -0.4106928   0.8142974   0.419873    0.5227258
  -0.43206802  0.1321078  -0.23389624  0.52169895 -0.210087   -0.36220545
  -0.11250725  0.84839785 -0.21262413 -0.22943611]]