[[ 0.78797984  0.44847393  0.6117917  -0.17777675 -0.6682285  -0.85223436
  -0.75845134 -0.3581831  -0.12491034 -0.29612285 -0.5435049  -0.9423527
   0.22807878 -0.24512047 -0.48605257  1.1254562  -0.3896431   0.75639355
  -0.3010483   1.0103078   1.8705174  -0.4831112  -0.5512822  -0.5470138
   0.19837284 -0.29911935 -0.34778273  0.03700905 -0.35442832 -0.6239944
  -0.25837043 -0.69588345  0.0644944   0.15374936 -0.41745594 -0.23010819
   0.46152785  0.10100549 -0.7885171  -0.58898455 -0.51347244 -0.34712884
  -0.4408393   1.6735973   1.2240239   0.6754939  -0.37760013 -0.2890054
  -0.19379824  0.3059956   0.88628125  1.95004     0.11503576 -0.3938392
  -0.6431936  -0.7668487  -0.8235947  -0.17216483 -0.33748975  0.06860127
  -0.19397327 -0.26945764  0.10458101 -0.52000433 -0.4816947  -0.53282994
  -0.7911828  -0.51516527 -0.44344747 -0.66873103  0.5461591  -0.5540767
  -0.42132142  1.2764701   1.0499492  -0.2984417  -0.11298053 -0.5288179
  -0.1509481   0.04800609  0.70036286 -0.2407047  -0.44951668 -0.6043889
  -0.44469202 -0.7495428  -0.44359726  0.77460164  0.15885183  0.79079765
  -0.44178462  0.51819897  0.0893203   0.9171539   0.06881099 -0.40045878
  -0.06139991  0.9042483   0.10148755 -0.42577878]]