[[ 1.3713171   0.9507039   0.22366014 -0.03065741 -0.59195924 -0.77688134
  -0.9048071  -0.5681102  -0.35461953 -0.04924777 -0.40257198 -0.8921249
   0.8243952  -0.26829222 -0.6373776  -0.08328437  0.22783238  1.2155778
  -0.17099261  0.7887195   1.363981   -0.55342114 -0.5905181  -0.6443547
   0.5062927  -0.60453206 -0.34730422  0.1366457  -0.2679972  -0.53465813
   0.16031033 -0.07311379  0.10582089 -0.4271328  -0.05912163 -0.3147076
   0.5141771   0.33321267 -0.6621915  -0.60512644 -0.4535022  -0.41360596
  -0.36564028  0.74745095  1.381848    1.6021286  -0.5377151  -0.28515992
  -0.46242768 -0.00426751  2.2175791   2.2594743   0.26854405  0.11595165
  -0.6747805  -0.66965437 -0.8748404   0.39942533 -0.41822112  0.33867806
  -0.2610079  -0.4083132   0.14716026 -0.19457886 -0.40277132 -0.549175
  -0.81059355 -0.347705   -0.44430467 -0.66764605 -0.00381255 -0.53653383
  -0.40932852  1.9075937   1.0404487  -0.082412   -0.2724815  -0.28506133
   0.0361646  -0.28131393  0.13250805 -0.4094869  -0.3662465  -0.6956447
  -0.35029987 -0.6365343  -0.5091735   0.8910878  -0.3483622   0.38571694
  -0.4153765   0.31364042 -0.03246431  1.5869317  -0.09274949 -0.30610773
   0.16756125  1.0466418   0.6036596  -0.49514252]]