[[ 1.4311366   0.84853643  0.24322122 -0.19066665 -0.6820287  -0.9834264
  -0.92245376 -0.57273567 -0.2977095  -0.10801006 -0.5441963  -0.9653449
   0.4318736  -0.23355079 -0.56423867  0.6303618  -0.3038724   0.68266237
  -0.32532573  1.393245    1.7015449  -0.5308279  -0.5797622  -0.7706331
   0.24297892 -0.4477663  -0.411111    0.03238338 -0.42103064 -0.6669794
  -0.2101345  -0.6148635   0.35836214 -0.23550172 -0.35803372 -0.35004744
   0.3370488   0.08498701 -0.8077211  -0.6334157  -0.56045514 -0.2784048
  -0.37508297  0.7416054   2.3872945   1.085286   -0.40286744 -0.33295926
  -0.18107125  0.2457502   1.4128814   3.0534358   0.16472508 -0.15463641
  -0.5781212  -0.74027586 -1.0239279   0.02615427 -0.38327664  0.2118052
  -0.26774848 -0.34036183  0.43731585 -0.3403121  -0.5308235  -0.6316226
  -0.88042027 -0.49258938 -0.39202127 -0.74559027  0.6090359  -0.60284704
  -0.3765536   2.4408424   1.356001   -0.1496146  -0.16363406 -0.43175933
  -0.09982558 -0.07301494  0.7416353  -0.20978785 -0.4531596  -0.6522016
  -0.38394567 -0.7630455  -0.4199827   1.3454555   0.09524451  0.89380336
  -0.470291    0.45490682  0.05130906  1.3956841  -0.14550096 -0.35973078
   0.0621381   1.3268788   0.502804   -0.50506246]]