[[ 1.5590475   0.5778441   0.15902849 -0.16475148 -0.574444   -0.7384016
  -0.8283469  -0.4417317  -0.25582537 -0.03479657 -0.45959604 -0.8125862
   0.301075   -0.24605365 -0.501162    0.13560024  0.25870377  1.2707213
  -0.19621415  1.0732589   0.42344698 -0.5600772  -0.40628836 -0.5754656
   0.7034194  -0.33115107 -0.33661404 -0.07992581 -0.36901602 -0.5600184
   0.21597442 -0.4821167   0.0673187  -0.37622488 -0.37038088 -0.2535891
   0.47721565  0.2234484  -0.6937285  -0.57154685 -0.41738987 -0.3982771
  -0.4125683   0.68178165  1.6056521   1.6204404  -0.3965763  -0.4616664
  -0.42791727  0.19536975  1.6828771   2.415863    0.14059956 -0.28017664
  -0.6160391  -0.615115   -0.7396481   0.07811478 -0.38407615  0.10309772
  -0.2382721  -0.3316215   0.24670844 -0.3060204  -0.36726046 -0.45337787
  -0.7321531  -0.43197182 -0.45176    -0.6868712  -0.23210049 -0.54032314
  -0.355757    1.9860508   0.765789   -0.29325366 -0.04629255 -0.32166967
  -0.27123746 -0.24028766  0.62923515 -0.29167473 -0.335927   -0.643391
  -0.34387487 -0.6538115  -0.46077073  0.99102104 -0.06113368  0.9005548
  -0.30714646  0.2720032  -0.03034217  1.3284931  -0.385963   -0.30395776
  -0.13567527  1.1732587   0.47621998 -0.40023404]]