[[ 1.2870286   0.1636806   0.9186941  -0.23542178 -0.7476029  -0.87346196
  -0.7308412  -0.41631168 -0.23397534 -0.20586306 -0.5465278  -0.97623533
   0.3101655  -0.26818073 -0.56831485  1.3042281   0.07397644  1.1010607
  -0.40478614  0.5516798   2.2540662  -0.4686657  -0.7255526  -0.5226392
   0.4070923  -0.48537946 -0.3380621   0.16678718 -0.43012044 -0.5305319
   0.14001833 -0.61848015 -0.01587584  0.25810495 -0.4024152  -0.30127653
   0.2649824   0.19665292 -0.7846077  -0.64721215 -0.48791072 -0.34803453
  -0.38693357  2.0031824   1.000201    1.5302405  -0.4907802  -0.5161334
  -0.42541608  0.08967229  1.7279965   1.4929782   0.04355429 -0.22855708
  -0.6820249  -0.8083912  -1.0111322  -0.08923732 -0.41402677  0.14302166
  -0.22081515 -0.421627    0.18724404 -0.46457347 -0.4640115  -0.50294465
  -0.78691125 -0.49518648 -0.47692722 -0.63200766  0.6949342  -0.63315463
  -0.43289185  1.2589998   0.99610066 -0.29515472 -0.38576722 -0.34672698
  -0.37032002 -0.08457436  0.3443979  -0.3365301  -0.5121212  -0.76945424
  -0.72799903 -0.7591585  -0.51027083  0.69458514 -0.32035     0.6247062
  -0.5339579   0.45442933 -0.05616777  1.8968257   0.03789325 -0.3799182
  -0.12541687  0.85830647  0.5881826  -0.5955368 ]]