[[ 0.72860616  1.5848684  -0.06786863 -0.10674053 -0.5907363  -0.8748793
  -0.97008634 -0.48099056 -0.11156957 -0.1911213  -0.5722742  -0.81811917
   0.06817593 -0.21469705 -0.6133265  -0.19438931 -0.49607176  0.11405259
  -0.30952275  1.4108186   1.5723029  -0.53881943 -0.62858844 -0.6425776
  -0.04318938 -0.5480155  -0.39395884  0.15249048 -0.48862574 -0.6622122
  -0.35491422 -0.5704973   0.13682401 -0.34745625 -0.02095603 -0.4462275
   0.17685711  0.13604759 -0.6641929  -0.49491322 -0.47988164 -0.3652129
  -0.35189652  0.12724091  2.1386597   0.36742038 -0.3945993  -0.18232676
  -0.08073237 -0.13337003  0.96406454  2.9120739  -0.12246649 -0.33507773
  -0.6378399  -0.6809372  -0.69054466 -0.0767358  -0.33385774 -0.04939645
  -0.17647286 -0.27060646  0.18579103 -0.34463662 -0.42693466 -0.55085015
  -0.809496   -0.4810508  -0.3756689  -0.6465852   0.13070723 -0.50620574
  -0.4085966   2.243237    1.322291   -0.01882237 -0.09963264 -0.29954472
   0.36421284 -0.01924082  0.7941403  -0.40267506 -0.22386302 -0.5200003
  -0.2132102  -0.6908944  -0.4133997   1.2095257   0.24048065  0.6693808
  -0.4451143   0.472203    0.14727123  0.63079995  0.10040261 -0.3815413
   0.21413906  1.0362278   0.22571716 -0.3648702 ]]