[[ 1.0850407   0.5577994   0.6964296  -0.24202581 -0.674618   -0.85899
  -0.68841463 -0.47217402 -0.08735802 -0.3434126  -0.4015402  -1.0173512
   0.5884651  -0.280242   -0.54194254  1.0547833   0.06663156  0.55433977
  -0.3480074   0.502893    2.3297622  -0.50547415 -0.8332257  -0.5521306
   0.44036037 -0.5485153  -0.36368504  0.23025623 -0.3625065  -0.596177
  -0.07471612 -0.33180788  0.02627073  0.05146905 -0.27087033 -0.38201758
  -0.06179567  0.6083278  -0.83173656 -0.66643465 -0.48229617 -0.0760797
  -0.37594756  1.3377948   1.3709942   1.1330864  -0.3966413  -0.41125092
  -0.09177436 -0.09866863  1.7156454   1.4476767   0.03596371 -0.07201
  -0.0599366  -0.4717213  -0.90564567  0.16512537 -0.19039834  0.21807852
  -0.20294915 -0.3791157   0.03630158 -0.39096132 -0.4539592  -0.52317375
  -0.80742294 -0.41151968 -0.3897014  -0.58748245  0.4591371  -0.62218666
  -0.43417096  1.4404877   1.0228364  -0.39367798 -0.52277017 -0.5047366
  -0.16755813 -0.1360872   0.18106773 -0.28856513 -0.506473   -0.7068656
  -0.5804444  -0.74185187 -0.48989064  0.54286826 -0.16774797  0.18088852
  -0.54080653  0.31134328 -0.34990782  1.4523392   0.34648392 -0.35321516
  -0.01922879  0.832797    0.16721627 -0.51589185]]