[[ 0.9126362   1.1057074   0.03362988 -0.02508948 -0.4099313  -0.73004335
  -0.8377655  -0.4853534  -0.1725252  -0.12341694 -0.47216412 -0.72756106
   0.27563047 -0.20816451 -0.41581848 -0.17229141 -0.43875292  0.34043175
  -0.21241908  1.564001    0.8773719  -0.508663   -0.39731216 -0.6260748
   0.0973953  -0.23450947 -0.4282519  -0.18664764 -0.33335623 -0.6345496
  -0.24290748 -0.5915296   0.2306378  -0.3351106  -0.25965533 -0.24109958
   0.30407572  0.03207488 -0.69544303 -0.47555155 -0.46143007 -0.37185827
  -0.3782819  -0.0122024   2.2737937   0.34031323 -0.4438477   0.02648743
  -0.03710759  0.28941533  0.6490465   2.9336693   0.30638957 -0.2851942
  -0.53869104 -0.57984304 -0.5992747   0.03283616 -0.33098447  0.12889807
  -0.1732714  -0.19845791  0.32771114 -0.21835564 -0.36314842 -0.5662867
  -0.76292133 -0.3098128  -0.35008034 -0.65177274 -0.12146222 -0.3946931
  -0.32759857  2.181849    1.1121353  -0.31436568  0.19602287 -0.39769927
   0.11969164 -0.11398888  0.95440114 -0.18046841 -0.3248345  -0.48739377
  -0.04401954 -0.60774    -0.36521217  1.4842118   0.27260473  0.88035476
  -0.29450887  0.4468265   0.14309005  0.3639017  -0.02682452 -0.3098488
   0.0729263   1.2288512   0.13785335 -0.40067998]]