[[ 0.81160367  1.2150004   0.5631379  -0.11439157 -0.6974142  -0.8838353
  -0.8926286  -0.35022244 -0.03698938 -0.2800008  -0.58022434 -1.0091491
   0.10314523 -0.22824414 -0.6132172   0.7885535  -0.59713846  0.36661315
  -0.32352883  1.1771021   2.1576807  -0.46847272 -0.6391206  -0.5629
  -0.01969679 -0.39777756 -0.33556607 -0.31215334 -0.3813634  -0.7525879
  -0.40055332 -0.65022594  0.15502635  0.05468588 -0.2597443  -0.32920286
   0.18807597  0.4476119  -0.8823551  -0.57501036 -0.5201987  -0.28714558
  -0.4676169   1.4247167   1.7843817   0.31314042 -0.24431068 -0.33829325
   0.16486569  0.10135354  0.84789175  2.415629    0.1215616  -0.31539258
  -0.69838727 -0.80211127 -0.84180456 -0.02354011 -0.37865043  0.26022097
  -0.21638344 -0.28913853  0.12049458 -0.4033612  -0.4886459  -0.6737695
  -0.88190395 -0.4631976  -0.40010312 -0.70262843  0.22782877 -0.59447914
  -0.41568086  1.6524163   1.0779365  -0.48889115 -0.19971234 -0.5506233
   0.05250909 -0.0220467   0.55150676 -0.29122293 -0.48193374 -0.6266055
  -0.37437814 -0.84305197 -0.4109778   0.97069085  0.69893765  0.8788921
  -0.5335458   0.53648466 -0.17665914  0.35864016  0.19553491 -0.39135423
   0.06011172  1.0167215  -0.20219871 -0.32099426]]