[[ 1.4758239   1.4937834   0.25169003 -0.04062567 -0.56391484 -0.7500437
  -1.0403683  -0.40551147 -0.19462867 -0.12607777 -0.55112755 -0.9257044
   0.20527318 -0.22664152 -0.65155846 -0.03976374 -0.08269988  0.8589841
  -0.21745461  1.259992    0.909408   -0.5641678  -0.5487241  -0.5934601
   0.8691047  -0.57751167 -0.12506521 -0.3625628  -0.36730757 -0.7442211
   0.38177645  0.1661934   0.17582975 -0.396808   -0.38864538 -0.36414185
   0.01465533  0.38700864 -0.9179349  -0.5660057  -0.43445498 -0.32413685
  -0.39584056  1.1021137   2.3342981   0.9131136  -0.33852652  0.17245764
  -0.27562636  0.01748139  1.3880026   2.8263533   0.18704955 -0.14908825
  -0.6899458  -0.6682709  -0.7178866   0.40472123 -0.42123407  0.36836177
  -0.11918382 -0.33354372  0.2457766  -0.19085503 -0.379772   -0.5934317
  -0.8072706  -0.3562203  -0.41387048 -0.6654981  -0.40455145 -0.64528656
  -0.38750565  2.3641722   0.8408818  -0.60960585 -0.01379926 -0.37466624
  -0.24408999 -0.02534962  0.6714268  -0.33132908 -0.3836703  -0.6618728
  -0.40474495 -0.802493   -0.40727726  1.3571601   0.17887054  0.9152164
  -0.4526876   0.5032364  -0.23684002  0.63848704  0.16123989 -0.3500331
  -0.09982687  1.3706764  -0.06770737 -0.33901456]]