[[ 1.0145135   0.59815025  0.03712818 -0.20143226 -0.5195638  -0.7309204
  -0.79276735 -0.12903321 -0.165105   -0.34314486 -0.49911705 -1.0131998
   0.37205204 -0.3334101  -0.52752733  0.08046804 -0.20169906  0.75743663
  -0.06469171  0.6754713   1.292544   -0.50282294 -0.48235142 -0.5539921
   0.47030994 -0.3349815   0.26673657 -0.4154966  -0.20248586 -0.79661304
   0.13519949  0.434072    0.20701268 -0.48264498 -0.494476    0.02746895
   0.12672684  0.7431809  -0.9287119  -0.5799198  -0.4982063   0.07687276
  -0.5148511   1.5942554   1.638968    0.24313298 -0.28048018  0.17278582
   0.43933693  0.18666784  1.6125606   1.7406123   0.12498437  0.2346231
  -0.70991147 -0.68856883 -0.63924026  0.8353249  -0.39626366  0.34333637
  -0.20508663 -0.3333821  -0.08761968 -0.40398097 -0.39898795 -0.28089887
  -0.8781036  -0.50013876 -0.41524103 -0.47610587  0.04662698 -0.723642
  -0.44491544  1.22458     0.29218617 -0.3980057  -0.28611985 -0.40739676
  -0.35018668 -0.30562407  0.4419245  -0.33841577 -0.46896914 -0.544746
  -0.4363305  -0.85793006 -0.40138033  0.7322033   0.6969942   0.80418706
  -0.4130066   0.07093691 -0.2179126   0.5743068  -0.2841846  -0.37527832
   0.00735802  0.9223338  -0.40866098 -0.1652171 ]]