[[ 0.9390298   0.38812762  0.02821789 -0.23274717 -0.54297364 -0.7364696
  -0.73881114 -0.3405393  -0.27319604 -0.17908522 -0.43853128 -0.88721
   0.31910124 -0.3278897  -0.5680476   0.03151624  0.19175632  1.1424031
  -0.19264986  0.6915232   0.8476299  -0.5818541  -0.5296411  -0.5547926
   0.5414187  -0.36995733  0.04605591  0.09741648 -0.36017823 -0.59023887
   0.23007335  0.04484466  0.05095578 -0.46311477 -0.39660153 -0.13293636
   0.36779293  0.52597654 -0.6917119  -0.61472553 -0.4250397  -0.34295124
  -0.44818407  1.0500369   1.0140418   1.2426038  -0.43221924 -0.10132556
  -0.08522718  0.10197803  1.9793173   1.6814297  -0.03083376 -0.24194576
  -0.6674914  -0.61145717 -0.67336947  0.39160967 -0.44622743  0.0050244
  -0.17710221 -0.37653443  0.00417973 -0.4840052  -0.37423146 -0.324347
  -0.7487212  -0.535838   -0.45683098 -0.53532934 -0.09942024 -0.6110523
  -0.41992077  1.2140024   0.3178035  -0.11422079 -0.27578646 -0.3312202
  -0.3019209  -0.11305826  0.35169053 -0.35139164 -0.35365802 -0.6097691
  -0.41052008 -0.689359   -0.454346    0.3699197   0.14425755  0.46689186
  -0.3624301   0.03120103 -0.02621711  1.3255514  -0.39359218 -0.33167118
  -0.17478868  0.7409271   0.45754343 -0.3284591 ]]