[[ 1.2713317   0.6094731   0.45222673 -0.0085468  -0.6677906  -0.8434468
  -0.76024    -0.48277092 -0.20058306 -0.28765848 -0.41343898 -0.9799197
   0.6557366  -0.28911164 -0.62303174  0.3035418  -0.2191721   0.63831997
  -0.21383607  0.7809319   1.9277593  -0.526711   -0.6695995  -0.5986348
   0.11145842 -0.5340156  -0.1937144  -0.07854562 -0.22044218 -0.6937651
  -0.12047194 -0.12926838  0.07663693 -0.17823596 -0.30695537 -0.331887
  -0.02935634  0.65068746 -0.86247474 -0.5872164  -0.51069415 -0.3139917
  -0.45891532  1.2890587   1.6530646   0.72994787 -0.45788622 -0.29600188
  -0.07198097 -0.00422038  1.9620296   1.8673528   0.3162554   0.16990338
  -0.7118714  -0.7830208  -0.83976406  0.86614466 -0.3968011   0.6359518
  -0.26499215 -0.40787882  0.03623392 -0.29406816 -0.38977993 -0.56923974
  -0.8566414  -0.34189355 -0.40106502 -0.6185712   0.09103799 -0.6159596
  -0.44694453  1.6005785   0.81286925 -0.0025503  -0.44114015 -0.41758454
  -0.07481222 -0.21307194  0.32262906 -0.35804608 -0.4610528  -0.65196186
  -0.31196153 -0.7817592  -0.46540466  0.8061758  -0.01705525  0.8735979
  -0.48885077  0.23581412 -0.16494352  1.1316987  -0.09701367 -0.38439885
  -0.13155167  1.0426195   0.14491314 -0.4571228 ]]