[[ 0.6225197   1.4153974   0.4823455  -0.21297142 -0.6839014  -0.908984
  -1.0727518  -0.46062604 -0.15331945 -0.2533965  -0.5942338  -1.1573505
   0.24776264 -0.2730313  -0.73637915  0.83673215 -0.44380498  0.8628914
  -0.3775121   0.47414592  2.9874427  -0.54488957 -0.8989128  -0.57597536
   0.70293134 -0.8548892  -0.10223882  0.03374261 -0.36109206 -0.7958531
   0.16234456  0.4827407  -0.0308702  -0.10197828 -0.2613039  -0.4512503
   0.02243028  0.47913265 -1.0005018  -0.7089962  -0.55265903 -0.0071203
  -0.41199046  2.2946577   1.2831547   0.44933435 -0.33657628  0.4943397
  -0.16914089 -0.10341483  1.4428864   1.456779   -0.20903553 -0.01087133
  -0.29333237 -0.6071309  -0.90736884  0.29644993 -0.28742558  0.20832439
  -0.07344022 -0.3623938  -0.1375301  -0.4921009  -0.5215644  -0.72168404
  -0.91680187 -0.5749314  -0.42589623 -0.61217797  0.5473994  -0.7590377
  -0.5271789   1.0901239   0.94889194 -0.5205276  -0.51862943 -0.49378657
  -0.12470889  0.18836163 -0.01686257 -0.38794076 -0.4939288  -0.73759574
  -0.66984284 -0.93007445 -0.47354674  0.52491033  0.05287817  0.17746033
  -0.7161585   0.504777   -0.3380382   0.84262145  0.7859346  -0.42541656
   0.0953986   0.6719491  -0.38704363 -0.430944  ]]