[[ 1.4186604   0.50096923  0.75258887 -0.14052543 -0.6866922  -0.82535267
  -0.8483558  -0.43032208 -0.22151935 -0.20277259 -0.52716666 -0.9152377
   0.2317359  -0.22847508 -0.5389054   0.91442835 -0.2419827   0.6736641
  -0.31691942  1.1781532   1.8442593  -0.4555428  -0.59568    -0.6008514
   0.24625683 -0.47342113 -0.4216409  -0.06302609 -0.37182516 -0.588523
   0.05218172 -0.67978644  0.14797586  0.08950969 -0.4194341  -0.3360572
   0.07208228  0.02541184 -0.7979199  -0.5755037  -0.5084415  -0.380504
  -0.38233095  1.4271736   2.0165417   1.0577796  -0.46785387 -0.5396754
  -0.41620985  0.06057299  1.1946343   2.5862336   0.19332288 -0.23128664
  -0.616164   -0.7480484  -0.98816764 -0.00723072 -0.3843913   0.2983099
  -0.24907304 -0.33088192  0.44999173 -0.33231577 -0.4541015  -0.55799973
  -0.79759246 -0.38231832 -0.42829743 -0.6734854   0.49308884 -0.569919
  -0.34128273  1.9749908   1.2181728  -0.31227472 -0.15736939 -0.2869052
  -0.2625152  -0.06295456  0.7349348  -0.30611336 -0.4765852  -0.71174234
  -0.6084743  -0.7649431  -0.44846857  1.3444501  -0.25327507  1.1742812
  -0.47414523  0.5629189  -0.00395871  1.5140258  -0.05442961 -0.3692952
  -0.10351808  1.301964    0.50474733 -0.5363882 ]]