[[ 1.4761146   1.4937834   0.25173518 -0.04054833 -0.5639096  -0.7499771
  -1.040232   -0.40541747 -0.19452292 -0.12673753 -0.55104226 -0.9255885
   0.20530482 -0.22663397 -0.65148556 -0.03977248 -0.08264464  0.85899895
  -0.21780427  1.2599943   0.90951306 -0.564256   -0.5487185  -0.5934124
   0.8687162  -0.57740176 -0.12507011 -0.36244243 -0.36733994 -0.74419594
   0.38180438  0.16610685  0.17571816 -0.39695254 -0.3885262  -0.36417076
   0.01461675  0.38706797 -0.9178293  -0.5659339  -0.43449667 -0.32395634
  -0.39592806  1.102119    2.3339937   0.91287    -0.33843568  0.17256661
  -0.2755071   0.01745103  1.3877418   2.8259315   0.18720306 -0.14897463
  -0.68989563 -0.66809976 -0.7176638   0.40486503 -0.42121908  0.36849195
  -0.11926838 -0.33353812  0.24563932 -0.19070306 -0.37965462 -0.59330475
  -0.80723286 -0.35603437 -0.41379955 -0.66542107 -0.40457463 -0.6451158
  -0.38746238  2.3637676   0.8409745  -0.6095156  -0.01428389 -0.37458664
  -0.24396108 -0.02529849  0.67138284 -0.3311553  -0.38362077 -0.66185087
  -0.4046171  -0.8024682  -0.40722373  1.3567109   0.17882901  0.91541654
  -0.45264542  0.50297177 -0.23681778  0.63841116  0.16126433 -0.3499209
  -0.09985012  1.3706926  -0.06758834 -0.3390364 ]]