[[ 0.9371046   0.7466991   0.5475857  -0.18612918 -0.6680649  -0.8279867
  -0.8507912  -0.43015105 -0.24399212 -0.28255928 -0.5064563  -0.97094184
   0.45869324 -0.25331953 -0.61684513  0.7202203  -0.2540615   0.6192077
  -0.27246085  0.7082459   2.5197372  -0.43654847 -0.713183   -0.5754262
   0.08320936 -0.6312106  -0.40288123 -0.05444158 -0.2938768  -0.5760186
  -0.0960131  -0.3795901   0.06005462  0.04928691 -0.10611003 -0.37411156
   0.06174718  0.13257675 -0.78281856 -0.5978409  -0.5279756  -0.18827313
  -0.36630213  1.4245373   1.4442943   0.8086464  -0.5040906  -0.3291301
  -0.2985047  -0.06540004  1.4957443   1.8512255  -0.02525794  0.09143841
  -0.64530265 -0.7798057  -0.9014298   0.02229981 -0.36737898  0.19589277
  -0.20996703 -0.40015018  0.1581074  -0.4292583  -0.47157928 -0.4764433
  -0.79638827 -0.47482988 -0.4286757  -0.59912556  0.63990605 -0.5716612
  -0.4360888   1.5071357   1.1309235  -0.35355198 -0.3396092  -0.32985622
   0.03915793 -0.12655233  0.422601   -0.42285022 -0.4321993  -0.6592368
  -0.6025374  -0.74112666 -0.48220134  0.9212452  -0.35579425  0.5029108
  -0.5269389   0.47514188 -0.15316948  1.2758831   0.2338098  -0.38498837
   0.2031832   0.86590403  0.222136   -0.5347283 ]]