[[ 1.1466684   0.9629725   0.16326927 -0.2198772  -0.55631614 -0.8301825
  -0.9055166  -0.47769442 -0.19594672 -0.07367688 -0.46097228 -0.957651
   0.55394113 -0.24935919 -0.56449974  0.5426846  -0.18371686  0.5912617
  -0.2215116   1.0161229   1.1171569  -0.5533732  -0.51359457 -0.6347906
   0.37931836 -0.4044442  -0.4001621  -0.37665516 -0.3026112  -0.6727994
  -0.08153388 -0.4459368   0.05034807 -0.45257968 -0.37522423 -0.372342
   0.06878345  0.4662903  -0.8220686  -0.6769455  -0.5292991  -0.31097722
  -0.44398022  0.51570004  1.9606045   0.7421271  -0.24933493 -0.3707008
  -0.1193692   0.2879723   1.1704762   2.3920774   0.14496878 -0.32701167
  -0.44908324 -0.57799846 -0.8212909   0.20966603 -0.37758622  0.29731375
  -0.26280677 -0.34129843  0.17326622 -0.25760168 -0.4311376  -0.5707352
  -0.7580551  -0.4001187  -0.37656805 -0.7652658  -0.07542183 -0.62976635
  -0.33840716  1.682588    0.7126272  -0.4895197  -0.1904051  -0.49243
  -0.21648464 -0.22186083  0.40913957 -0.08991379 -0.44200462 -0.64108634
  -0.3034002  -0.79587686 -0.3874562   1.0332272   0.52226573  0.8758804
  -0.44983637  0.1261739  -0.34466603  1.0058124  -0.2669775  -0.32748625
   0.03571101  1.0801492   0.04500169 -0.32492533]]