[[ 0.8764114   0.6565291   0.47349757 -0.17563237 -0.61917615 -0.7913176
  -0.7084693  -0.23767252 -0.08732234 -0.33523902 -0.50922865 -0.96918964
   0.35943434 -0.27616602 -0.54975945  0.6130259  -0.19423796  0.68716556
  -0.21536241  0.8864701   1.4759786  -0.5035069  -0.57887715 -0.5170174
   0.26364872 -0.32430238 -0.01258048 -0.21788031 -0.32363072 -0.6882992
  -0.04338282 -0.13510971  0.10634635 -0.07487249 -0.47824067 -0.13740182
   0.12087691  0.5931874  -0.8735271  -0.558611   -0.44281578 -0.25897145
  -0.46620062  1.5624332   1.5763615   0.54047    -0.31432188 -0.22162357
   0.13241659  0.158984    1.3000151   2.008419    0.15873261 -0.19291568
  -0.67920196 -0.69796824 -0.7274211   0.35073075 -0.4108323   0.22546619
  -0.17606446 -0.34954238  0.00450471 -0.39859366 -0.41749626 -0.4069193
  -0.81123984 -0.44979343 -0.42072827 -0.5625946   0.03073691 -0.6396244
  -0.43289554  1.4790024   0.72110426 -0.4567725  -0.26886222 -0.46952614
  -0.29457036 -0.17956811  0.555225   -0.30580044 -0.46458843 -0.60438186
  -0.46253538 -0.7831512  -0.42501968  0.79169536  0.448167    0.71625185
  -0.43855876  0.30808198 -0.17742215  0.6721916  -0.07748815 -0.38555884
  -0.14202432  0.97885346 -0.1435896  -0.30287313]]