[[ 0.9615631   0.761868    0.24673612  0.2297477  -0.64697653 -0.9409356
  -0.8738182  -0.46639577 -0.22693637 -0.24120618 -0.5396385  -0.93375504
   0.3617971  -0.31505844 -0.6702602   0.40120667 -0.45913875  0.94648
  -0.29700312  0.8750097   2.4394872  -0.48907566 -0.7168407  -0.665812
  -0.01647934 -0.5825238  -0.30369085 -0.2318126  -0.3497252  -0.7024979
  -0.35834417 -0.39191294  0.24782497 -0.22905071 -0.06123055 -0.34846583
   0.739922    0.24611335 -0.8704193  -0.49175248 -0.5981988  -0.06360175
  -0.45731103  1.4782388   1.180598    1.1198457  -0.40750504 -0.04792174
   0.06457917 -0.01285916  2.2446253   1.5970687   0.03042725  0.14132345
  -0.76788086 -0.8337691  -0.8608364   0.50755316 -0.35044268  0.23089717
  -0.21937795 -0.03848321 -0.06995095 -0.47426066 -0.50226974 -0.5998686
  -0.9529421  -0.5543685  -0.4384372  -0.618178    0.6167897  -0.6066773
  -0.5477493   1.0854914   0.98336476 -0.2868421  -0.51359373 -0.46744585
   0.08915096 -0.03712161  0.20735228 -0.41177177 -0.43003896 -0.60891545
  -0.43960696 -0.82169145 -0.50195706  0.40715635  0.20146692  0.62421286
  -0.56404257  0.30700484 -0.21626301  1.1316961   0.14035162 -0.37724897
   0.29035848  0.77380836 -0.06319726 -0.4630923 ]]