[[ 0.66745245  0.7672092  -0.19380958 -0.5223784  -0.5514886  -0.8865981
  -1.2037805  -0.58033055 -0.5004066   0.15647082 -0.6447582  -0.99068433
  -0.28097072 -0.19773424 -0.7025416  -0.2165064  -0.4746825   1.21977
  -0.29896447  1.3636782   1.580504   -0.5314144   0.47283348 -0.695566
  -0.10137773 -0.6207884  -0.4320527   0.11317734 -0.43565044 -0.5869761
   0.20611976 -0.658666   -0.08070772 -0.45352873 -0.47834137 -0.49283212
   0.56960046 -0.21544993 -0.65063924 -0.72946185 -0.517859   -0.5362201
  -0.32666552  0.63801914  1.6998363   0.867707   -0.58946157 -0.40576667
  -0.60731405  0.19313276  1.7042236   3.4166024  -0.656236   -0.5727894
  -0.74870706 -0.74710083 -0.77582693 -0.4341414  -0.5284973  -0.459785
   0.53286844 -0.28882176  0.37940302 -0.25723475 -0.53580695 -0.5085838
  -0.7691101  -1.0605274  -0.48388267 -0.7697921   0.39752376 -0.6600834
  -0.41728744  2.2332187   0.74411595  0.06588602  1.3744652   0.15862368
  -0.396505   -0.0931716   1.606944   -0.5555027  -0.23372021 -0.5780829
  -0.5835027  -0.73795956 -0.5216167   1.4500965   0.30767828  0.90390825
  -0.4618321   0.5489209   0.29147646  1.7004489  -0.5067374  -0.43350255
  -0.16547771  0.4891011   0.9689738  -0.56601703]]