[[ 0.87640053  0.8965251   0.3381296  -0.1276647  -0.5821653  -0.90221494
  -0.7954154  -0.4894869   0.00479854 -0.201058   -0.47002235 -0.956296
   0.5245265  -0.2614275  -0.5215076   0.69078094 -0.58265996  0.2770097
  -0.33968517  1.0686222   1.6575627  -0.5615348  -0.6468338  -0.6623632
   0.05247248 -0.3833537  -0.43806466 -0.16178344 -0.39143354 -0.7458815
  -0.36565503 -0.5547502   0.1430101  -0.48391217 -0.4601805  -0.47802818
   0.07287177  0.61352986 -0.86470133 -0.7048322  -0.543017   -0.04949775
  -0.46950907  0.31928337  2.0898294   0.2226311  -0.12772009 -0.3112244
   0.26454112  0.11598527  0.9557081   2.2693262   0.2414855  -0.221262
   0.18284735 -0.27016777 -0.74183774  0.20748134 -0.22174436  0.38771936
  -0.19187583 -0.16518837  0.17053653 -0.15986587 -0.47815055 -0.6526988
  -0.79429996 -0.3741054  -0.34904173 -0.7053805   0.08765753 -0.6281455
  -0.38084468  1.4901824   0.88483673 -0.38399005 -0.31473503 -0.54297274
  -0.21553361 -0.09464388  0.48600516 -0.04861863 -0.46039802 -0.6246605
  -0.30826393 -0.8373202  -0.40126726  0.8610043   0.6524293   0.80474806
  -0.5272635   0.17393418 -0.39134133  0.64425725  0.10358734 -0.35088027
  -0.00964596  0.99593616 -0.1677032  -0.28708428]]