[[ 0.6770323   0.57544214  0.35837623 -0.21847996 -0.5219152  -0.7541346
  -0.7467068  -0.25480855 -0.17009684 -0.3362548  -0.39230374 -0.9823892
   0.4400649  -0.29447755 -0.5763291   0.41321048 -0.37979576  0.5412854
  -0.13159055  0.85874224  1.6485636  -0.4756759  -0.5518197  -0.56098497
   0.09889974 -0.40834054 -0.10024634 -0.20465258 -0.21157357 -0.6720954
  -0.17608498 -0.04913779  0.12733547 -0.14490107 -0.52042663 -0.22691374
   0.08349077  0.4359863  -0.8515233  -0.5642273  -0.48793152 -0.14853372
  -0.44767612  1.4164078   1.6633084   0.25670585 -0.4228504   0.03668205
   0.14422268  0.09217142  1.2063452   2.0907776   0.09717362  0.03742372
  -0.66221714 -0.690024   -0.68126625  0.4042618  -0.3776001   0.29483473
  -0.12223271 -0.3413804  -0.02947364 -0.39364535 -0.43685755 -0.42191893
  -0.84754014 -0.49410865 -0.43430448 -0.56336164  0.20452034 -0.62686604
  -0.4365345   1.3780445   0.6772868  -0.33497462 -0.11541855 -0.45063472
  -0.31980053 -0.19808924  0.5500218  -0.41405502 -0.47484383 -0.56222963
  -0.4636447  -0.74554753 -0.42128605  0.8626532   0.2909563   0.58626187
  -0.43342152  0.32370567 -0.15228009  0.55440456 -0.01904337 -0.4042759
  -0.0614411   0.8821639  -0.2484897  -0.33151242]]