[[ 0.77362907  0.8699938   0.38167977 -0.26886293 -0.6314052  -0.8691999
  -0.89612174 -0.49790707 -0.08667107 -0.22705181 -0.45445582 -0.9870008
   0.42249182 -0.2536659  -0.55694354  0.63870054 -0.34923738  0.6034892
  -0.31408608  0.9269846   2.4359252  -0.52202374 -0.7788432  -0.63759047
   0.12733953 -0.5787146  -0.44441     0.19558719 -0.30973673 -0.63655454
  -0.12455858 -0.35161638  0.0380392  -0.1840774  -0.2746989  -0.45187587
   0.08549304  0.5716703  -0.79739165 -0.6856405  -0.5275409  -0.07470038
  -0.38184863  0.87030804  1.7751985   0.69759923 -0.31113082 -0.34345502
  -0.05692276 -0.00749249  1.5429387   2.0859053  -0.06494515 -0.12998971
  -0.00883335 -0.418933   -0.8607059   0.04013694 -0.22833236  0.14746597
  -0.20138875 -0.30305094  0.19155338 -0.42822874 -0.47595367 -0.6163438
  -0.85315126 -0.4951763  -0.38069054 -0.62791616  0.50705457 -0.6357572
  -0.41384038  1.4257222   1.0536983  -0.23395047 -0.40299296 -0.34344792
  -0.11385058 -0.08282433  0.31442124 -0.273719   -0.43552375 -0.70983696
  -0.5363064  -0.7931917  -0.46370375  0.8588589   0.11489801  0.51150614
  -0.5715783   0.34632733 -0.11063724  1.3871508   0.20778982 -0.36518356
   0.01736695  0.7982547   0.26419768 -0.4351901 ]]