[[ 7.97662139e-01  8.74020040e-01  3.30048114e-01 -1.43324733e-01
  -6.05283797e-01 -8.95221710e-01 -8.78029287e-01 -4.41202402e-01
  -5.63821457e-02 -2.09119841e-01 -4.73569959e-01 -1.00136530e+00
   4.65723783e-01 -2.87465066e-01 -6.08269334e-01  4.28712040e-01
  -5.27400613e-01  6.04152977e-01 -3.37408066e-01  8.87540400e-01
   2.35551453e+00 -5.20918190e-01 -7.64905870e-01 -6.90534532e-01
   1.09423041e-01 -5.40255427e-01 -3.95165890e-01  6.40019774e-02
  -3.63036186e-01 -7.31717646e-01 -3.60802829e-01 -3.78724813e-01
   1.83684051e-01 -3.67485225e-01 -3.54665309e-01 -4.51658368e-01
   3.27765167e-01  5.91306865e-01 -8.57061803e-01 -6.58380449e-01
  -5.55757344e-01  1.66846126e-01 -4.32998419e-01  7.69292474e-01
   1.70388103e+00  5.76409996e-01 -2.58186996e-01 -5.79422340e-02
   3.40491027e-01 -6.46365210e-02  1.63751709e+00  1.92498744e+00
   1.05269775e-01  2.55456835e-01 -9.02254134e-02 -4.32397723e-01
  -7.78489769e-01  3.00625414e-01 -2.64871776e-01  4.45288509e-01
  -2.00661480e-01 -2.09139347e-01  1.93209155e-03 -3.01494271e-01
  -4.81667876e-01 -6.40264153e-01 -9.51602817e-01 -4.56029117e-01
  -3.99528056e-01 -5.91498315e-01  5.49376249e-01 -6.52316391e-01
  -4.56696093e-01  1.29647636e+00  8.73926044e-01 -2.27728233e-01
  -4.95943666e-01 -4.56221670e-01 -1.59537449e-01 -5.56297339e-02
   2.04015076e-01 -3.19003195e-01 -4.81841773e-01 -6.56862378e-01
  -4.66237903e-01 -8.05679560e-01 -4.40733314e-01  5.83880305e-01
   4.57800269e-01  3.84225965e-01 -5.94296575e-01  2.30014786e-01
  -1.81287631e-01  9.08463359e-01  2.59943515e-01 -3.43384922e-01
   8.81741121e-02  8.22724283e-01 -1.82362571e-02 -3.45737725e-01]]