[[ 0.61507154  1.192479    0.5350796  -0.15797545 -0.626039   -0.90969306
  -0.9922976  -0.5390198  -0.09526525 -0.2791753  -0.45928454 -1.1034424
   0.5346475  -0.2839833  -0.65418535  0.81665075 -0.5753831   0.53105485
  -0.3514716   0.5854697   2.89982    -0.5474146  -0.8681869  -0.65433395
   0.50874305 -0.7965172  -0.21841677  0.0614358  -0.33806    -0.7931275
  -0.05730475  0.26865864 -0.01435528 -0.22833024 -0.33838615 -0.4977138
  -0.07745347  0.46542963 -1.0134549  -0.701948   -0.5768164   0.11473043
  -0.4117705   1.7189273   1.6961292   0.21008852 -0.3147171   0.26744565
  -0.01446971 -0.14822607  1.3780715   1.5850735   0.01716069  0.13427694
   0.1983097  -0.33150572 -0.88154346  0.4787677  -0.15523534  0.39869267
  -0.15136284 -0.24313164 -0.10205963 -0.34018108 -0.51135194 -0.65891314
  -0.92328256 -0.4968067  -0.39740494 -0.6079117   0.5187319  -0.7541704
  -0.48644498  1.1779914   0.9763476  -0.45079127 -0.5601685  -0.5063855
  -0.17296824  0.11153695  0.14537819 -0.37207976 -0.49877727 -0.6938665
  -0.63755184 -0.90112746 -0.47064143  0.57719654  0.06757319  0.24256133
  -0.6832019   0.35771954 -0.38606256  0.74106807  0.7939054  -0.4288744
   0.10954434  0.78645676 -0.4659651  -0.4687419 ]]