[[ 1.8867241   0.8489514   0.35956553 -0.0352114  -0.55739486 -0.67670643
  -0.831463   -0.3576704  -0.14721133 -0.20211025 -0.44314048 -0.8062059
   0.26961997 -0.21411717 -0.48358744  0.24566032  0.07366089  0.4814532
  -0.10894988  1.4847416   0.22259851 -0.4934217  -0.36106622 -0.5735979
   0.59913594 -0.33458    -0.4115996  -0.41369587 -0.28487483 -0.60365474
   0.09364014 -0.5378261   0.3409673  -0.2749283  -0.3873537  -0.2973893
  -0.0477314   0.19955014 -0.7901164  -0.49612352 -0.43445513 -0.3599446
  -0.39742732  0.59005594  2.7068696   1.1228209  -0.35513276 -0.59239507
  -0.3523538   0.03307531  1.0212067   3.299938    0.36024776 -0.18893853
  -0.54432356 -0.57687604 -0.7713995   0.22126308 -0.3306473   0.42799628
  -0.25838766 -0.2836486   0.5110576  -0.08969969 -0.3527904  -0.48144674
  -0.7327268  -0.24717897 -0.3934761  -0.69396544 -0.43742853 -0.48650262
  -0.26939666  2.7766273   1.0305549  -0.52266896  0.14851654 -0.39393708
  -0.16887307 -0.21958847  0.95801634 -0.25623593 -0.39604732 -0.609631
  -0.27707368 -0.68136686 -0.39782146  1.6607325  -0.07339189  1.3100735
  -0.28344858  0.47897002 -0.22985151  0.8234589  -0.2736207  -0.31460786
  -0.14495207  1.719389    0.19598967 -0.33802816]]