[[ 1.2442384   0.74966854  0.2579503  -0.271235   -0.7074724  -1.0489678
  -0.8618324  -0.64014274 -0.334001   -0.12314093 -0.5177265  -1.0266386
   0.44298917 -0.21377435 -0.71268404  0.80956703 -0.0881236   1.0004059
  -0.41648597  1.521605    1.5125701  -0.567798   -0.69828403 -0.7921366
   0.28311208 -0.62259436 -0.35246205  0.43056577 -0.5162727  -0.5734509
  -0.13352872 -0.5807302   0.2507805  -0.23029515 -0.4200057  -0.48895946
   0.48927575  0.05607957 -0.7099321  -0.70619935 -0.543304   -0.4457547
  -0.32652256  1.0796995   1.913705    1.9093099  -0.49906486 -0.24615428
  -0.46132255  0.14232734  2.3484924   2.9782898   0.00397304 -0.39014626
  -0.6062218  -0.7765054  -1.0013053  -0.09491308 -0.4533402   0.21115208
   0.10738076 -0.35696936  0.32918063 -0.50175154 -0.5178662  -0.619673
  -0.823632   -0.63388735 -0.46772596 -0.6777042   0.7374704  -0.6571092
  -0.4759821   2.4266424   1.4417074   0.08719829 -0.19036612 -0.36924943
  -0.24765654  0.28932187  0.55895644 -0.2110206  -0.37323248 -0.74245495
  -0.51448923 -0.74761945 -0.49448815  0.8286649  -0.3430128   0.7616527
  -0.532173    0.5479334   0.11209074  2.0253913  -0.05791291 -0.36777943
  -0.09243245  1.1875778   0.9035128  -0.5638879 ]]