[[ 0.5296575   1.26016     0.72078127 -0.22639841 -0.6839808  -0.9101391
  -0.96153826 -0.46569723 -0.23839763 -0.3238542  -0.5211533  -1.2059954
   0.3704053  -0.28191388 -0.82843614  0.9779098  -0.36299884  0.73860073
  -0.38763127  0.42446744  2.925607   -0.54369783 -0.6759953  -0.56324375
   0.6044185  -0.892743   -0.0058384   0.06689356 -0.4018399  -0.7451097
   0.19160119  0.45422858 -0.12320313  0.03982332 -0.360199   -0.48893356
  -0.1536689   0.40038738 -1.0237674  -0.7132435  -0.5213008  -0.2247274
  -0.39378193  2.6697843   1.1574212   0.5127511  -0.4875943   0.41705024
  -0.2507443  -0.18317728  1.664896    1.5295718  -0.18037331 -0.13295506
  -0.46315622 -0.696782   -0.90178025  0.34671947 -0.38169256  0.22074881
   0.11832312 -0.40698022 -0.19008575 -0.41508496 -0.53542733 -0.58858156
  -0.8593473  -0.6554387  -0.47203058 -0.61212254  0.42828092 -0.8122853
  -0.56007653  1.2141316   0.8538349  -0.488355   -0.19166261 -0.4820253
  -0.26285732  0.21258044  0.3151079  -0.5030279  -0.47719082 -0.7143075
  -0.7421557  -0.9087995  -0.5081645   0.43724185 -0.0500664   0.02513507
  -0.7141921   0.5418062  -0.38125074  0.82412267  0.8069195  -0.47838706
  -0.04980258  0.5694664  -0.3265572  -0.5405655 ]]