[[ 1.098613    1.0412433   0.0414167  -0.06004932 -0.57212216 -0.79660463
  -0.95349586 -0.3724553  -0.06303075 -0.15018322 -0.48695523 -0.9380703
   0.13021308 -0.24014269 -0.5041639  -0.03180689 -0.5545981   0.95845735
  -0.1776718   1.3678834   1.0283024  -0.56984955 -0.36627617 -0.6175524
   0.26100835 -0.19273563 -0.31744176 -0.5777962  -0.27974623 -0.84973043
  -0.19311258 -0.36837238  0.16751152 -0.44067577 -0.47700933 -0.28077468
   0.39840466  0.6610831  -0.88901603 -0.5539736  -0.5299289  -0.31444913
  -0.5501355   0.46159053  2.0822322   0.31438673  0.06067437 -0.32644638
   0.24379312  0.3852537   1.0906278   2.6730192   0.21779859 -0.3522048
  -0.6957362  -0.7139896  -0.5625545   0.3383041  -0.28681216  0.21843539
  -0.23763578 -0.2281676   0.14253892 -0.30977097 -0.41062522 -0.63835096
  -0.88083726 -0.4679691  -0.37615317 -0.75376236 -0.3917787  -0.641681
  -0.39345187  1.7971317   0.55044913 -0.26726308  0.01555292 -0.3562684
  -0.21400782 -0.17282158  0.9010913  -0.20586963 -0.34176546 -0.48696658
  -0.22524954 -0.88284713 -0.3839024   1.1144316   1.0390874   1.3763772
  -0.40304503  0.25629193 -0.10090848  0.19998083 -0.2947528  -0.33783296
  -0.11373565  1.0327994  -0.21054757 -0.1887768 ]]