[[ 0.441632    0.53514385 -0.26033354 -0.2576717  -0.5615459  -0.839813
  -0.7329139  -0.4853907  -0.18048441 -0.18864208 -0.43604374 -0.7138538
  -0.11970557 -0.2852428  -0.38731658 -0.17126915 -0.46619862  0.31697744
  -0.33787638  0.8215816   1.2780676  -0.6075322  -0.5850349  -0.57144356
   0.02367396 -0.42947885 -0.30864647  0.8310868  -0.44141215 -0.60717857
  -0.31327403 -0.35795566 -0.01089598 -0.43985987 -0.33358428 -0.39396545
   0.28931576 -0.0578475  -0.39077562 -0.45354572 -0.49714577 -0.38727427
  -0.37125692  0.03756939  1.1399295   0.14939667 -0.33824894  0.03746832
  -0.22592172 -0.01864145  0.6440036   1.5129259  -0.3442464  -0.4351249
  -0.61494464 -0.63631874 -0.63513845  0.10903467 -0.22044946 -0.28478092
  -0.17969051 -0.2806823  -0.02630332 -0.5168487  -0.34275618 -0.5351588
  -0.7375009  -0.5308165  -0.3634191  -0.48311782  0.6016278  -0.48965815
  -0.44170746  1.2173061   0.93213046  1.0184463  -0.24013996 -0.11596809
  -0.05749548  0.01111081  0.5008333  -0.33904976 -0.155438   -0.4110731
  -0.32316768 -0.6272461  -0.40225536  0.6380298  -0.16811182  0.53843194
  -0.40193653  0.18908527  0.64712423  1.223707   -0.2798195  -0.37490276
  -0.11211185  0.55224514  0.6269771  -0.37856   ]]