[[ 1.1375097   0.48032042  0.3303975  -0.25398824 -0.67448336 -0.96135205
  -0.79633504 -0.57321167 -0.2928393  -0.01013631 -0.5038922  -0.8992211
   0.5434967  -0.2558906  -0.50836456  0.87060094 -0.22485748  1.0310068
  -0.34833413  1.0119194   1.4995914  -0.5733578  -0.54005027 -0.68584925
   0.28821242 -0.41620198 -0.34994033  0.2843079  -0.43254492 -0.5755005
  -0.14511004 -0.5847421   0.16841693 -0.22327521 -0.43217108 -0.32001358
   0.58569425 -0.05854549 -0.6776872  -0.64161336 -0.5093568  -0.42241368
  -0.39575937  1.0440191   1.478897    1.1226164  -0.3759972  -0.35510233
  -0.4278048   0.3483147   1.240297    2.2656765   0.13309096 -0.3647109
  -0.5464657  -0.6850149  -0.96260417 -0.01603881 -0.34004596  0.05756184
  -0.2423824  -0.3462901   0.30175635 -0.3791411  -0.5134676  -0.5637395
  -0.7617316  -0.5159902  -0.43738943 -0.7060812   0.596281   -0.6075465
  -0.39798796  1.7823027   1.2127513   0.05018424 -0.24791637 -0.41327143
  -0.28860277 -0.06730507  0.47901076 -0.16709927 -0.39639246 -0.658981
  -0.507894   -0.7004242  -0.45894969  0.8788523  -0.15480751  0.7293924
  -0.4581892   0.3372007   0.15257043  1.5339696  -0.19646783 -0.36853233
  -0.00736053  1.0480994   0.62162894 -0.4973632 ]]