[[ 1.0308745   0.72281057  0.30547208 -0.23037723 -0.62881655 -0.8470847
  -0.8426996  -0.3050645  -0.11930833 -0.25140524 -0.53384304 -0.9840151
   0.07884717 -0.24465345 -0.515192    0.52982116 -0.52774316  0.5244357
  -0.23660819  1.235565    1.6748697  -0.46239862 -0.5399551  -0.6316807
   0.16502385 -0.32459176 -0.39160088 -0.20319426 -0.3381687  -0.7340483
  -0.31933698 -0.6367117   0.23966601 -0.12683433 -0.5209149  -0.30613852
   0.25014302  0.285206   -0.8513723  -0.5521546  -0.5429514  -0.05147181
  -0.44042382  1.0769299   2.0979972   0.48675054 -0.3145512  -0.21776557
   0.22240758  0.16784538  1.0239427   2.5640497   0.08163662 -0.04376184
  -0.6582718  -0.7749753  -0.8252605  -0.00321272 -0.34082532  0.26600006
  -0.21445738 -0.2799593   0.14613812 -0.40809593 -0.473908   -0.5866729
  -0.8975602  -0.5039249  -0.41020614 -0.6462293   0.50105906 -0.6253599
  -0.40805373  1.7459638   0.9074298  -0.27902797 -0.11802473 -0.45407924
  -0.26135895 -0.09211783  0.77733743 -0.31062272 -0.47797045 -0.5850439
  -0.43508828 -0.8002497  -0.38816932  1.0790144   0.46224535  0.9327036
  -0.4556458   0.44105613  0.01513452  0.68754315 -0.09142736 -0.37432498
  -0.02875502  1.0769114  -0.09659319 -0.3041859 ]]