[[ 0.72411025  0.7595723   0.32370302 -0.13488072 -0.598694   -0.9458014
  -0.8503193  -0.50830895 -0.13149792 -0.21095829 -0.51511014 -0.9986922
   0.643158   -0.27355582 -0.55818915  0.6689841  -0.48692346  0.64872724
  -0.35345548  0.7961601   2.3241694  -0.5067488  -0.75134987 -0.6918982
   0.07074464 -0.5387999  -0.39681002 -0.08369879 -0.3851753  -0.70787704
  -0.37890735 -0.38811892  0.09357102 -0.35105345 -0.33418247 -0.43119243
   0.35108426  0.3749784  -0.8752694  -0.6787741  -0.5811138   0.19909382
  -0.40867117  0.7299719   1.6705185   0.51021266 -0.2317349  -0.08191241
   0.13459739  0.11706365  1.5019195   1.733481    0.12620637  0.26276267
  -0.08061836 -0.48413152 -0.80982316  0.21557176 -0.24421762  0.36051828
  -0.20965554 -0.2196588   0.00402146 -0.28397456 -0.50011444 -0.57247686
  -0.8601997  -0.47869742 -0.37060714 -0.6076718   0.71620226 -0.6517483
  -0.47869858  1.1918656   0.9486467  -0.4032516  -0.47431108 -0.496272
  -0.15964675 -0.1307186   0.26900056 -0.23774882 -0.47410765 -0.625863
  -0.50094837 -0.79607767 -0.43805876  0.5828491   0.28745374  0.32113138
  -0.5846334   0.21745202 -0.29695597  0.99312276  0.27423665 -0.3746457
   0.235366    0.7979086  -0.18734434 -0.42753857]]