[[ 1.083581    0.75288594  0.2110679  -0.19431183 -0.58580464 -0.8469447
  -1.1477536  -0.49433914 -0.3880396   0.01637187 -0.6158571  -0.9689511
   0.04460558 -0.20333478 -0.6766917   0.03466341 -0.5366904   1.0267938
  -0.2340717   1.5467988   1.2894739  -0.52811754  0.2523122  -0.7265307
   0.05753035 -0.5314307  -0.42898276 -0.18845612 -0.391586   -0.6534932
   0.08409689 -0.68217343  0.03261623 -0.4010939  -0.51675415 -0.43442357
   0.42549235 -0.12897772 -0.81651306 -0.6707239  -0.5312891  -0.49770716
  -0.40751633  0.95112634  2.2889044   0.7871754  -0.46711892 -0.5248112
  -0.52611387  0.19418858  1.531963    3.6500676  -0.01105701 -0.36576876
  -0.7118835  -0.7429201  -0.804703   -0.05603464 -0.47572166  0.11705226
   0.2298792  -0.24981862  0.42757952 -0.07944237 -0.5249995  -0.5195196
  -0.8103506  -0.76043487 -0.48112088 -0.827412    0.10651711 -0.65533507
  -0.37909555  2.402265    0.8628713  -0.20047864  0.9392878  -0.06957485
  -0.33012816 -0.07866696  1.5556083  -0.48149785 -0.3122511  -0.5998957
  -0.4626172  -0.7932042  -0.49064097  1.5424045   0.33076435  1.3349332
  -0.42764536  0.5375808   0.13239877  1.2228708  -0.38764235 -0.4383946
  -0.15114197  1.001825    0.581723   -0.48506966]]