[[ 1.1775835   0.7107787   0.11011036 -0.1622157  -0.5661675  -0.7354009
  -0.83840495 -0.36117262 -0.15485895 -0.21188053 -0.46718395 -0.8392149
   0.2064625  -0.23435402 -0.43247485  0.14739302 -0.2682677   0.64549005
  -0.12845103  1.3093916   0.6463097  -0.5373641  -0.33972692 -0.6010953
   0.3580048  -0.21654731 -0.3844436  -0.18700927 -0.2898111  -0.66657907
  -0.08211045 -0.60302037  0.13400327 -0.36808473 -0.44709414 -0.25148788
   0.2594711   0.24960734 -0.73220944 -0.545184   -0.4653815  -0.3831507
  -0.45469943  0.48313794  2.0663116   0.6618055  -0.34195587 -0.4235808
  -0.12204017  0.2754056   0.98115826  2.7025998   0.22068717 -0.3726002
  -0.5632511  -0.6065332  -0.7056117  -0.00351213 -0.3604647   0.14128971
  -0.23509754 -0.25939873  0.24963771 -0.33197182 -0.40065995 -0.50352794
  -0.7498984  -0.4266432  -0.40841842 -0.70861405 -0.17197107 -0.53678083
  -0.33210018  1.9946623   0.79358613 -0.2733744   0.04179408 -0.3976584
  -0.18947536 -0.11916912  0.98419875 -0.22660717 -0.34748536 -0.54368186
  -0.23855455 -0.7247983  -0.39524558  1.1945082   0.3420558   1.1609724
  -0.28705347  0.29337433  0.0948794   0.7047315  -0.33736673 -0.34273455
  -0.12479595  1.1625503   0.16899396 -0.3026045 ]]