[[ 0.6880726   0.93782556  0.22294885  0.00494723 -0.5752709  -0.93618
  -0.9809288  -0.6181749   0.05243682 -0.20134616 -0.45757312 -0.8754405
   0.28361756 -0.25935313 -0.48344228  0.5030218  -0.5743051   0.71125287
  -0.45142332  0.809282    1.9643902  -0.6563012  -0.71439904 -0.66323054
   0.31357747 -0.58994335 -0.41777515  0.14849505 -0.4515974  -0.82572997
  -0.33206972 -0.05892867 -0.06126629 -0.5345797  -0.31200275 -0.5350788
   0.11352959  0.4684875  -0.8710135  -0.59615374 -0.58364785  0.02871347
  -0.4699216   0.13765734  1.8776158   0.07553028  0.24852015 -0.30270487
  -0.18004115 -0.05946352  1.0009816   1.7716876  -0.00881064 -0.18210277
   0.60989225  0.01045243 -0.6379858   0.6446576   0.06333716  0.17158568
  -0.25683248 -0.03579172 -0.01199976 -0.16170414 -0.41008395 -0.68831086
  -0.9155797  -0.46426857 -0.29525444 -0.62683016  0.07636289 -0.6496839
  -0.43631133  1.3309236   0.9327522   0.16088551 -0.46518928 -0.2369219
  -0.10514596 -0.02834318  0.39621255 -0.25602537 -0.28688577 -0.48171833
  -0.4620999  -0.8822823  -0.445178    0.6883616   0.3624548   0.6922897
  -0.6008254   0.12054349 -0.27541995  0.7342068   0.3980613  -0.37884215
   0.02883742  0.83227086 -0.25997224 -0.43458804]]