[[ 1.1717762   0.63669395  0.32498646 -0.2467132  -0.68764603 -1.0115151
  -0.8597461  -0.59212685 -0.3419424   0.05655941 -0.53129846 -0.89316267
   0.50093603 -0.2575867  -0.5331722   0.8542382  -0.25372222  1.0094701
  -0.31836808  1.1327524   1.6143442  -0.57202524 -0.5647622  -0.7183288
   0.24965523 -0.44443518 -0.3769762   0.40000838 -0.39254594 -0.5927265
  -0.15061356 -0.59757507  0.21071012 -0.21889657 -0.4529241  -0.35892695
   0.63401294 -0.09056283 -0.66830707 -0.6730002  -0.5296489  -0.47835258
  -0.37804973  1.0472842   1.8621843   1.1695004  -0.4441283  -0.32492837
  -0.48926643  0.3578545   1.2816415   2.593751    0.10504854 -0.39092588
  -0.58076924 -0.6989666  -1.0545691  -0.06752545 -0.41133097  0.03701304
  -0.24137114 -0.33752644  0.3218466  -0.30914056 -0.53847337 -0.60854006
  -0.8136008  -0.52599746 -0.4365143  -0.7546839   0.7388091  -0.6460413
  -0.39965147  1.918717    1.3323846   0.19070098 -0.03032341 -0.36860606
  -0.27573416 -0.04393996  0.6205214  -0.16871186 -0.3855496  -0.6817558
  -0.5045011  -0.7255181  -0.45302948  1.2318376  -0.10106048  0.82481825
  -0.45842457  0.3781143   0.2721531   1.698527   -0.19880316 -0.36839122
   0.01883446  1.1084298   0.7457908  -0.5593079 ]]