[[ 1.0095965e+00  7.0034462e-01  4.0390798e-01 -2.4622789e-01
  -6.2681812e-01 -8.5983717e-01 -7.5383496e-01 -4.5994589e-01
  -1.8897069e-01 -1.8539242e-01 -4.9219865e-01 -9.7006571e-01
   6.1898649e-01 -2.4675417e-01 -5.0601923e-01  9.0842575e-01
  -2.0769092e-01  7.3495227e-01 -2.5114328e-01  9.6444201e-01
   1.4802021e+00 -5.1982880e-01 -5.5529755e-01 -5.9800237e-01
   2.3970249e-01 -3.1762722e-01 -3.8201344e-01 -2.5634643e-01
  -3.4211853e-01 -6.3330305e-01 -1.4928877e-01 -5.5705500e-01
   4.0595666e-02 -1.8210378e-01 -4.2798969e-01 -2.9667643e-01
   1.7556916e-01  3.4989402e-01 -8.2664949e-01 -6.4616114e-01
  -5.0312817e-01 -3.1767204e-01 -4.2349237e-01  9.1727871e-01
   1.6464375e+00  7.2428906e-01 -3.3866981e-01 -4.6248847e-01
  -8.0599777e-02  3.5009983e-01  1.1377873e+00  2.2090359e+00
   1.9444700e-01 -3.2293168e-01 -4.7038463e-01 -6.4750493e-01
  -8.5605299e-01 -1.4443449e-02 -3.6737406e-01  1.4697044e-01
  -2.1557680e-01 -3.3601135e-01  1.8388128e-01 -3.4198526e-01
  -4.7283870e-01 -4.9878201e-01 -6.9690698e-01 -4.3230483e-01
  -3.9744350e-01 -7.0376039e-01  1.8420292e-01 -6.0841608e-01
  -3.7944189e-01  1.5845606e+00  8.5740906e-01 -4.9509925e-01
  -1.6314852e-01 -5.2321863e-01 -2.5371549e-01 -1.3452759e-01
   6.5397871e-01 -9.0555117e-02 -4.5083004e-01 -6.2201619e-01
  -4.0052056e-01 -7.5858074e-01 -4.1103986e-01  8.9671153e-01
   2.4158624e-01  7.1173340e-01 -4.3571433e-01  2.9014403e-01
  -2.3700738e-01  9.4498372e-01 -1.2441696e-01 -3.5540670e-01
   1.4827829e-03  9.7907287e-01 -2.8532567e-03 -4.1778257e-01]]