[[ 0.9185087   0.69063056  0.38899907 -0.21275555 -0.5841079  -0.84942055
  -0.8911066  -0.47901055 -0.18198475 -0.13666616 -0.5116267  -0.90162545
   0.25353277 -0.21354786 -0.6295743   0.53689104 -0.23645307  0.91691756
  -0.3713946   1.3376888   1.4659895  -0.54159075 -0.5766487  -0.7035984
   0.2563694  -0.5226875  -0.39145356  0.20329343 -0.41567945 -0.55453235
  -0.03595302 -0.61183095  0.06621351 -0.16485211 -0.42938766 -0.41024968
   0.3813352  -0.02669149 -0.7373921  -0.63410574 -0.48152003 -0.3482635
  -0.36266902  0.9557851   1.8176508   1.2792517  -0.47476918 -0.16114226
  -0.4243494   0.21701783  1.7050889   2.7266617   0.11182272 -0.2960155
  -0.45638123 -0.5478051  -0.798852    0.01841597 -0.40931314  0.27950728
   0.01302888 -0.32580325  0.16506948 -0.45045456 -0.4408062  -0.5467039
  -0.86315924 -0.55102104 -0.4674483  -0.6314197   0.43051916 -0.5861637
  -0.41980016  1.8106264   0.9922344  -0.17136993 -0.06416629 -0.28722268
  -0.26797238  0.09383713  0.6355319  -0.31603834 -0.39289328 -0.7026812
  -0.52011436 -0.71336126 -0.48040158  1.0273875  -0.23177284  0.92128956
  -0.45607132  0.4941479   0.17440625  1.6017513   0.02138826 -0.3810058
  -0.07567627  1.0074655   0.58389586 -0.5075716 ]]