[[ 8.0605245e-01  5.6333393e-01  2.5880340e-01 -7.6136105e-02
  -4.8479262e-01 -7.3191750e-01 -7.3529136e-01 -3.1634960e-01
  -3.2578903e-01 -3.2186568e-01 -2.3913032e-01 -9.6839958e-01
   8.4865803e-01 -3.4597316e-01 -6.7002118e-01 -1.8374819e-01
  -1.6181737e-01  7.5462580e-01 -5.2236356e-02  9.3118596e-01
   1.1655420e+00 -5.2313173e-01 -5.7025379e-01 -6.4320970e-01
   2.4683602e-01 -5.3361452e-01  4.0558535e-01 -2.3260388e-01
  -1.8367925e-01 -6.7040175e-01  9.5449485e-02  6.8637812e-01
   2.5244829e-01 -4.4248396e-01 -5.1615566e-01 -8.9907706e-02
   3.7263084e-02  4.9690893e-01 -8.9563423e-01 -5.3580558e-01
  -4.6912700e-01 -1.5170336e-01 -4.3951893e-01  1.5534823e+00
   2.0775595e+00  4.3898076e-01 -3.9022648e-01  2.7325433e-01
   5.8390625e-02 -1.4270584e-02  1.8779970e+00  2.3602128e+00
   3.4214595e-01  3.5049176e-01 -7.1630687e-01 -6.5531570e-01
  -6.7807913e-01  1.2084000e+00 -4.2921200e-01  5.8817297e-01
  -2.0651108e-01 -3.8086832e-01  1.5077125e-03 -2.4996638e-01
  -3.6503625e-01 -2.6659513e-01 -8.7804890e-01 -4.4330418e-01
  -4.3000048e-01 -4.6602634e-01 -5.0635777e-02 -6.8770790e-01
  -4.4955960e-01  1.6505646e+00  4.8138514e-01 -2.0464957e-01
  -2.3615411e-01 -3.3764893e-01 -3.5769665e-01 -2.3979312e-01
   4.9112192e-01 -5.0784481e-01 -4.4070706e-01 -5.7865065e-01
  -5.1530766e-01 -7.2936541e-01 -4.1488785e-01  8.4424353e-01
   9.9933691e-02  5.4080606e-01 -4.3449441e-01  1.6599536e-01
  -2.5137392e-01  7.1512151e-01 -1.8658754e-01 -3.8527203e-01
  -1.0202821e-01  1.1328056e+00 -1.5005127e-01 -3.2306209e-01]]