[[ 0.28543815  0.5335269   0.24356909 -0.5781933  -0.68363285 -1.2461116
  -0.77638817 -0.9980517  -0.55401176  0.10661711 -0.49491197 -1.0512167
   1.5888746  -0.28692394 -0.49355224  1.929027   -0.29581416  0.919436
  -0.5035973   0.30021405  2.6425614  -0.6365987  -0.88989717 -0.7714714
  -0.06618703 -0.59538585 -0.39026403  0.6026488  -0.4815017  -0.51610845
  -0.33223692 -0.4232575  -0.3644662  -0.4967932  -0.3622863  -0.44466949
   0.41337058 -0.14551724 -0.5878441  -0.906005   -0.6704419  -0.40633032
  -0.2845798   0.5728094   0.5893577   0.43207437 -0.3529385  -0.14667733
  -0.6508418   0.7370892   0.893022    1.0564475  -0.01731136 -0.5121366
  -0.06577026 -0.5928999  -1.2055146  -0.2030411  -0.3411615  -0.22137176
  -0.26609722 -0.39889443  0.16067712 -0.4107659  -0.6160561  -0.5848351
  -0.46813422 -0.5667106  -0.33133334 -0.7575368   1.5143571  -0.7107951
  -0.4317269   0.49696347  1.1682153   0.23916528 -0.4496303  -0.55300957
  -0.32454196  0.06932135 -0.00568137  0.35986492 -0.43295768 -0.69627386
  -0.5989649  -0.74182665 -0.38023487  0.25140226 -0.23884217 -0.15297382
  -0.6936933   0.04197641 -0.08117064  2.2624476  -0.11699056 -0.3736166
   0.41710952  0.3766568   0.42643768 -0.73461086]]