[[ 0.7191216   0.6190479   0.8601599  -0.07064161 -0.73945427 -0.897191
  -0.75081956 -0.36876673 -0.09767546 -0.34152034 -0.55684316 -0.98453677
   0.17006756 -0.25037128 -0.5784149   1.24527    -0.6127532   0.26712
  -0.3692431   1.0755538   2.3044975  -0.44849446 -0.6674189  -0.5666595
  -0.08073188 -0.4373116  -0.39247087 -0.04054657 -0.4084481  -0.64899755
  -0.45792842 -0.7343731   0.12224235  0.2946428  -0.40446842 -0.33825743
   0.11209844  0.07053684 -0.8446916  -0.54717696 -0.5483899  -0.33967257
  -0.44114667  1.9029448   1.666025    0.38935453 -0.41688207 -0.4300668
  -0.07583866  0.03371115  0.6409095   2.233012    0.17742383 -0.28551006
  -0.67541575 -0.8172356  -0.9935641  -0.05374461 -0.3561969   0.3061193
  -0.23370622 -0.3122816   0.10919482 -0.3956692  -0.5121175  -0.60749346
  -0.85616684 -0.43874964 -0.42646867 -0.6640379   0.6425928  -0.55265045
  -0.43155074  1.4380693   1.2481203  -0.2755652  -0.28454462 -0.5497981
  -0.05235437  0.04407386  0.57197124 -0.33903348 -0.51979655 -0.6349843
  -0.43410444 -0.7823705  -0.43918496  0.8460273   0.10554577  0.7899098
  -0.5314038   0.59382087 -0.03333727  0.6858514   0.16194811 -0.4366503
  -0.11793634  1.032617   -0.02899797 -0.4675918 ]]