[[ 0.47425133  0.5938919   0.38193336 -0.32084593 -0.52071756 -0.99092245
  -0.7750875  -0.6707232  -0.16827784 -0.07734105 -0.47395685 -0.94138134
   0.9205845  -0.2525122  -0.45746157  1.2477553  -0.48903328  0.5598703
  -0.34983823  0.831519    2.0870163  -0.56733584 -0.6743527  -0.69095635
   0.01884699 -0.44671828 -0.5001122   0.16321631 -0.41549912 -0.6134267
  -0.3366616  -0.51644224 -0.07321543 -0.3086768  -0.48163524 -0.4195791
   0.23996428  0.11013769 -0.78963256 -0.7198652  -0.5872418  -0.12434544
  -0.3364996   0.44900557  1.8250899   0.2820288  -0.28569037 -0.07808025
  -0.17885228  0.43502045  0.7193053   1.9906058   0.12271261 -0.3098573
   0.29227445 -0.26410097 -0.81867033 -0.02955864 -0.17005801  0.04758181
  -0.04656506 -0.22772491  0.22568476 -0.251861   -0.5295248  -0.59477997
  -0.6732956  -0.51160854 -0.34676304 -0.7025072   0.7105077  -0.6317215
  -0.39450586  1.3869386   1.1046573  -0.2935894   0.06529027 -0.5328641
  -0.312271   -0.03841259  0.53757644  0.05025145 -0.46388704 -0.6122647
  -0.5442313  -0.7157243  -0.41511238  0.8952922   0.00262562  0.2704509
  -0.5516301   0.25950631 -0.20844169  1.159815    0.29627275 -0.38764977
   0.22369441  0.7071448  -0.04990515 -0.5557318 ]]