[[ 8.6661571e-01  6.7667174e-01  6.6583025e-01 -3.5132475e-02
  -6.9973123e-01 -8.5943198e-01 -7.8540486e-01 -3.8673013e-01
  -7.2338410e-02 -3.0283320e-01 -5.4060066e-01 -9.5060396e-01
   1.7328817e-01 -2.5222239e-01 -5.5006915e-01  9.3069118e-01
  -5.9022886e-01  3.1994832e-01 -3.2515877e-01  1.1260034e+00
   1.9582012e+00 -4.7766793e-01 -5.8763450e-01 -5.8502376e-01
   3.0949425e-02 -3.8573223e-01 -3.9744097e-01 -9.5623180e-02
  -3.8693157e-01 -6.7009753e-01 -3.8729230e-01 -7.0933449e-01
   1.5050708e-01  1.0642935e-01 -3.7374088e-01 -3.2508329e-01
   1.5907592e-01  1.2048333e-01 -8.2485205e-01 -5.4861963e-01
  -5.4134971e-01 -3.4263867e-01 -4.6201122e-01  1.5175378e+00
   1.7523030e+00  3.8328332e-01 -3.5242683e-01 -4.1214436e-01
  -3.1265460e-02  8.1184149e-02  6.8074852e-01  2.3091524e+00
   2.2017586e-01 -2.9422414e-01 -6.5819222e-01 -7.7409548e-01
  -9.0098602e-01  2.9208766e-02 -3.0721760e-01  3.0234748e-01
  -2.4970461e-01 -2.9162860e-01  1.3043037e-01 -3.5913911e-01
  -4.9152628e-01 -6.0803515e-01 -8.4831929e-01 -4.1233042e-01
  -4.2018893e-01 -6.8860078e-01  4.3039095e-01 -5.3232944e-01
  -4.1111365e-01  1.5608295e+00  1.1241947e+00 -2.6244968e-01
  -2.2917189e-01 -5.2169710e-01 -8.6581400e-03 -6.9376081e-04
   6.3211107e-01 -3.0958706e-01 -4.8052859e-01 -6.0627544e-01
  -3.3230969e-01 -7.8274709e-01 -4.3517441e-01  8.9640713e-01
   2.0022018e-01  9.4790459e-01 -4.8028362e-01  5.0977117e-01
  -1.4002665e-02  6.2302619e-01  4.7540538e-02 -4.1671979e-01
  -1.0565525e-01  1.0544783e+00  5.7618814e-03 -3.9417675e-01]]