[[ 0.40150842  0.9661028  -0.05006173 -0.4287629  -0.64466774 -1.116857
  -0.99850804 -0.74146694 -0.27843636  0.00362503 -0.5034702  -0.95311844
   0.5915428  -0.24608141 -0.3801635   0.6639981  -0.59541804  0.38343143
  -0.40974888  1.2043524   2.2557657  -0.6246517  -0.7670418  -0.8139946
   0.14166461 -0.5011412  -0.45719475  0.91342217 -0.4755847  -0.7164274
  -0.3910349  -0.50436974 -0.04652821 -0.5260804  -0.4617414  -0.42291027
   0.43486735  0.1700659  -0.6233232  -0.72050726 -0.63235176 -0.22449702
  -0.29492462  0.04343269  1.9538636   0.2808052  -0.33864367 -0.07756516
  -0.17684434  0.3807315   0.78116775  2.2531807  -0.09562251 -0.48760784
   0.10555643 -0.4396655  -1.1219465  -0.11217571 -0.21777281 -0.14227673
  -0.2776077  -0.20615233  0.20530781 -0.39976498 -0.51539075 -0.780851
  -0.819465   -0.5417084  -0.29414937 -0.71747774  1.2063425  -0.6830669
  -0.37368372  1.4701842   1.4300207   0.5854971  -0.2810495  -0.3820262
  -0.20882921  0.11832768  0.48552722  0.01463199 -0.39453265 -0.62220216
  -0.4632917  -0.76409626 -0.3498676   0.9136229   0.48037767  0.27815
  -0.5861316   0.27353776  0.48888668  1.7535294  -0.02202785 -0.36464322
   0.14527385  0.7800912   0.53993565 -0.49009898]]