[[ 0.7116288   0.60961694  0.4266525   0.00332244 -0.4648207  -0.7139498
  -0.68824947 -0.39638662 -0.15760273 -0.32201412 -0.29179394 -0.82217586
   0.87280405 -0.29041344 -0.5065507   0.10371075 -0.3136139   0.21942616
  -0.1172884   0.98387086  1.1512535  -0.52588695 -0.53838587 -0.6191078
   0.12649    -0.5137565  -0.10667776 -0.09841057 -0.22394249 -0.6070354
  -0.12738943  0.1773947   0.1260308  -0.36886302 -0.5094878  -0.2802472
  -0.16834329  0.2936803  -0.8316311  -0.52082866 -0.45442426 -0.15945923
  -0.39000598  0.7833355   2.3139768   0.14318287 -0.46644777 -0.18455774
  -0.12011299 -0.03871305  1.0998586   2.3645601   0.42047966  0.17117701
  -0.05659574 -0.28327513 -0.7365102   0.79225636 -0.2640901   0.537898
  -0.19565952 -0.25095502  0.07609907 -0.0408444  -0.36293942 -0.32562616
  -0.77191895 -0.29302222 -0.37013277 -0.50884295 -0.15632561 -0.5828798
  -0.38425928  1.7771306   0.896566   -0.30106166 -0.24591327 -0.38273716
  -0.29258263 -0.25417033  0.6164322  -0.39471325 -0.3978313  -0.54507935
  -0.39295012 -0.639813   -0.429437    1.0693368  -0.15010044  0.50905055
  -0.38601702  0.19930711 -0.2392063   0.52625835  0.04483204 -0.39225155
  -0.12882322  1.1989774  -0.21795757 -0.42844173]]