[[ 0.74719507  0.97077507  0.71830606 -0.23735172 -0.6639833  -0.9287159
  -0.9465501  -0.43302715 -0.15031098 -0.18316233 -0.58852625 -1.0647686
   0.13675459 -0.24136767 -0.7488788   1.0823712  -0.36091197  0.83853155
  -0.47425243  0.97576356  2.5546565  -0.52813625 -0.83155763 -0.6412039
   0.39525163 -0.7564364  -0.26422873  0.1971187  -0.45505923 -0.6463655
   0.05037602 -0.19024536  0.00950408  0.09078296 -0.44679797 -0.48570085
   0.13247077  0.19120233 -0.9078409  -0.6884194  -0.52105093 -0.21514477
  -0.3726767   2.100274    1.5772896   1.037604   -0.47602955  0.16161284
  -0.32354242  0.01045446  1.6235952   2.1919305  -0.07327225 -0.2492377
  -0.4242175  -0.6222511  -0.94005984  0.10765623 -0.39953715  0.32293195
   0.02256566 -0.38282293  0.03227837 -0.51567537 -0.50800985 -0.649704
  -0.9348226  -0.58584017 -0.46762043 -0.60201275  0.69597775 -0.72660065
  -0.4853748   1.3497796   1.0654168  -0.34541184 -0.34024325 -0.3888037
  -0.32847795  0.21055233  0.22944273 -0.37740836 -0.49745512 -0.79539627
  -0.73444754 -0.84657186 -0.4905283   0.794463   -0.1875292   0.6138768
  -0.6617064   0.5869398  -0.08243396  1.4966651   0.48597264 -0.42846918
  -0.07279666  0.88515717  0.21426424 -0.5410996 ]]