[[ 0.7063426   0.5232618   0.5241831  -0.29034504 -0.63478345 -0.8902941
  -0.7650566  -0.4892543  -0.14412814 -0.2866627  -0.39927658 -1.0422302
   0.61818075 -0.26214448 -0.53020024  0.8625588  -0.28321528  0.6654602
  -0.3170566   0.52627254  2.4304998  -0.506817   -0.7521556  -0.61448246
   0.23401183 -0.50181454 -0.34322962  0.08217232 -0.35870352 -0.664999
  -0.24635197 -0.35864648 -0.02208829 -0.14339466 -0.3662041  -0.39093384
   0.13750048  0.5037448  -0.8689205  -0.7039108  -0.5492777   0.12601738
  -0.39132524  1.0896823   1.5196913   0.67053765 -0.26245517 -0.19866738
   0.08735824  0.10985421  1.5235434   1.4561568   0.06581122  0.0781109
  -0.03878341 -0.49962276 -0.83218056  0.16589378 -0.17748404  0.2673555
  -0.1527994  -0.35635734  0.008032   -0.38308293 -0.4838656  -0.55024284
  -0.8172715  -0.5348326  -0.37714458 -0.6277071   0.65322936 -0.6620423
  -0.45242596  1.1749775   0.74914044 -0.39551258 -0.30996725 -0.5210256
  -0.24536827 -0.11462824  0.29923782 -0.23710135 -0.49026015 -0.654739
  -0.5914874  -0.7696758  -0.45706627  0.5133224   0.1756213   0.10627617
  -0.57105374  0.23313536 -0.31239924  1.1134667   0.2905027  -0.37065855
   0.09087082  0.57966906 -0.07773376 -0.43881541]]