[[ 1.0408398   0.92229176 -0.02572201 -0.34996957 -0.575178   -0.85801077
  -1.1557786  -0.60215515 -0.42374286  0.19615781 -0.5808693  -0.8876984
  -0.12682137 -0.20196795 -0.63373095 -0.13769266 -0.4356993   1.1543683
  -0.32091576  1.492059    1.5284904  -0.51339823 -0.06241301 -0.6931155
   0.02325409 -0.61285615 -0.4457384   0.09645857 -0.43331188 -0.5734086
   0.185518   -0.6253684   0.10175082 -0.40291676 -0.41714442 -0.4377358
   0.61635894 -0.2291669  -0.62471473 -0.62715644 -0.50486153 -0.51084554
  -0.32169068  0.55820596  1.937278    1.0657458  -0.56796145 -0.37095362
  -0.57039344  0.12981158  1.4251049   3.4697945  -0.33421466 -0.42784175
  -0.7142502  -0.71826917 -0.896286   -0.22204179 -0.47830462 -0.18264139
   0.12414358 -0.2760072   0.5303324  -0.28076136 -0.47337848 -0.61494166
  -0.81367654 -0.7417417  -0.45417538 -0.7277458   0.41413787 -0.5837027
  -0.3479335   2.2811081   1.110538    0.08275263  0.6659938   0.09934615
  -0.29927146 -0.11707912  1.0282999  -0.45767215 -0.2917593  -0.65818286
  -0.56166226 -0.7080747  -0.48380846  1.6487346   0.02316601  1.1030098
  -0.47077453  0.5926733   0.306904    1.7733439  -0.44447324 -0.3707511
  -0.06726446  0.98366135  0.95915264 -0.55546296]]