[[ 0.7037404   0.6826099   0.66204196 -0.1853759  -0.6731812  -0.87043864
  -0.8086622  -0.45996016 -0.17225449 -0.2908769  -0.40729114 -1.0280038
   0.4794142  -0.27634037 -0.6349331   0.8355476  -0.4315018   0.5258078
  -0.3454514   0.78150415  2.6988294  -0.47094387 -0.81539536 -0.64430714
   0.0437724  -0.64098245 -0.3560956   0.167881   -0.31613907 -0.60832775
  -0.26539138 -0.35322398  0.07247446  0.03530281 -0.29029682 -0.4179043
   0.09621495  0.26914996 -0.8142387  -0.62400067 -0.5455139  -0.0782553
  -0.3830266   1.5474341   1.4776565   0.6376621  -0.41512048 -0.1920976
  -0.04292646 -0.05698042  1.529219    1.8670174   0.09140991  0.12452108
  -0.44147512 -0.6814835  -0.98136884  0.20757511 -0.2808377   0.3681264
  -0.24563925 -0.3602672   0.07247669 -0.42439148 -0.4932453  -0.61372083
  -0.90298945 -0.47393262 -0.42676127 -0.57705843  0.8343941  -0.6408973
  -0.46553862  1.1794947   1.0229053  -0.12797713 -0.43612897 -0.41350842
  -0.13856006 -0.07435511  0.17559771 -0.39592773 -0.5129579  -0.70065993
  -0.60855174 -0.77057886 -0.46504787  0.66253334 -0.12991542  0.31773862
  -0.60619044  0.47271726 -0.04779733  1.2333446   0.28284258 -0.39607245
   0.0607629   0.7456634   0.11465714 -0.486555  ]]