[[ 1.065934    0.55279374  0.36503392 -0.25551188 -0.68169576 -0.98035884
  -0.82168347 -0.5872406  -0.33013955  0.00938001 -0.5148038  -0.9084025
   0.59485567 -0.2476359  -0.51048344  0.90850055 -0.22384895  1.0850567
  -0.34386015  1.0942254   1.5672944  -0.5681153  -0.56040716 -0.69471186
   0.26348665 -0.42399788 -0.34979284  0.28738514 -0.434863   -0.57713526
  -0.14760068 -0.57809216  0.11114684 -0.20494889 -0.44188797 -0.3089675
   0.62269264 -0.06944593 -0.69172466 -0.64223284 -0.5208128  -0.43588987
  -0.37732962  1.1140954   1.5347258   1.1255764  -0.4120329  -0.35194263
  -0.46083575  0.3848389   1.2446234   2.37424     0.15814528 -0.36601686
  -0.5458417  -0.70200515 -1.0084355  -0.04594261 -0.38402778  0.06812401
  -0.24922617 -0.33562997  0.3001412  -0.37344703 -0.510893   -0.5653483
  -0.7587359  -0.5177209  -0.43273285 -0.71218675  0.64743674 -0.6205941
  -0.39847246  1.7399718   1.2606297   0.05338338 -0.21224451 -0.40850097
  -0.29052463 -0.03933271  0.5382434  -0.1534629  -0.39789608 -0.6713718
  -0.51582044 -0.70318514 -0.44800994  0.92820144 -0.12432827  0.70325065
  -0.4721035   0.38142204  0.18067259  1.5590839  -0.18552773 -0.36894503
   0.01016616  1.074263    0.5777749  -0.5331166 ]]