[[ 4.3319154e-01  4.8647469e-01  8.6067981e-01 -3.2332104e-01
  -7.1320564e-01 -1.0249112e+00 -7.2481555e-01 -4.6961761e-01
  -4.4995833e-02 -3.3576712e-01 -4.4062194e-01 -1.1308069e+00
   7.8220886e-01 -2.8608879e-01 -6.1378384e-01  1.7841812e+00
  -5.4561418e-01  4.0647826e-01 -4.0048775e-01  4.5816529e-01
   3.3683076e+00 -4.8165646e-01 -9.4838709e-01 -6.3577497e-01
  -2.9983032e-02 -6.9753599e-01 -4.1522086e-01  2.4079631e-01
  -3.6803004e-01 -6.5324670e-01 -4.9949238e-01 -3.6945605e-01
   3.2557256e-03  9.9632338e-02 -3.9949542e-01 -5.1424098e-01
  -1.0729605e-02  3.7027609e-01 -9.4079977e-01 -7.3669320e-01
  -6.0852164e-01  2.4174920e-01 -3.7257040e-01  1.7848718e+00
   1.5325614e+00  3.3656067e-01 -2.9244602e-01 -2.1148920e-01
   1.3620841e-02 -2.3023099e-02  1.1497563e+00  1.4576396e+00
  -4.3638512e-02  1.3999958e-01  2.6976210e-01 -3.5356328e-01
  -1.0143784e+00  1.2106135e-01 -1.4576039e-01  3.1564459e-01
  -1.0722355e-01 -2.8316516e-01 -1.0587167e-02 -3.9219081e-01
  -5.8882600e-01 -6.0858417e-01 -8.6412656e-01 -5.6886357e-01
  -3.9174980e-01 -5.9368110e-01  1.2054662e+00 -7.0540029e-01
  -4.8778787e-01  9.9237591e-01  1.2366906e+00 -3.6928844e-01
  -5.1503533e-01 -6.0729396e-01 -2.3628734e-01  5.0471639e-03
   1.1554036e-01 -2.5576961e-01 -5.8755666e-01 -7.1624577e-01
  -7.9479802e-01 -8.2232183e-01 -4.7440267e-01  4.7421917e-01
  -1.5566787e-01  6.3576745e-03 -7.2353458e-01  3.9669824e-01
  -4.4988000e-01  1.2048804e+00  6.4153612e-01 -4.3730748e-01
   1.6884939e-01  6.8041164e-01 -3.1749135e-01 -5.1159245e-01]]