[[ 4.9568948e-01  1.4626704e+00 -3.0766480e-02 -1.6029385e-01
  -6.2143809e-01 -9.8862380e-01 -9.8585737e-01 -8.1248778e-01
  -3.6069116e-01 -4.9359493e-02 -5.5853057e-01 -9.5059127e-01
   8.3929276e-01 -2.4828827e-01 -6.7144960e-01  6.4812315e-01
  -2.5727028e-01  7.3791337e-01 -4.1395819e-01  5.3163797e-01
   2.2040305e+00 -6.0325050e-01 -7.2178304e-01 -6.6759205e-01
  -3.5612796e-02 -6.2707162e-01 -4.1283593e-01 -2.7086934e-01
  -4.6500924e-01 -6.1302495e-01 -2.6312727e-01 -3.2665014e-01
  -2.5299150e-01 -5.5870098e-01  2.4098268e-01 -4.5159495e-01
   1.7095979e-01  1.3216254e-01 -7.2953624e-01 -7.5662869e-01
  -5.7977176e-01 -4.2283607e-01 -4.0150595e-01  1.3271123e-01
   1.0232780e+00  4.0712178e-01 -2.5849497e-01 -2.7145842e-01
  -4.2236829e-01  3.0545694e-01  1.2398528e+00  1.6260469e+00
  -7.1632393e-02 -3.8789991e-01 -3.5492647e-01 -5.7561076e-01
  -9.0581810e-01  2.0696484e-03 -3.4079170e-01 -1.4467759e-01
  -1.8288770e-01 -3.6955482e-01  3.9190151e-02 -3.4106338e-01
  -5.4617399e-01 -6.3683879e-01 -6.1844736e-01 -4.8649773e-01
  -3.4469387e-01 -8.1037420e-01  2.2944945e-01 -5.2174258e-01
  -4.2280838e-01  1.2635548e+00  9.8686403e-01 -4.6038684e-01
  -3.2003409e-01 -5.0708061e-01  4.5379490e-01 -1.5411709e-01
   1.1878766e-01 -1.7717630e-02 -3.4940544e-01 -5.8139819e-01
  -2.1370335e-01 -7.6363194e-01 -4.3551335e-01  5.3952777e-01
   1.3201900e-01  1.5270044e-01 -5.4131728e-01  9.0537027e-02
  -5.0284350e-01  9.8270315e-01  1.3417652e-01 -3.4488308e-01
   5.8327538e-01  4.5000967e-01 -4.7527347e-02 -5.8174431e-01]]