[[ 6.28520846e-01  8.18212450e-01  6.19072378e-01 -2.20655814e-01
  -5.80900788e-01 -9.38903213e-01 -8.69315207e-01 -4.88101840e-01
  -1.16470002e-01 -2.10804179e-01 -4.39523667e-01 -1.05977523e+00
   6.30730152e-01 -2.66614795e-01 -6.37697816e-01  1.09539270e+00
  -5.78427374e-01  5.07995069e-01 -3.42836082e-01  7.95929849e-01
   2.50989127e+00 -5.13462901e-01 -7.27132857e-01 -6.56336308e-01
   2.93479860e-02 -5.55413663e-01 -3.50603491e-01 -7.83272833e-02
  -3.40515941e-01 -6.91938579e-01 -3.94156545e-01 -4.13005322e-01
  -4.30939253e-03 -1.11861005e-01 -4.10784781e-01 -4.48335201e-01
   1.72271982e-01  3.65769535e-01 -9.21822309e-01 -7.09002614e-01
  -5.76234281e-01 -4.04001437e-02 -4.31015849e-01  1.36745942e+00
   1.71514571e+00  2.97310919e-01 -2.44145572e-01 -1.97209255e-03
  -4.24587959e-03  1.71323568e-01  1.06393766e+00  2.02234840e+00
   1.48484707e-01 -7.90450349e-02 -1.68990955e-01 -5.37357271e-01
  -7.85203576e-01  2.54760951e-01 -2.39030257e-01  4.25575823e-01
  -1.37039840e-01 -3.19504797e-01  1.39755979e-02 -3.38142931e-01
  -5.27852058e-01 -6.17479801e-01 -8.77040148e-01 -5.20422280e-01
  -4.03508872e-01 -7.10966647e-01  5.81495821e-01 -6.81225479e-01
  -4.39819366e-01  1.19006491e+00  9.33871627e-01 -4.32126462e-01
  -2.28032053e-01 -5.69689810e-01 -2.07153186e-01 -7.20286518e-02
   3.01889509e-01 -2.38107875e-01 -5.28072298e-01 -6.69674039e-01
  -5.25877774e-01 -8.27300906e-01 -4.39112484e-01  7.92398393e-01
   3.65208089e-01  5.53750575e-01 -6.15376234e-01  3.32042217e-01
  -3.51776242e-01  8.91627491e-01  3.43624175e-01 -4.15878177e-01
   1.59744486e-01  8.11502397e-01 -2.31063396e-01 -4.37810123e-01]]