[[ 1.24682987e+00  1.00774848e+00  5.32446168e-02 -3.51842701e-01
  -5.86364567e-01 -8.37512195e-01 -9.48682904e-01 -4.85913783e-01
  -2.13365301e-01 -1.21865660e-01 -4.52105463e-01 -1.01535630e+00
   5.18910408e-01 -2.29666382e-01 -5.36064804e-01  6.67098045e-01
  -1.19957715e-01  6.28243029e-01 -1.73061237e-01  1.06327569e+00
   1.14396238e+00 -5.42129874e-01 -5.22933245e-01 -6.08034134e-01
   4.60921168e-01 -3.75243574e-01 -4.03593183e-01 -3.80128682e-01
  -2.88054675e-01 -6.85848773e-01 -4.03111130e-02 -4.48686987e-01
   6.33811057e-02 -4.30521131e-01 -3.72523248e-01 -3.55000913e-01
   1.17643904e-02  5.74854672e-01 -8.33044529e-01 -7.01832712e-01
  -5.42264998e-01 -3.24474096e-01 -4.25985724e-01  4.89252836e-01
   1.94044065e+00  7.76940405e-01 -2.21033663e-01 -4.81308132e-01
  -1.05844572e-01  2.98293382e-01  1.14603496e+00  2.50271988e+00
  -3.20684575e-02 -4.23877954e-01 -4.18523967e-01 -6.19762063e-01
  -8.44211698e-01 -3.57571058e-04 -3.57308298e-01  4.91543710e-02
  -2.52008587e-01 -3.09393436e-01  2.99965799e-01 -3.47195119e-01
  -4.40265745e-01 -5.76641381e-01 -7.04966545e-01 -4.74419177e-01
  -3.74978483e-01 -7.92959809e-01 -5.82458116e-02 -6.38510168e-01
  -3.20906639e-01  1.89134181e+00  7.87531495e-01 -5.05967617e-01
  -5.64075932e-02 -5.14275849e-01 -2.06911907e-01 -1.78667948e-01
   5.77479839e-01 -5.16254529e-02 -4.31735605e-01 -6.28289998e-01
  -2.93286502e-01 -8.04084778e-01 -3.75447363e-01  1.08232021e+00
   6.38862789e-01  8.04378271e-01 -4.46396917e-01  2.37031624e-01
  -3.77486825e-01  9.82253253e-01 -2.80648947e-01 -3.24062914e-01
   2.53828540e-02  1.08047879e+00 -1.44055672e-03 -2.81487823e-01]]