[[ 1.0006015   0.80730456  0.5023787  -0.01613523 -0.57630175 -0.7910905
  -0.76200044 -0.47355917 -0.13372335 -0.25129429 -0.42749023 -0.89433235
   0.71405953 -0.26969248 -0.55536145  0.345391   -0.14827634  0.49971265
  -0.2738173   0.8576893   1.7645963  -0.5265984  -0.67117685 -0.6268056
   0.23700283 -0.5079774  -0.41804624  0.01010966 -0.33924416 -0.6056019
  -0.14704935 -0.313011    0.09195535 -0.263822   -0.2711443  -0.39318767
   0.08168446  0.49004892 -0.80713975 -0.6178816  -0.47683987 -0.15714191
  -0.3900506   0.65325665  1.7580582   0.87218165 -0.44425872 -0.36907896
  -0.03584947 -0.03284419  1.6469965   2.0065687   0.32039505  0.07912914
  -0.15789485 -0.4279053  -0.82484263  0.33763218 -0.29690054  0.44541115
  -0.21360779 -0.2989106   0.09744596 -0.1526443  -0.41810778 -0.5012627
  -0.79706436 -0.2979676  -0.38275024 -0.60032916  0.06089675 -0.5719848
  -0.40338054  1.6309507   0.95467037 -0.36521444 -0.40130183 -0.4422971
  -0.09741033 -0.1608556   0.36960894 -0.29492882 -0.432075   -0.64106286
  -0.3695973  -0.68568563 -0.46310627  0.7767642   0.01153633  0.34836406
  -0.46161115  0.22770883 -0.23452765  0.9945725   0.18249053 -0.33174932
   0.00514973  0.97312     0.16896166 -0.4705644 ]]