[[ 1.0889404e+00  4.2598450e-01  1.1929808e+00 -2.5360990e-01
  -8.3025664e-01 -9.5061600e-01 -6.1334664e-01 -3.4899622e-01
  -1.2451430e-01 -4.0127787e-01 -5.4591316e-01 -1.0802479e+00
   4.2494658e-01 -2.5826532e-01 -6.5470356e-01  1.8122113e+00
   7.9223096e-02  6.3401270e-01 -4.5064205e-01  5.9973300e-01
   2.8892913e+00 -4.2512593e-01 -9.5646304e-01 -4.9127924e-01
   2.6560074e-01 -5.9667552e-01 -3.1841394e-01  3.0710980e-01
  -4.3854055e-01 -5.2906275e-01 -1.6848370e-01 -5.4249334e-01
   9.5781490e-02  6.3062179e-01 -3.1395590e-01 -3.3599579e-01
   2.0641517e-03  3.5618955e-01 -8.4819382e-01 -6.0123146e-01
  -4.8746341e-01 -2.4853455e-01 -3.3671859e-01  2.5187607e+00
   1.1244062e+00  1.4009055e+00 -5.1410389e-01 -4.5903033e-01
  -2.6621974e-01 -1.1735760e-01  1.5679756e+00  1.5739099e+00
  -2.8121617e-02 -1.1996806e-01 -7.1174896e-01 -8.8619363e-01
  -1.1064910e+00 -9.4105594e-02 -3.8963813e-01  2.1023597e-01
  -1.7500880e-01 -4.7534311e-01  6.9737226e-02 -5.1696098e-01
  -5.0183219e-01 -5.3845316e-01 -8.4351021e-01 -4.6022758e-01
  -4.4389659e-01 -5.4893684e-01  9.9276304e-01 -6.2549198e-01
  -4.8830396e-01  1.4671764e+00  1.3970603e+00 -3.5605958e-01
  -5.2326763e-01 -5.4884446e-01 -1.9317770e-01 -4.0955395e-03
   1.9288443e-01 -3.7743667e-01 -5.8934098e-01 -7.7888745e-01
  -7.7210838e-01 -7.3802829e-01 -4.9326536e-01  6.0482568e-01
  -4.2736953e-01  1.5934156e-01 -6.3525403e-01  6.9144237e-01
  -2.1583195e-01  1.6568645e+00  4.1063416e-01 -3.9614454e-01
  -9.6100189e-02  9.7507018e-01  2.9535457e-01 -6.0342216e-01]]