[[ 0.8250482   0.3306144   1.0688663  -0.20175555 -0.7593912  -0.8769492
  -0.7487527  -0.3625268  -0.1615104  -0.29173124 -0.56153476 -0.96523035
   0.25191048 -0.22684698 -0.49053845  1.5495756  -0.54770535  0.5879339
  -0.37212887  0.9862223   2.5827425  -0.41272458 -0.65463096 -0.5454947
  -0.02150769 -0.43707344 -0.38920492  0.03425686 -0.36125228 -0.5894198
  -0.20798264 -0.7547377   0.06171585  0.4392361  -0.4914852  -0.27881417
   0.16079603 -0.12079242 -0.82409614 -0.5581574  -0.5307293  -0.34272197
  -0.39294615  2.2094865   1.522738    0.53925216 -0.45878577 -0.5143698
  -0.35405198  0.19063139  0.65762997  2.044725    0.18231563 -0.2748922
  -0.6396982  -0.82146287 -1.0742124  -0.15725133 -0.3682466   0.2514126
  -0.23932198 -0.33055606  0.26762986 -0.45800185 -0.49725005 -0.5529381
  -0.7936231  -0.45120984 -0.43622455 -0.61916304  0.93685526 -0.5897332
  -0.39172927  1.3361917   1.3073257  -0.28914794 -0.26894906 -0.40274283
  -0.30530798  0.04847164  0.67007434 -0.2856888  -0.5384124  -0.69532293
  -0.7467011  -0.7819621  -0.446373    1.069883   -0.23118088  0.9327441
  -0.54373235  0.6621337   0.09108983  1.2183028   0.17440428 -0.4246455
  -0.08945069  1.0575467   0.22382425 -0.56650907]]