[[ 0.8544865   0.6951124   0.7186284  -0.10126838 -0.6327928  -0.8291927
  -0.7217822  -0.49820164 -0.06884696 -0.34418815 -0.3389992  -0.97885144
   0.7910095  -0.2754582  -0.5568785   0.908264   -0.27160394  0.38813916
  -0.27187258  0.66199046  2.2980099  -0.5024759  -0.7469551  -0.59405077
   0.2279069  -0.56947803 -0.36032617  0.06736776 -0.2822174  -0.6170041
  -0.22885497 -0.2578304   0.05421697 -0.03382891 -0.25403285 -0.40122893
  -0.06330226  0.4127592  -0.8610671  -0.62078226 -0.50609887 -0.11290166
  -0.39996585  1.294395    1.6321539   0.5703805  -0.3644554  -0.36773452
  -0.10649127 -0.0946254   1.3443278   1.734822    0.24625236  0.04231847
  -0.00442595 -0.40446123 -0.85699636  0.37398884 -0.15857655  0.41162437
  -0.23771015 -0.29520985  0.02961394 -0.26393902 -0.4561749  -0.51479846
  -0.8119512  -0.3613766  -0.39549536 -0.6054304   0.32437268 -0.59480125
  -0.42393002  1.4787694   1.0853376  -0.37868458 -0.467632   -0.51012677
  -0.06316429 -0.11657342  0.32042563 -0.3340388  -0.47707087 -0.651941
  -0.51274765 -0.73982745 -0.4827397   0.692004   -0.19194011  0.34822375
  -0.5271501   0.33521527 -0.34427068  0.9224284   0.42187414 -0.38793603
   0.04853239  0.94267654 -0.09620639 -0.4813835 ]]