[[ 1.2934405   0.6266671   0.39782777 -0.10978442 -0.5631203  -0.78535706
  -0.77819926 -0.5542011  -0.29451397 -0.12650491 -0.4222526  -0.86909467
   0.8119304  -0.25485277 -0.5134579   0.6610043  -0.02596864  0.68339556
  -0.22031337  1.0888693   0.8021741  -0.53466403 -0.4863551  -0.6468586
   0.36288404 -0.38205162 -0.39936295 -0.3068574  -0.34264928 -0.5436884
  -0.05013535 -0.50991756  0.16354257 -0.40565613 -0.36857575 -0.34738997
   0.09614052  0.09236905 -0.7668428  -0.6425377  -0.49963784 -0.3461586
  -0.38381293  0.46145323  1.9755801   0.9952645  -0.32789394 -0.4932951
  -0.40843916  0.25857583  1.1371272   2.5562885   0.41764748 -0.18246
  -0.36177278 -0.5388854  -0.8442381   0.20115742 -0.34708223  0.38144454
  -0.2622011  -0.33235875  0.40966365 -0.115026   -0.42023554 -0.44423482
  -0.60181916 -0.29927498 -0.3820599  -0.70327437 -0.03476724 -0.5226758
  -0.30528688  1.8969734   0.7492485  -0.49410713 -0.04209523 -0.49543074
  -0.21303593 -0.06097662  0.68472886 -0.04915573 -0.42161363 -0.6261832
  -0.36071026 -0.6724192  -0.38932994  1.0162029  -0.15404671  0.7323632
  -0.38078195  0.24557573 -0.33985582  1.1215769  -0.21610957 -0.318062
   0.02291023  1.2438446   0.27515954 -0.44939336]]