[[ 0.8850749   0.5801674   0.20191741 -0.11713804 -0.46862665 -0.66906214
  -0.6905148  -0.3359576  -0.2533073  -0.3028086  -0.26253313 -0.87049043
   0.74501354 -0.31607014 -0.5579634  -0.13754743 -0.01010818  0.52410036
  -0.03336575  0.79986835  0.8782874  -0.52352    -0.51499856 -0.5483055
   0.2649174  -0.47883648  0.04137678 -0.16048795 -0.15319584 -0.5968264
   0.10020047  0.34449083  0.10270952 -0.3963267  -0.43640772 -0.18795952
  -0.12829892  0.50210196 -0.75313264 -0.5211393  -0.41336146 -0.3095321
  -0.41455096  0.92539203  1.8390478   0.5037021  -0.5132605  -0.06991524
  -0.09292649 -0.04564029  1.5621849   2.0970023   0.22810079  0.08884116
  -0.60467327 -0.55163896 -0.6767923   0.7750092  -0.39472654  0.36474633
  -0.16940472 -0.3729986   0.02095278 -0.22762147 -0.33765894 -0.31892103
  -0.75753766 -0.34902987 -0.40602726 -0.5067464  -0.29474902 -0.5818134
  -0.40428287  1.717421    0.6145527  -0.2721399  -0.18981208 -0.3367842
  -0.3008555  -0.34165993  0.45026007 -0.4251944  -0.39141563 -0.55553496
  -0.37241155 -0.6515816  -0.43155363  0.925236   -0.08639     0.48585105
  -0.34579828  0.13901217 -0.2151741   0.71972686 -0.22648287 -0.35670385
  -0.15819392  1.0378097  -0.02631498 -0.39529726]]