[[ 8.18733633e-01  8.85652542e-01  5.62336862e-01 -4.76274490e-02
  -6.56441271e-01 -8.30049813e-01 -8.16170931e-01 -3.46966833e-01
  -4.44285497e-02 -2.82102972e-01 -5.43871045e-01 -9.50313151e-01
   2.06288815e-01 -2.36771077e-01 -5.58300138e-01  6.85217440e-01
  -5.74765444e-01  4.51642901e-01 -2.90136039e-01  1.19829845e+00
   1.74732542e+00 -4.81157780e-01 -5.51416278e-01 -5.74018955e-01
  -1.05445273e-03 -3.06435376e-01 -3.46347749e-01 -3.39489222e-01
  -3.64475816e-01 -7.13956892e-01 -3.63422036e-01 -6.66790843e-01
   1.32297039e-01 -9.23728198e-03 -3.93349916e-01 -3.05291831e-01
   1.99867964e-01  3.69644344e-01 -8.74481082e-01 -5.58892488e-01
  -5.07226884e-01 -2.94587612e-01 -4.77964610e-01  1.22732997e+00
   1.85696566e+00  3.20396245e-01 -2.55616248e-01 -3.74178708e-01
   1.39166996e-01  1.72236294e-01  7.92364359e-01  2.41251469e+00
   2.53280163e-01 -2.70718843e-01 -6.66942835e-01 -7.49381423e-01
  -7.75541365e-01  4.47658524e-02 -3.74181569e-01  3.21603924e-01
  -2.20416695e-01 -2.83921361e-01  1.08667798e-01 -3.38122010e-01
  -4.63929027e-01 -5.96974790e-01 -8.40110421e-01 -4.15953666e-01
  -4.06317472e-01 -6.99577332e-01  1.33828744e-01 -5.44953048e-01
  -4.09879684e-01  1.60589063e+00  9.41657364e-01 -4.90842104e-01
  -1.75478265e-01 -5.39207757e-01 -5.20384498e-02 -7.75185227e-02
   6.87252164e-01 -2.75558412e-01 -4.74835128e-01 -5.98124385e-01
  -2.84950286e-01 -7.99001753e-01 -4.12265241e-01  9.63155270e-01
   5.95631659e-01  9.42540109e-01 -4.65597928e-01  4.52693462e-01
  -1.27652153e-01  3.46147060e-01  1.36807524e-02 -3.95372480e-01
  -1.01294264e-01  1.02864599e+00 -1.57678872e-01 -3.22104514e-01]]