[[ 0.77323294  1.2063495   0.19067213 -0.19903503 -0.67652637 -0.86280704
  -0.9240228  -0.43397737 -0.16037177 -0.19834131 -0.560485   -0.9534757
   0.2016688  -0.19423816 -0.45617795  0.56642413 -0.5335442   0.70918983
  -0.1971806   1.3763428   1.7399726  -0.5093029  -0.44865924 -0.6259041
   0.15548399 -0.23820703 -0.37571946 -0.21799587 -0.31550923 -0.72151893
  -0.27136862 -0.6477117   0.11365274 -0.09045817 -0.18632159 -0.1838518
   0.4837337   0.16651171 -0.81244147 -0.5663206  -0.5285662  -0.44176334
  -0.44656703  1.0955607   1.8109549   0.39805374 -0.3486454  -0.41738167
  -0.02090346  0.45214534  0.80940443  2.6832812   0.12850054 -0.494527
  -0.63756484 -0.75456536 -0.8947554  -0.2097017  -0.36739603 -0.0370879
  -0.28340992 -0.25096333  0.17713508 -0.52759075 -0.48145774 -0.600281
  -0.8134143  -0.5315393  -0.40023544 -0.73961526  0.21208546 -0.56445146
  -0.3744402   1.8022612   1.1525642  -0.2847217  -0.01089456 -0.48650342
   0.15906739 -0.00764395  1.0038552  -0.19099973 -0.38176188 -0.55776936
  -0.28802994 -0.7867421  -0.40739402  1.1821945   0.50077266  1.0091532
  -0.3808082   0.50979763  0.14361462  0.48393905  0.02660585 -0.37350935
   0.18226215  1.0274814  -0.05946672 -0.32800043]]