[[ 0.8163071   0.7400061   0.5697488  -0.04447351 -0.6020075  -0.86003697
  -0.84274143 -0.4575582  -0.23903039 -0.26695144 -0.50336486 -0.9957169
   0.6330348  -0.2588037  -0.66103935  0.86382216 -0.13390316  1.0348951
  -0.250615    0.8745464   2.2422175  -0.47850382 -0.6843759  -0.58269256
   0.15651116 -0.5528638  -0.34431347 -0.06011179 -0.278454   -0.5733343
  -0.1529029  -0.3114997   0.0799194   0.08555133 -0.12436195 -0.31954464
   0.57624066  0.2569913  -0.8238084  -0.64884335 -0.51550156 -0.35421017
  -0.39898673  1.6229178   1.0279351   1.146518   -0.49016854 -0.0820106
  -0.35477573  0.11641141  1.7901702   1.8927764   0.09802864 -0.06453206
  -0.69757503 -0.78553265 -0.76311713  0.05279203 -0.39815903  0.17152111
  -0.12480126 -0.30877948  0.05496279 -0.46268693 -0.49886125 -0.5213306
  -0.82458866 -0.49246553 -0.46307558 -0.6676972   0.43051514 -0.5570162
  -0.48567566  1.3467338   1.1776395  -0.48341405 -0.1430152  -0.51025254
   0.0636741  -0.0740025   0.3831229  -0.39246678 -0.44961423 -0.6543122
  -0.48259673 -0.71849215 -0.51651454  0.68584657 -0.14796649  0.37191784
  -0.49609667  0.5438367  -0.2026808   1.160882    0.38470477 -0.4001639
   0.21982399  0.86344945  0.14853777 -0.5437938 ]]