[[ 8.8238794e-01  8.5380429e-01  4.9861532e-01 -2.1820131e-01
  -5.9114981e-01 -8.8135159e-01 -9.3715823e-01 -4.5973209e-01
  -1.1111075e-01 -1.5090439e-01 -5.2390212e-01 -9.6223873e-01
   2.0254448e-01 -2.1440955e-01 -6.4388525e-01  7.2505987e-01
  -3.9145374e-01  7.1482390e-01 -3.9424336e-01  1.4045116e+00
   1.9286090e+00 -5.2204043e-01 -6.6374797e-01 -7.0751894e-01
   1.5981029e-01 -5.7435429e-01 -4.5100686e-01  1.1094835e-01
  -4.1329625e-01 -6.0939276e-01 -1.2617056e-01 -6.0887402e-01
   1.0709275e-01 -1.0653009e-01 -4.5095700e-01 -4.6932426e-01
   2.3522456e-01  1.7779090e-01 -8.3905149e-01 -6.6875452e-01
  -5.1285815e-01 -2.0203494e-01 -3.6941946e-01  1.0731192e+00
   2.1214390e+00  1.0562266e+00 -4.2667592e-01 -2.0520169e-01
  -2.3791277e-01  1.2973639e-01  1.5722024e+00  2.9059415e+00
   7.7967897e-02 -2.6608810e-01 -2.1584684e-01 -4.6819764e-01
  -8.5539490e-01  2.5537897e-02 -3.4521848e-01  3.4142137e-01
  -1.9138458e-03 -2.9476503e-01  2.3280351e-01 -4.1349304e-01
  -4.7823206e-01 -6.1786783e-01 -9.1425699e-01 -5.3906810e-01
  -4.3702060e-01 -6.4982545e-01  4.8414099e-01 -6.2999320e-01
  -4.0429181e-01  1.8002982e+00  1.0923860e+00 -3.1202388e-01
  -1.0414123e-01 -3.3408475e-01 -2.6217419e-01  8.5995294e-02
   5.7532001e-01 -2.9833603e-01 -4.5248273e-01 -7.3609895e-01
  -5.5068600e-01 -7.7538371e-01 -4.6958423e-01  1.1390532e+00
  -1.5141122e-02  9.1961819e-01 -5.3221893e-01  5.3680974e-01
   4.7186939e-03  1.4741831e+00  1.7234853e-01 -3.9072442e-01
  -5.6802306e-02  1.0619284e+00  3.8431612e-01 -4.9229628e-01]]