[[ 3.84786218e-01  4.73553717e-01  5.84875464e-01 -1.74409643e-01
  -4.93256867e-01 -7.23882496e-01 -6.37299538e-01 -2.41690189e-01
  -1.94465876e-01 -3.36278856e-01 -3.18603367e-01 -9.61697519e-01
   7.05965519e-01 -3.13187182e-01 -6.10808074e-01  5.63994765e-01
  -3.04352790e-01  6.40356302e-01 -1.18707903e-01  6.57476604e-01
   1.73540330e+00 -4.72698122e-01 -5.88802278e-01 -4.95467305e-01
   1.82764418e-02 -4.75685775e-01  6.00204468e-02 -1.81222931e-01
  -1.72348842e-01 -5.96844614e-01 -1.25873446e-01  2.43079051e-01
   5.18728942e-02 -9.39461403e-04 -5.27985752e-01 -1.70586467e-01
   7.14987144e-02  3.90035272e-01 -8.54566336e-01 -5.44305861e-01
  -4.41260576e-01 -2.59387732e-01 -4.34245199e-01  1.90438890e+00
   1.29971373e+00  1.70607090e-01 -5.07121146e-01  1.10646278e-01
  -9.57536511e-04  6.60138428e-02  1.16505802e+00  1.79311800e+00
   1.68081686e-01  5.66509813e-02 -6.80955529e-01 -6.60221875e-01
  -6.69566393e-01  6.23909473e-01 -3.98148358e-01  3.36115509e-01
  -7.51065686e-02 -3.77827883e-01 -1.33628756e-01 -3.52796078e-01
  -4.13913578e-01 -3.29525143e-01 -8.01584721e-01 -4.65806097e-01
  -4.54763919e-01 -4.93878931e-01  9.86140668e-02 -6.22683585e-01
  -4.60130751e-01  1.10386670e+00  6.88672423e-01 -3.69488448e-01
  -1.39931127e-01 -4.63101119e-01 -3.71045440e-01 -2.46060774e-01
   3.71381015e-01 -4.69971389e-01 -4.82160240e-01 -5.73543608e-01
  -5.47268867e-01 -6.81757808e-01 -4.52095866e-01  7.25954652e-01
   2.08264571e-02  3.03370237e-01 -4.49625075e-01  3.49610448e-01
  -2.52723187e-01  4.47313786e-01  1.06891036e-01 -4.29399639e-01
  -9.56736654e-02  8.14979672e-01 -3.52820069e-01 -3.95629942e-01]]