[[ 8.23488474e-01  1.17567611e+00  4.77958828e-01 -6.76515773e-02
  -6.32749677e-01 -8.66865277e-01 -9.06907916e-01 -4.38553452e-01
  -2.01159343e-03 -2.57788718e-01 -5.09599805e-01 -9.57875967e-01
   2.11939096e-01 -2.31772065e-01 -5.80484927e-01  6.44202650e-01
  -5.60686290e-01  2.69239157e-01 -3.27709198e-01  1.35900199e+00
   1.89367688e+00 -5.10613203e-01 -6.62991285e-01 -6.54743850e-01
   7.56658539e-02 -4.40549165e-01 -4.27174479e-01 -1.88001186e-01
  -4.10825312e-01 -7.27869034e-01 -3.99607629e-01 -6.19622588e-01
   2.51575440e-01 -1.91855073e-01 -2.83101201e-01 -4.23261315e-01
   8.29019025e-02  4.41524804e-01 -9.04544890e-01 -6.08576119e-01
  -5.24346948e-01 -1.18526235e-01 -4.32871968e-01  7.82115221e-01
   2.33440900e+00  4.24101293e-01 -2.13377327e-01 -3.92837763e-01
   1.34909317e-01 -2.04531047e-02  9.40502703e-01  2.81464815e+00
   2.02510133e-01 -2.16423780e-01 -4.21814024e-02 -3.98676097e-01
  -8.47235441e-01  1.07540093e-01 -2.57741034e-01  3.71117622e-01
  -2.23674029e-01 -1.83851331e-01  2.47844771e-01 -2.59880453e-01
  -4.75682616e-01 -6.77252889e-01 -8.78127158e-01 -4.10724401e-01
  -3.64383012e-01 -6.83374763e-01  1.21012732e-01 -5.63687801e-01
  -3.55607122e-01  1.89890981e+00  1.05048060e+00 -4.72171426e-01
  -2.15161055e-01 -5.38443387e-01  4.82168049e-02  8.76648575e-02
   6.51468873e-01 -2.57765681e-01 -4.76906449e-01 -6.37032032e-01
  -3.68478358e-01 -8.02325487e-01 -4.00734186e-01  1.03208005e+00
   5.04652083e-01  7.65239954e-01 -5.11837900e-01  4.27713513e-01
  -2.83222079e-01  5.21636784e-01  2.86832809e-01 -3.69360268e-01
   4.32638265e-02  1.18465376e+00 -9.29351524e-02 -3.14134926e-01]]