[[ 0.7626057   0.26903236  0.5042522  -0.24158512 -0.70520437 -0.96887386
  -0.7652404  -0.3577414  -0.02335106 -0.33390847 -0.53357506 -1.0040033
   0.18519805 -0.28266945 -0.5206523   1.06343    -0.3646514   0.44728538
  -0.30905032  0.81550145  1.8346008  -0.5229408  -0.37434936 -0.5706683
   0.27615458 -0.34017813 -0.45053673 -0.07614994 -0.38658577 -0.7324471
  -0.22709553 -0.6467962   0.00888714  0.01128494 -0.56327546 -0.3746669
   0.13157803  0.29855207 -0.9506961  -0.6705813  -0.5323451  -0.18814252
  -0.49115035  1.1591427   2.0178385   0.4719003  -0.30414394 -0.5583957
  -0.09854475  0.23835987  0.89084977  1.9797146   0.00911953 -0.38598365
  -0.00449588 -0.3840797  -0.85113543 -0.06608843 -0.22019726  0.0548506
   0.06349151 -0.2354464  -0.03203844 -0.00495695 -0.5215082  -0.5623042
  -0.89953405 -0.68266183 -0.3992635  -0.8152421   0.22553974 -0.69039285
  -0.4051688   1.6221375   0.74497634 -0.45490232  0.10590176 -0.48625356
  -0.33917785 -0.10515819  1.0564547  -0.31860882 -0.49322444 -0.54610133
  -0.5183629  -0.8104761  -0.48089337  1.0894172   0.45134288  0.74792975
  -0.40262115  0.25687924 -0.25231156  0.8519465   0.140465   -0.47772178
  -0.08531002  0.7025458  -0.11657078 -0.41675258]]