[[ 1.1212403   0.9956478  -0.0300956  -0.2607847  -0.6335999  -1.0129503
  -0.9260447  -0.7981366  -0.37812802 -0.02619957 -0.5053283  -0.9893717
   0.8751136  -0.26642454 -0.64495313  0.64862454  0.05614645  1.1785992
  -0.40421927  0.49770793  1.7599155  -0.6416897  -0.7336891  -0.65273887
   0.32552359 -0.6359475  -0.2695505  -0.17434756 -0.44907495 -0.6540387
  -0.02071159 -0.08273523 -0.20934133 -0.556799   -0.08517266 -0.44608065
   0.13555115  0.39394027 -0.79442644 -0.73685473 -0.56669617 -0.37620497
  -0.40287238  0.3067211   1.1285911   0.9636054  -0.11254784 -0.33595452
  -0.52500314  0.31621793  1.8619119   1.5980707  -0.12493551 -0.29530707
  -0.42028123 -0.64470166 -0.8013475   0.4463414  -0.28464937 -0.06728131
  -0.23106702 -0.42334452  0.10398598 -0.3425412  -0.45506826 -0.52990174
  -0.6405844  -0.5311086  -0.34091517 -0.74165225  0.13149    -0.6750505
  -0.44918787  1.4256707   0.7532263  -0.15645836 -0.33419424 -0.34806585
  -0.0271553  -0.22229858  0.22293502 -0.02802816 -0.2976798  -0.585273
  -0.40184686 -0.80703515 -0.4434594   0.5803688  -0.01857413  0.45204896
  -0.5639347   0.04220511 -0.5143503   1.5473701  -0.12431191 -0.33653855
   0.28454673  0.66725785  0.10967929 -0.5948158 ]]