[[ 0.901434    0.86835176  0.2565966  -0.08745452 -0.62686586 -0.83252215
  -0.8301074  -0.49246016 -0.23777053 -0.23704556 -0.38009354 -1.0134684
   0.5867284  -0.28752396 -0.6027441   0.31404206 -0.17179342  0.942234
  -0.17605011  0.6079903   2.1904163  -0.541103   -0.6784136  -0.593158
   0.2623577  -0.52737266 -0.36664873 -0.05127034 -0.18032664 -0.6886833
  -0.09672539  0.08545471  0.03716984 -0.20646513 -0.1192271  -0.33888078
   0.14002205  0.6304065  -0.77875316 -0.5940334  -0.554497   -0.34940022
  -0.4478433   1.0487531   1.2466683   0.69792235 -0.2645036  -0.2760176
  -0.04594023  0.03830726  1.8165247   1.5958724   0.03297337 -0.02276605
  -0.70442927 -0.77505314 -0.8319887   0.45334625 -0.2737291   0.18510826
  -0.2553142  -0.38478523 -0.05066539 -0.40089357 -0.43805635 -0.6207521
  -0.86416924 -0.43957743 -0.39034495 -0.62911946  0.18304758 -0.6330073
  -0.46856993  1.3343837   0.7982979   0.11153758 -0.3723696  -0.31899402
   0.01800294 -0.18523252  0.25727183 -0.37746274 -0.3910462  -0.56276304
  -0.40913686 -0.79688823 -0.46757728  0.6421568   0.04491442  0.44150704
  -0.50791675  0.24263552 -0.14506581  0.98961395  0.05904048 -0.34336576
   0.09922636  0.68457866  0.09737442 -0.40004894]]