[[ 5.4087722e-01  1.1898289e+00  6.0715336e-01 -2.5980422e-01
  -6.8160844e-01 -9.2159009e-01 -9.7389352e-01 -4.1347301e-01
  -5.4702945e-02 -3.0197394e-01 -5.7504362e-01 -1.1455175e+00
   2.6808989e-01 -2.7779570e-01 -6.9837648e-01  1.0711998e+00
  -4.6792528e-01  7.4354720e-01 -4.1485262e-01  3.8994107e-01
   3.0197179e+00 -5.4560959e-01 -9.4043291e-01 -5.5873269e-01
   6.1485386e-01 -8.3492023e-01 -1.2939249e-01  1.7827109e-01
  -3.9392096e-01 -7.7757066e-01  5.8778159e-02  3.5735956e-01
  -2.7393064e-02 -6.2100165e-02 -3.6666214e-01 -4.9599108e-01
  -1.3381656e-02  5.2583200e-01 -9.8647553e-01 -7.0996058e-01
  -5.3813672e-01  1.0282086e-01 -4.1014731e-01  2.2437651e+00
   1.2686070e+00  3.8834056e-01 -2.6922810e-01  4.2444822e-01
  -1.1726490e-01 -1.6467525e-01  1.3082451e+00  1.2959876e+00
  -2.2119604e-01 -2.9872805e-03 -2.9531896e-02 -4.5764905e-01
  -8.5611838e-01  2.6742959e-01 -2.3253131e-01  2.2897576e-01
  -4.5581955e-02 -3.3385393e-01 -1.6375290e-01 -4.7091907e-01
  -5.2259415e-01 -6.8632901e-01 -9.0554070e-01 -5.7254016e-01
  -4.2235208e-01 -5.6771183e-01  6.5123641e-01 -7.7011251e-01
  -5.3140962e-01  9.6977729e-01  9.8020649e-01 -4.7599036e-01
  -6.0822570e-01 -5.0890565e-01 -2.5696832e-01  1.7451862e-01
  -5.6707107e-02 -3.7978014e-01 -5.0877368e-01 -7.4593121e-01
  -7.7379817e-01 -9.2154914e-01 -4.7889751e-01  4.1187736e-01
   2.5871443e-02  1.2514138e-01 -7.3845470e-01  4.6572867e-01
  -3.6984959e-01  9.2903256e-01  8.5421473e-01 -4.3972772e-01
   4.3901116e-02  6.5517223e-01 -3.9133129e-01 -4.1355330e-01]]