[[ 0.7822173   0.6609387   0.16049689 -0.1336258  -0.4651305  -0.6650785
  -0.6404346  -0.2858807  -0.16169982 -0.31576085 -0.2948843  -0.8555234
   0.57331306 -0.30990377 -0.5510136  -0.14713259 -0.12521197  0.3504652
  -0.07562394  0.8369599   0.9080809  -0.51582116 -0.5265671  -0.5236231
   0.15097831 -0.4250857  -0.07315078 -0.19714357 -0.20679438 -0.60439396
  -0.02229172  0.11788335  0.13706729 -0.38384587 -0.44645655 -0.2533934
  -0.15537204  0.569276   -0.74308884 -0.50976986 -0.40491185 -0.26146805
  -0.42184737  0.6698267   1.8278234   0.3774061  -0.48446578 -0.11890549
   0.13072462 -0.08826299  1.3678906   2.0955691   0.14677401  0.01493669
  -0.59349597 -0.5460482  -0.6081481   0.5820228  -0.3833299   0.2928235
  -0.12710683 -0.35411894  0.00678198 -0.2418703  -0.3417427  -0.33011493
  -0.743482   -0.35879108 -0.40385827 -0.49615875 -0.31438538 -0.56467795
  -0.4061829   1.6724236   0.57794845 -0.27935544 -0.19103934 -0.35489857
  -0.27634892 -0.31788656  0.49020857 -0.41208825 -0.3699922  -0.52924114
  -0.32163393 -0.64974797 -0.4216478   0.88714623  0.07808366  0.45877624
  -0.35177794  0.1362472  -0.22864863  0.5357463  -0.20798033 -0.35748956
  -0.17798004  0.9584853  -0.08185305 -0.30995178]]