[[ 1.18551648e+00  1.29955196e+00  4.03518528e-01  1.10335141e-01
  -6.58448756e-01 -8.08740914e-01 -9.95031834e-01 -4.12355781e-01
  -4.45645675e-02 -2.67625451e-01 -5.42178452e-01 -9.44626093e-01
  -3.85331474e-02 -2.27678955e-01 -6.71616197e-01  5.13469875e-01
  -5.94708383e-01 -8.00262962e-04 -2.44709745e-01  1.52431405e+00
   1.64504373e+00 -4.75892514e-01 -5.54456890e-01 -6.04683459e-01
   4.52807173e-03 -4.79434639e-01 -4.77870971e-01 -5.07674456e-01
  -3.49300742e-01 -7.22566247e-01 -3.76672328e-01 -6.63557649e-01
   2.48504072e-01 -1.13805264e-01 -1.41301319e-01 -4.21360612e-01
  -1.68172419e-01  3.17713499e-01 -8.91157269e-01 -5.52010179e-01
  -5.57183504e-01 -3.73273581e-01 -4.78384554e-01  1.01989317e+00
   2.52871108e+00  3.21422368e-01 -3.44791889e-01 -5.17609894e-01
   4.28498276e-02 -1.43261015e-01  6.27086282e-01  3.21479535e+00
   1.46801904e-01 -3.16636503e-01 -6.61026299e-01 -7.16937006e-01
  -8.83049071e-01  8.56139734e-02 -3.52911770e-01  3.89565319e-01
  -2.56834805e-01 -2.52767116e-01  3.35383713e-01 -2.68798918e-01
  -4.73788112e-01 -7.04527557e-01 -8.87906194e-01 -3.63184541e-01
  -3.86639386e-01 -7.88207531e-01 -1.06228814e-01 -4.28908765e-01
  -3.34681571e-01  2.26048899e+00  1.19154751e+00 -5.41011155e-01
  -6.74828067e-02 -5.38154542e-01  3.87467384e-01 -2.06173100e-02
   6.91136956e-01 -3.70164007e-01 -4.66322333e-01 -6.02690279e-01
   2.92912293e-02 -8.24650288e-01 -4.10418630e-01  1.39567006e+00
   4.99949902e-01  1.23579276e+00 -4.61366087e-01  5.39138138e-01
  -3.00235510e-01  2.23963410e-01 -8.98287743e-02 -3.98629278e-01
  -9.75371674e-02  1.39862025e+00 -1.20725654e-01 -3.22826475e-01]]