[[ 1.5328022   0.56273216  0.35894215 -0.29033178 -0.696335   -0.9840275
  -0.80575454 -0.5957013  -0.33162397 -0.1160754  -0.5036411  -0.9462206
   0.54429024 -0.24766557 -0.55126876  0.93896973  0.04009103  0.811944
  -0.34646487  1.1299067   1.4976892  -0.5627531  -0.6435364  -0.71236056
   0.4231789  -0.47424975 -0.3828843   0.370637   -0.45085582 -0.5657218
  -0.02360477 -0.5871983   0.23231885 -0.18168026 -0.39430618 -0.36504754
   0.28692216  0.09025857 -0.69613016 -0.659672   -0.5242647  -0.43932393
  -0.34054682  0.90088135  1.9365003   1.4926276  -0.45272052 -0.4018576
  -0.47348842  0.19499162  1.5642822   2.6491883   0.07515971 -0.36459416
  -0.5164599  -0.695044   -1.0390456  -0.05333947 -0.39153892  0.07221388
  -0.2477015  -0.38338318  0.43401116 -0.3756993  -0.50925213 -0.57617843
  -0.77546537 -0.47587037 -0.41261604 -0.7208716   0.6457833  -0.62076485
  -0.37443006  2.260745    1.3614534   0.05187057 -0.21066168 -0.39090958
  -0.24580167 -0.03718552  0.60369074 -0.15872008 -0.42084077 -0.70657146
  -0.51838446 -0.71644825 -0.44115946  1.1043857  -0.2879889   0.779599
  -0.47084838  0.4085839   0.08615422  1.9892676  -0.18528661 -0.34562215
  -0.02308732  1.255977    0.8113066  -0.55163425]]