[[ 1.0804979   1.5981996   0.34564078 -0.13532715 -0.6214866  -0.8464995
  -1.1233313  -0.33641592 -0.19530746 -0.16422933 -0.62955135 -1.0846423
  -0.00285415 -0.23990393 -0.7203007   0.3653149  -0.55693036  0.72353333
  -0.2590932   1.2036511   1.964137   -0.5095654  -0.66519463 -0.62217534
   0.7204285  -0.7113184  -0.10834929 -0.40503177 -0.35743907 -0.8550061
   0.17745313  0.29196632  0.20741992 -0.20508169 -0.49234608 -0.4052391
  -0.00648198  0.287773   -1.0495769  -0.58454853 -0.5389886  -0.08955949
  -0.41050065  1.9869717   2.2760298   0.3658395  -0.37293217  0.48232546
  -0.02308375 -0.01055685  1.1157775   2.6759863  -0.00606426  0.0199197
  -0.780433   -0.8267871  -0.8659705   0.34876588 -0.40518188  0.39344576
  -0.07754005 -0.32108548  0.11464    -0.34629    -0.47813576 -0.6809004
  -0.9278052  -0.50908035 -0.4308463  -0.63174224  0.21371253 -0.76623106
  -0.4551229   1.9198126   0.9136982  -0.5872441  -0.10252859 -0.44467905
  -0.30701053  0.14606024  0.5832144  -0.41654712 -0.4735524  -0.6673152
  -0.58047944 -0.9226843  -0.3943895   1.2403829   0.29510105  0.8099539
  -0.6035391   0.6534076  -0.21904589  0.34183994  0.43525276 -0.41829255
  -0.0101681   1.2177318  -0.49976784 -0.33461097]]