[[ 0.74760365  0.862368    0.6901025  -0.22987677 -0.67295915 -0.86172736
  -0.8372405  -0.4393248  -0.11773781 -0.3023656  -0.47619247 -1.0522832
   0.36004204 -0.27654487 -0.64346683  0.9937093  -0.2995478   0.6417304
  -0.37706336  0.49851632  2.740839   -0.51123196 -0.852655   -0.5391488
   0.37528715 -0.6964762  -0.23656838  0.10735158 -0.36450154 -0.6635752
   0.0502395  -0.01606932 -0.03046374  0.02278635 -0.31845424 -0.4501313
  -0.09809917  0.4716239  -0.8829978  -0.67280906 -0.51068085 -0.1165541
  -0.39908525  1.8419876   1.2993568   0.63455147 -0.38122952  0.00378916
  -0.16389675 -0.12922007  1.4042995   1.4061166  -0.09945549 -0.11869856
  -0.23265506 -0.55791825 -0.8809533   0.17915902 -0.27573255  0.20625155
  -0.08301655 -0.3693254   0.00921627 -0.45084006 -0.4906712  -0.6044883
  -0.82578015 -0.49056375 -0.42381623 -0.5912268   0.52274036 -0.67814094
  -0.46775094  1.1977955   0.99101496 -0.4153044  -0.51100904 -0.43247843
  -0.21827239  0.02812699  0.12648216 -0.35917246 -0.49232286 -0.72521174
  -0.69424534 -0.8349686  -0.48553264  0.59507465 -0.10891376  0.31878418
  -0.63693744  0.4062405  -0.31816316  1.1741903   0.52470773 -0.40367022
  -0.02453783  0.7192413  -0.01242171 -0.48797697]]