[[ 0.7882409   0.8301181   0.58209646 -0.07736813 -0.60334134 -0.8517053
  -0.8645084  -0.45206782 -0.24616939 -0.27973086 -0.5122591  -1.000971
   0.6434327  -0.252792   -0.6621848   0.83713245 -0.12577204  0.9790435
  -0.2510132   0.7859517   2.3302798  -0.47756204 -0.6842423  -0.5762579
   0.16443431 -0.56339383 -0.3423124  -0.04987849 -0.27851403 -0.5793971
  -0.15008682 -0.29856315  0.03812015  0.09038054 -0.076482   -0.31334013
   0.50569236  0.25154495 -0.8234036  -0.6494966  -0.5069     -0.35227874
  -0.3924875   1.6123433   1.0046957   1.0604098  -0.49441954 -0.07563715
  -0.3714773   0.11741802  1.7417114   1.8440794   0.09858053 -0.05368445
  -0.689953   -0.78174084 -0.7668709   0.05226866 -0.3993184   0.17051883
  -0.1276807  -0.34315696  0.02722697 -0.4549511  -0.49932173 -0.5197176
  -0.8212033  -0.4890822  -0.45838374 -0.6718      0.41072112 -0.5621553
  -0.47807884  1.3456664   1.1521521  -0.4953276  -0.13604759 -0.51152074
   0.09581423 -0.0887395   0.37958792 -0.39571002 -0.4532181  -0.65208644
  -0.5058816  -0.71710086 -0.51137     0.7006964  -0.13203207  0.32075128
  -0.49570128  0.5441495  -0.20140451  1.1148404   0.44407064 -0.39898968
   0.2876315   0.80577886  0.11368428 -0.5477172 ]]