[[ 0.88864964  0.8048031   0.6529879  -0.22528277 -0.63891757 -0.9256339
  -0.87948155 -0.43739706 -0.06315129 -0.18567444 -0.537238   -1.0049375
   0.19947942 -0.22886059 -0.6504228   0.93521106 -0.3444479   0.66213894
  -0.4526613   1.1945326   2.254438   -0.5172084  -0.77494    -0.67367923
   0.17195322 -0.5869303  -0.41860974  0.18235648 -0.4499687  -0.6308594
  -0.1783634  -0.59226805  0.09144362  0.01006647 -0.4527302  -0.4766355
   0.18136454  0.35585454 -0.867734   -0.6776796  -0.514274   -0.11321786
  -0.38005793  1.3258405   1.9957472   1.0734719  -0.35653186 -0.19901451
  -0.13104773  0.05682521  1.5978247   2.5375006   0.05384787 -0.22512028
  -0.20565811 -0.51033777 -0.88352245  0.0642276  -0.31234202  0.3839226
  -0.04391636 -0.3394146   0.13871804 -0.41619268 -0.48718584 -0.6512949
  -0.94462216 -0.52048963 -0.41966507 -0.6327682   0.61487263 -0.6624732
  -0.43417126  1.6225536   1.1092634  -0.323634   -0.30026934 -0.39445147
  -0.2812663   0.04358308  0.36080706 -0.29861578 -0.5019812  -0.7665888
  -0.6045992  -0.8005537  -0.46918052  0.95254815  0.08232437  0.7679988
  -0.59652007  0.49195474 -0.09326845  1.5355815   0.2593826  -0.3881917
  -0.07220693  1.0040284   0.3317549  -0.48049104]]