[[ 1.3735902   1.203329    0.05403372 -0.14523014 -0.6106763  -0.8074801
  -1.0197276  -0.48265415 -0.2083865   0.01381863 -0.5356905  -0.9093344
   0.19164263 -0.2264372  -0.6534439   0.02345406  0.09827083  1.4596725
  -0.2542506   1.0696443   0.9920343  -0.5677095  -0.4909519  -0.580209
   0.57760555 -0.3957005  -0.27966505 -0.3736207  -0.4054727  -0.6690186
   0.12629308 -0.45000905 -0.01961954 -0.41759405 -0.11577652 -0.2827254
   0.6063918   0.5125275  -0.80205715 -0.62842923 -0.44130346 -0.38149384
  -0.46982497  0.79116464  1.4177      1.4864258  -0.223477   -0.39344656
  -0.23031554  0.19865455  1.9439763   2.4171097   0.01324081 -0.32984918
  -0.71663755 -0.70060563 -0.6796306   0.04810762 -0.4252389   0.04680195
  -0.245484   -0.33121893  0.13455331 -0.40462738 -0.4060023  -0.5763175
  -0.81954694 -0.53870296 -0.4554955  -0.7734174  -0.40681726 -0.5834259
  -0.39681697  1.8614113   0.7047896  -0.5637341  -0.12845136 -0.3787618
   0.0240762  -0.22838907  0.4452259  -0.33278897 -0.33780485 -0.67252284
  -0.265413   -0.7666081  -0.46887478  0.8599752   0.54366857  0.8864054
  -0.40786508  0.27265152 -0.248734    0.94095653 -0.20865303 -0.30542946
   0.07549987  0.99489266  0.19275492 -0.32373866]]