[[ 1.31028795e+00  1.02522314e+00  1.68567151e-01 -8.63525122e-02
  -6.05974197e-01 -8.59338522e-01 -9.42113280e-01 -5.72930038e-01
  -2.14057028e-01 -9.84744281e-02 -5.10980606e-01 -9.24460948e-01
   6.18348837e-01 -2.25347251e-01 -5.51521301e-01  3.98561984e-01
  -2.17822507e-01  8.91959667e-01 -2.30193079e-01  1.30832767e+00
   1.03415275e+00 -5.61463535e-01 -4.54588950e-01 -6.74652040e-01
   2.97915220e-01 -3.16040695e-01 -3.56741458e-01 -4.42794323e-01
  -3.48529279e-01 -6.76451981e-01 -8.40671510e-02 -5.44419706e-01
   1.08800486e-01 -4.39263195e-01 -2.82621413e-01 -3.11126471e-01
   3.31464946e-01  3.24845642e-01 -8.40726435e-01 -6.53782845e-01
  -5.25174022e-01 -3.88578773e-01 -4.48988438e-01  4.17692333e-01
   2.13898754e+00  8.40130091e-01 -1.95175409e-01 -4.30675447e-01
  -2.10198522e-01  3.95144582e-01  1.21933401e+00  2.84155297e+00
   3.10011327e-01 -3.17173958e-01 -5.07910132e-01 -6.33989334e-01
  -7.51816213e-01  1.19676523e-01 -3.85165095e-01  2.35783130e-01
  -2.76308149e-01 -3.02616507e-01  3.18244427e-01 -2.37112001e-01
  -4.55724716e-01 -5.61212599e-01 -7.43357122e-01 -4.09430176e-01
  -3.86291862e-01 -8.24255586e-01 -1.49170965e-01 -5.42811334e-01
  -3.56126755e-01  2.08286524e+00  8.99180651e-01 -5.57191849e-01
  -1.45581923e-02 -4.73848462e-01 -2.11346895e-03 -1.78384542e-01
   8.08833539e-01 -8.73494446e-02 -3.92300874e-01 -6.20017409e-01
  -1.71499193e-01 -7.81467259e-01 -4.08431381e-01  1.19338024e+00
   4.57494497e-01  1.11107028e+00 -3.99657428e-01  2.99332917e-01
  -2.53499240e-01  8.61098826e-01 -2.64851987e-01 -3.38137656e-01
   4.29278761e-02  1.20667398e+00  1.01279154e-01 -3.72992545e-01]]