[[ 1.0220625   0.6756439   0.44929633 -0.24041748 -0.632349   -0.87502414
  -0.7445349  -0.4590798  -0.18316424 -0.20342036 -0.4913261  -0.99300796
   0.5899407  -0.25769383 -0.553103    0.9771747  -0.21058586  0.6670488
  -0.28079998  0.8865348   1.6063142  -0.51878583 -0.60871345 -0.59561634
   0.20810035 -0.3651879  -0.38857597 -0.23135793 -0.3651671  -0.63245153
  -0.16799772 -0.55804044  0.03312078 -0.17164402 -0.42748916 -0.34253943
   0.0950312   0.39872867 -0.8321864  -0.6601411  -0.5129442  -0.30489352
  -0.42936575  0.9900645   1.599063    0.74643755 -0.3375139  -0.44855273
  -0.04702985  0.25069436  1.2160953   2.1331465   0.15356031 -0.30849144
  -0.47746763 -0.6601018  -0.86324     0.00466533 -0.37015042  0.17738682
  -0.20694236 -0.3475685   0.1651122  -0.3388211  -0.48481864 -0.5174611
  -0.71024346 -0.4345613  -0.40574452 -0.70445174  0.22847115 -0.62122464
  -0.39112353  1.5222508   0.84391207 -0.46729589 -0.2301225  -0.5277547
  -0.25497577 -0.1247344   0.54258806 -0.1199579  -0.46596658 -0.6411395
  -0.41000116 -0.774321   -0.41734803  0.80230904  0.23231733  0.68135446
  -0.4716797   0.26952744 -0.2954937   1.0108933  -0.10498586 -0.36207247
  -0.01380889  0.943769    0.01215856 -0.4125201 ]]