[[ 0.70705986  0.61582464  0.41345683 -0.01662106 -0.45283958 -0.6991069
  -0.6828296  -0.3789005  -0.14389639 -0.34113804 -0.2708932  -0.8469019
   0.9362123  -0.29375654 -0.51932895  0.13096254 -0.28910854  0.263552
  -0.08027926  0.95207494  1.1515526  -0.5238896  -0.52839935 -0.6089387
   0.14702083 -0.5144418  -0.06931946 -0.21230577 -0.18496606 -0.61398447
  -0.09718242  0.27646142  0.12811339 -0.3738089  -0.5154269  -0.26535046
  -0.21106993  0.38460034 -0.87551194 -0.53467387 -0.45329422 -0.13172291
  -0.40195245  0.86642516  2.331307    0.12482266 -0.45031387 -0.20203868
  -0.08811709 -0.02395581  1.165928    2.3668778   0.39928705  0.19039954
   0.00289375 -0.24286513 -0.71106905  0.8453808  -0.25831378  0.53361356
  -0.18458149 -0.25355938  0.06321731 -0.05427727 -0.36509743 -0.28980213
  -0.77030176 -0.3139659  -0.37270346 -0.50881875 -0.2618937  -0.6013104
  -0.38565886  1.7732055   0.8398737  -0.42443654 -0.24245009 -0.40068907
  -0.30784255 -0.28572738  0.6296771  -0.3988406  -0.40357438 -0.54528195
  -0.40260807 -0.6537796  -0.43631732  1.0693543  -0.12164676  0.51052606
  -0.38341683  0.17521352 -0.35415775  0.44319943  0.05346634 -0.39451134
  -0.13295205  1.2033168  -0.33561432 -0.4126464 ]]