[[ 0.62254405  0.57607067  0.2864431  -0.11016669 -0.54385525 -0.7989796
  -0.8334631  -0.32574165 -0.06168141 -0.1876471  -0.46152014 -0.9248041
   0.52510023 -0.30354935 -0.543233    0.42999327 -0.31958714  1.0811365
  -0.2029506   0.932332    1.2324286  -0.59476274 -0.52027905 -0.6096829
   0.3681592  -0.39237997  0.09039857 -0.15697008 -0.32962605 -0.71858037
  -0.00891499  0.14779657  0.06625764 -0.49439123 -0.52363455 -0.157157
   0.40626624  0.57897276 -0.9272984  -0.6434366  -0.4719548  -0.0616468
  -0.5121288   1.3745894   1.6736072   0.46640393 -0.14514834 -0.13584271
   0.00642546  0.18738896  1.412643    2.0888543   0.23014723 -0.11894281
   0.06995517 -0.21630812 -0.643977    0.6725469  -0.2826996   0.3142405
  -0.19307669 -0.18458936 -0.00463708 -0.29139575 -0.42601663 -0.38217828
  -0.8391324  -0.5141513  -0.42637086 -0.57749975 -0.16699308 -0.67362416
  -0.41287324  1.1700654   0.53544354 -0.45260918 -0.34824693 -0.44434327
  -0.33394957 -0.08247043  0.46184587 -0.28609428 -0.414685   -0.6266189
  -0.481746   -0.8050706  -0.45021698  0.5540133   0.49612683  0.76214314
  -0.4518322   0.08256672 -0.2906421   0.66070247 -0.03139327 -0.3917818
  -0.11857121  0.98734987 -0.22413045 -0.25172022]]