[[ 1.2915941   0.3257097   0.8062347  -0.27018845 -0.7280531  -0.8681871
  -0.79831237 -0.4133815  -0.22095975 -0.16210207 -0.5379707  -0.96042305
   0.11757162 -0.26072174 -0.5960144   1.2057741  -0.03734471  0.91866237
  -0.38321257  0.7160745   2.1868873  -0.4542292  -0.7257779  -0.5154915
   0.31615293 -0.55062664 -0.37341493  0.11162363 -0.41145054 -0.5375103
   0.10064831 -0.61978495  0.05606522  0.22809255 -0.40377486 -0.3627364
   0.16616023  0.152619   -0.76022965 -0.62454253 -0.49786872 -0.35294625
  -0.37541053  1.8830042   1.2725173   1.3663827  -0.49052876 -0.5082564
  -0.43809587 -0.02172244  1.4724393   1.8355223  -0.10676086 -0.27537492
  -0.6867544  -0.7943323  -1.0182854  -0.13681176 -0.40252134  0.09616313
  -0.20159805 -0.3884923   0.2882887  -0.4640773  -0.458569   -0.55818903
  -0.80359083 -0.5199146  -0.46817595 -0.6343857   0.65475535 -0.6213051
  -0.40627953  1.464293    1.0820787  -0.2587547  -0.28611833 -0.29887643
  -0.34717786 -0.06904274  0.34849337 -0.3787967  -0.4967969  -0.7638505
  -0.7104166  -0.7608055  -0.49354422  0.9235967  -0.30209646  0.7485598
  -0.5501482   0.5221325  -0.08574702  1.778285   -0.0103796  -0.3808014
  -0.1442259   0.97789323  0.563131   -0.5668297 ]]