[[ 1.2246094   0.8305009   0.63690865  0.05460478 -0.6741372  -0.8742849
  -0.89834696 -0.36838815 -0.07823071 -0.24518795 -0.5030058  -1.0171894
   0.01907647 -0.2682964  -0.615062    0.768888   -0.63337094  0.47714302
  -0.30821428  1.1974534   1.8609167  -0.50378513 -0.5869237  -0.58801943
   0.16032931 -0.48910984 -0.3982994  -0.40921658 -0.3448198  -0.81212443
  -0.34755778 -0.3347539   0.2463834  -0.0093499  -0.5003205  -0.41647387
  -0.00891603  0.41700202 -0.93980795 -0.51459247 -0.6011832  -0.31126735
  -0.51954484  1.5174029   2.1103053   0.3229737  -0.04798612 -0.44591168
   0.04506927 -0.04397563  0.8675066   2.5558338   0.19165194 -0.22523709
  -0.7442398  -0.8391785  -0.8627591   0.51268995 -0.20549642  0.47697923
  -0.25658876 -0.25619966  0.20171495 -0.2067643  -0.46556616 -0.7124614
  -0.9486861  -0.3897163  -0.38304636 -0.69890106  0.10389149 -0.676964
  -0.41912428  1.732526    0.94665515 -0.05205719 -0.16668499 -0.37288538
  -0.24310926 -0.05768177  0.5518241  -0.3520828  -0.45257866 -0.544897
  -0.4339126  -0.9141925  -0.41897652  1.0519623   0.44091204  1.2692331
  -0.56714094  0.48826975 -0.2558459   0.43282542 -0.0036417  -0.4009642
  -0.1712772   1.2217257  -0.23108046 -0.3574766 ]]