[[ 0.92583454  0.61646193  0.6168168  -0.15555573 -0.71627927 -0.9021561
  -0.75250816 -0.34293038 -0.03934265 -0.3187882  -0.55105966 -0.99978423
   0.09985244 -0.26026988 -0.5810939   0.8361437  -0.58983254  0.43009436
  -0.35951194  0.9662808   2.0145657  -0.49206516 -0.65016407 -0.5491994
  -0.02511849 -0.40605772 -0.20259213 -0.10182564 -0.3959876  -0.7521041
  -0.38163626 -0.5981784   0.10927423  0.07647064 -0.5215809  -0.33253753
   0.11951767  0.43122947 -0.87837815 -0.5506856  -0.5062903  -0.2630677
  -0.49127212  1.6624264   1.5788628   0.33645082 -0.27177066 -0.29564953
   0.09029935  0.08826291  1.0600122   1.9959663   0.13496672 -0.20784697
  -0.72826225 -0.83074385 -0.80538183  0.36373666 -0.34803662  0.39602765
  -0.21112548 -0.32837707  0.02860308 -0.42189547 -0.4490733  -0.61841995
  -0.8755104  -0.4727907  -0.41530725 -0.630047    0.34962022 -0.65172976
  -0.45318937  1.407712    0.89276814 -0.1471507  -0.33695802 -0.5008421
  -0.26239425 -0.06541734  0.48236746 -0.31917268 -0.48863482 -0.62468475
  -0.48390257 -0.8369067  -0.42868492  0.74610966  0.41259748  1.0434723
  -0.5338727   0.418315   -0.08054958  0.6994174   0.02980763 -0.42904314
  -0.17163636  0.9810784  -0.11866896 -0.35319573]]