[[ 0.8779767   0.517434    0.3988399  -0.04028113 -0.554918   -0.7803844
  -0.8130886  -0.44481045 -0.14655371 -0.19802912 -0.51543665 -0.79745215
   0.1447466  -0.24797219 -0.45659927  0.45149738 -0.45279464  0.44229555
  -0.27170807  1.0152903   1.7492521  -0.47326657 -0.4747806  -0.5887133
   0.09898816 -0.38240427 -0.43830588  0.01950054 -0.3292991  -0.61820465
  -0.12841147 -0.6516539   0.14036986 -0.07189782 -0.34312332 -0.30536208
   0.24508584 -0.02216131 -0.6945461  -0.5232438  -0.51642716 -0.3516533
  -0.39518657  0.7227111   1.6652868   0.46548194 -0.40918836 -0.16905193
  -0.173283    0.16354546  0.8029568   2.0445206   0.09225573 -0.28443676
  -0.5870713  -0.6697818  -0.7601726  -0.02553622 -0.26589656  0.08850938
  -0.18602386 -0.26361755  0.23306379 -0.34628978 -0.4340919  -0.5782758
  -0.8045726  -0.41893345 -0.39235023 -0.6545569   0.41007373 -0.49411598
  -0.3753293   1.5692372   0.9518708  -0.18402088 -0.04877533 -0.3168387
  -0.10718575 -0.09633359  0.6180822  -0.27662447 -0.40078744 -0.56477165
  -0.37772822 -0.71147    -0.44531274  1.1123012  -0.02535689  0.94148165
  -0.41515356  0.4188901   0.13114808  1.0217407   0.01519971 -0.37403286
   0.01621165  0.90958905  0.2911282  -0.45458913]]