[[ 2.7009785e-01  6.5638131e-01  7.4394956e-02 -2.3963216e-01
  -5.1810491e-01 -7.9605895e-01 -7.0994663e-01 -2.7445826e-01
   3.7590712e-03 -8.7737545e-02 -4.5289439e-01 -8.5486042e-01
   5.3390735e-01 -3.1338772e-01 -4.6906200e-01  3.2399729e-01
  -2.0486146e-01  1.3148407e+00 -2.1749094e-01  6.6866535e-01
   1.3283021e+00 -6.2235534e-01 -5.4508072e-01 -5.2106416e-01
   3.4842652e-01 -3.7556961e-01  1.7879580e-01  2.8461218e-06
  -3.2887986e-01 -6.7193437e-01  5.5852961e-02  3.7762120e-01
   1.7578937e-03 -5.3168529e-01 -5.0625408e-01 -8.9342847e-02
   6.1056757e-01  6.7658740e-01 -8.3167505e-01 -6.1715436e-01
  -4.1226545e-01  2.1732375e-02 -4.8088801e-01  1.2454791e+00
   1.1403999e+00  3.3540356e-01 -1.8732247e-01  2.6878159e-02
   1.1105049e-01  2.9681802e-01  1.2746925e+00  1.4755805e+00
  -2.0764662e-02 -1.5729789e-01  1.6876036e-01 -8.7151825e-02
  -5.9824270e-01  6.2215543e-01 -2.5868538e-01 -5.3968253e-03
  -8.8800304e-03 -1.8065494e-01 -1.9136667e-01 -3.7286815e-01
  -4.1673595e-01 -3.5132375e-01 -8.0981195e-01 -5.6433177e-01
  -4.2504436e-01 -4.6671095e-01 -1.2362095e-01 -6.6568935e-01
  -4.5393732e-01  9.2478645e-01  6.3847220e-01 -3.6874533e-01
  -3.9302883e-01 -3.9634556e-01 -4.1034395e-01 -2.7564594e-01
   1.7334940e-01 -2.5714907e-01 -3.7301010e-01 -5.9735107e-01
  -5.5077165e-01 -7.3026663e-01 -4.7845966e-01  4.4430888e-01
   4.7084460e-01  3.3377555e-01 -4.4948024e-01  3.2177679e-02
  -2.5450093e-01  6.4235187e-01  6.5457970e-03 -3.6972573e-01
  -7.8775309e-02  7.2022599e-01 -3.5699093e-01 -2.4272957e-01]]