[[ 0.66745245  0.7672091  -0.19380958 -0.5223784  -0.5514886  -0.8865981
  -1.2037805  -0.58033055 -0.5004066   0.15647084 -0.6447582  -0.99068433
  -0.28097072 -0.19773425 -0.7025416  -0.21650639 -0.4746825   1.2197698
  -0.29896447  1.3636782   1.580504   -0.53141433  0.47283342 -0.695566
  -0.10137771 -0.62078846 -0.43205264  0.11317736 -0.43565044 -0.58697605
   0.20611976 -0.65866596 -0.08070774 -0.45352873 -0.47834134 -0.49283215
   0.5696004  -0.21544991 -0.6506393  -0.72946185 -0.517859   -0.5362201
  -0.3266655   0.6380191   1.699836    0.867707   -0.5894616  -0.4057667
  -0.60731405  0.19313276  1.7042236   3.4166024  -0.656236   -0.57278943
  -0.74870706 -0.74710083 -0.77582693 -0.4341414  -0.5284973  -0.45978504
   0.5328683  -0.28882176  0.37940305 -0.25723475 -0.53580695 -0.50858366
  -0.7691101  -1.0605273  -0.48388267 -0.7697921   0.39752376 -0.66008335
  -0.41728744  2.2332187   0.74411595  0.06588605  1.3744652   0.1586237
  -0.396505   -0.0931716   1.606944   -0.5555026  -0.23372021 -0.5780829
  -0.5835027  -0.7379596  -0.5216167   1.4500964   0.30767825  0.9039083
  -0.46183208  0.54892087  0.29147646  1.7004489  -0.5067374  -0.43350255
  -0.1654777   0.4891011   0.9689738  -0.56601715]]