[[ 0.6910975   0.8667925   0.635722   -0.19489227 -0.67489547 -0.89783275
  -0.9121255  -0.49875772 -0.16946681 -0.25255832 -0.46430606 -1.042284
   0.36005008 -0.27155086 -0.6425483   0.8909405  -0.4786205   0.5438974
  -0.3840431   0.7888485   2.845085   -0.48928532 -0.8520397  -0.63802385
   0.19246411 -0.72639155 -0.33212245  0.15655887 -0.3499072  -0.6570766
  -0.13282928 -0.187423    0.0298859   0.00562686 -0.2963506  -0.45335746
   0.00619303  0.26222408 -0.8672444  -0.65966576 -0.55685276 -0.06307683
  -0.3788006   1.675337    1.6178327   0.57092756 -0.42143074 -0.0749207
  -0.14735763 -0.09137817  1.4248128   1.8558673  -0.0142482   0.0234051
  -0.2551771  -0.5873646  -1.0125029   0.18963398 -0.2555946   0.30613527
  -0.20205274 -0.32641384  0.08598067 -0.4316896  -0.5031719  -0.6669697
  -0.90720594 -0.49592462 -0.40940252 -0.5961385   0.7944824  -0.66604817
  -0.4556725   1.2292366   1.1034547  -0.24360497 -0.46342507 -0.3973281
  -0.13815404  0.02069163  0.15779452 -0.380193   -0.50745493 -0.72412276
  -0.63940626 -0.81784326 -0.4675464   0.7584183  -0.13898271  0.3713194
  -0.642494    0.47165442 -0.13645034  1.2216374   0.42689118 -0.4030906
   0.0464954   0.7906964   0.04040839 -0.5194628 ]]