[[ 1.4431498   0.82828665  0.08188847 -0.2610854  -0.6523968  -1.0077541
  -0.89719266 -0.59372526 -0.30836692  0.07197652 -0.51069623 -0.9703575
   0.52764696 -0.25757992 -0.6215707   0.56858176 -0.20555682  1.1255865
  -0.32129976  1.2752304   1.4155447  -0.6029569  -0.52601653 -0.7638744
   0.2698639  -0.4181893  -0.37404114  0.03276935 -0.43871123 -0.65102935
  -0.09873194 -0.55937177  0.32220757 -0.44344267 -0.42008108 -0.3846231
   0.5725989   0.32384497 -0.7705904  -0.7083074  -0.51967764 -0.43502027
  -0.4280552   0.6630229   1.9566909   1.3949587  -0.35915104 -0.38911727
  -0.13986744  0.32467473  1.7836872   2.9336703   0.0890456  -0.3966832
  -0.5789937  -0.68503433 -0.94456285  0.02488632 -0.43633103  0.07954415
  -0.20807882 -0.35305667  0.44631353 -0.3658244  -0.5584057  -0.6273151
  -0.8403437  -0.5683508  -0.44187173 -0.7973566   0.27537963 -0.6727284
  -0.38440177  2.2934682   1.1761861  -0.09001065 -0.21961696 -0.4096781
  -0.2602699  -0.12102146  0.52188694 -0.16566674 -0.39703372 -0.6940823
  -0.38954702 -0.7747469  -0.4624951   1.0900017   0.26207516  0.9160241
  -0.47148123  0.25257704 -0.0214447   1.5355865  -0.33641997 -0.34858334
  -0.00818201  1.1886681   0.7033333  -0.4343032 ]]