[[ 1.1021466e+00  1.3882362e+00  5.3883892e-01  6.4685000e-03
  -6.8107504e-01 -8.7011534e-01 -9.8869669e-01 -4.1487122e-01
  -1.1711886e-01 -2.5908431e-01 -5.8223552e-01 -9.8098636e-01
   4.6965890e-02 -2.2136047e-01 -6.7393458e-01  6.3985765e-01
  -5.8578789e-01  7.4694984e-02 -2.8554308e-01  1.4442189e+00
   1.8933699e+00 -4.5394087e-01 -5.9379518e-01 -6.1709702e-01
  -2.1272129e-03 -5.4867506e-01 -4.4215560e-01 -4.4199097e-01
  -3.9025289e-01 -7.3146999e-01 -3.9222461e-01 -6.5277463e-01
   2.5781798e-01  9.4854124e-03 -1.6879557e-01 -4.0821287e-01
  -3.4155179e-02  1.8201980e-01 -9.0339124e-01 -5.4064083e-01
  -5.4517108e-01 -3.7660956e-01 -4.4404504e-01  1.3264118e+00
   2.3998067e+00  4.1883653e-01 -3.8472110e-01 -4.8468345e-01
  -6.9414370e-02 -1.1231137e-01  8.0176520e-01  3.1546354e+00
   1.6962996e-01 -2.7100313e-01 -6.7612135e-01 -7.7669901e-01
  -9.6393502e-01  7.3260002e-02 -3.5704780e-01  3.8206545e-01
  -2.5164536e-01 -2.6549777e-01  3.0366275e-01 -2.4723168e-01
  -5.0370151e-01 -6.8727547e-01 -8.9773893e-01 -4.0080309e-01
  -3.9734188e-01 -7.5635594e-01  5.5093728e-02 -5.6093550e-01
  -3.6850074e-01  2.2343810e+00  1.3211063e+00 -5.2397591e-01
  -6.6223159e-02 -5.0960737e-01  2.0141396e-01 -3.4014948e-02
   6.7052794e-01 -3.8676158e-01 -4.6684822e-01 -6.2198424e-01
  -3.0879468e-01 -8.2024938e-01 -4.2312258e-01  1.3234526e+00
   3.2732099e-01  1.0944459e+00 -4.9709669e-01  6.3312739e-01
  -2.8224540e-01  3.2983303e-01  2.0248480e-01 -4.0993452e-01
   1.1848471e-01  1.3608505e+00 -1.9233355e-01 -4.0372804e-01]]