[[ 1.0365614   1.2103981   0.1629452  -0.11120454 -0.5544951  -0.7803114
  -0.88450193 -0.30319032  0.02440492 -0.18897496 -0.49109104 -0.86883897
   0.06725963 -0.21700516 -0.533576   -0.01574832 -0.536553    0.43596575
  -0.21072613  1.4838315   0.9573164  -0.52389246 -0.4858211  -0.5848893
   0.09676191 -0.23322308 -0.29534262 -0.31155038 -0.33686015 -0.7657424
  -0.274822   -0.5850094   0.24726924 -0.38459045 -0.4663892  -0.3385621
   0.21983834  0.6275918  -0.789934   -0.521599   -0.45461163 -0.23000866
  -0.46490565  0.32352987  2.3588994   0.22308677 -0.07381126 -0.17800799
   0.30402258  0.14697222  0.766002    2.8951223   0.20082805 -0.27817512
  -0.6509565  -0.6591979  -0.5559537   0.13100949 -0.3707473   0.32022047
  -0.18571006 -0.22668883  0.21513823 -0.26051563 -0.38105643 -0.6580233
  -0.8457194  -0.38932064 -0.3747267  -0.6777025  -0.21961494 -0.55312985
  -0.36126536  2.0827708   0.8034459  -0.31298077 -0.020605   -0.42882925
  -0.15846144 -0.1274083   0.7677043  -0.24325398 -0.3908465  -0.57176864
  -0.21058448 -0.784069   -0.34527546  1.2877171   1.0054302   1.1590645
  -0.42740154  0.3774609  -0.03501042  0.242591   -0.20381573 -0.33365735
  -0.1419183   1.208541   -0.057943   -0.11307228]]