[[ 1.373581    1.3627917   0.30415544 -0.00262554 -0.54842407 -0.72274566
  -0.98628026 -0.39720172 -0.18980338 -0.15057662 -0.5340188  -0.89083594
   0.2485422  -0.23510852 -0.62248206 -0.05256937 -0.10279037  0.77944267
  -0.2262796   1.1394327   0.8744455  -0.55833495 -0.5350632  -0.5758036
   0.7970224  -0.55283135 -0.1391113  -0.3469593  -0.3688227  -0.7215477
   0.3323856   0.1204363   0.1344873  -0.39959592 -0.38639063 -0.3569431
  -0.00470772  0.33656302 -0.887688   -0.55401677 -0.42450234 -0.31165063
  -0.40313366  1.0254679   2.1835363   0.8072786  -0.34561184  0.14527185
  -0.26849052  0.00551147  1.3056091   2.5817678   0.25624555 -0.10600396
  -0.6639397  -0.6432403  -0.6954784   0.43270263 -0.40819454  0.41425705
  -0.13055512 -0.33105463  0.19296545 -0.15017125 -0.36532438 -0.5646315
  -0.7790427  -0.31659976 -0.41113335 -0.64279574 -0.40601954 -0.6147668
  -0.3885676   2.1749456   0.77091646 -0.58854735 -0.06456476 -0.3815475
  -0.24530555 -0.0552046   0.6060639  -0.3289517  -0.38429707 -0.6418016
  -0.3844555  -0.7747902  -0.40873364  1.2370707   0.13966833  0.83591163
  -0.43496913  0.44124117 -0.22672728  0.57956     0.15776981 -0.3517454
  -0.10085256  1.2838349  -0.07717698 -0.34735885]]