[[ 0.5467825   0.33633193 -0.22458608 -0.3547878  -0.6017822  -0.8819687
  -0.65824914 -0.4672968  -0.16180888 -0.22540306 -0.45304903 -0.741701
  -0.12365814 -0.29726207 -0.3905776  -0.14890942 -0.48208448  0.228514
  -0.37448382  0.71567583  1.3424155  -0.6071762  -0.62982625 -0.5640362
  -0.07802407 -0.39989722 -0.13449815  1.0122261  -0.46069154 -0.63165563
  -0.31806254 -0.48358205 -0.01769095 -0.44807574 -0.45979476 -0.36769846
   0.30761397  0.09710781 -0.38466305 -0.48622334 -0.46462673 -0.35106474
  -0.387606    0.2797967   0.9810891   0.18429606 -0.4450948   0.16231975
  -0.12324262  0.00306808  0.91109514  1.2536553  -0.2938033  -0.36432317
  -0.6440929  -0.67791075 -0.6295445   0.29093286 -0.32634878 -0.10939231
  -0.17710069 -0.3158181  -0.06922709 -0.5874369  -0.32634127 -0.54895604
  -0.7485742  -0.54470795 -0.38384536 -0.45632628  0.7235832  -0.5351579
  -0.4552371   1.074909    0.8384765   1.1456739  -0.37391457 -0.17947707
  -0.19947258  0.00892261  0.35650167 -0.31197208 -0.21408777 -0.49633607
  -0.37269637 -0.64069015 -0.4024436   0.48274902 -0.06510371  0.6984302
  -0.41871396  0.11584504  0.7425453   1.5235206  -0.3484116  -0.39614818
  -0.1988271   0.54663986  0.7476016  -0.34302384]]