[[ 0.6858667   0.82541794  0.5585029  -0.21336854 -0.65294623 -0.8785607
  -0.86489004 -0.43063346 -0.18147127 -0.27871004 -0.44013426 -1.0700788
   0.35927704 -0.28809598 -0.68244904  0.69705415 -0.46494156  0.63967127
  -0.36613983  0.6550375   2.725097   -0.48189107 -0.8404315  -0.62743205
   0.20391133 -0.68479013 -0.22911102  0.09682313 -0.34774128 -0.676426
  -0.1591658  -0.13315104  0.0508534  -0.05000878 -0.33528495 -0.4323185
   0.10118669  0.32830414 -0.8599281  -0.6382949  -0.5489796   0.01402017
  -0.4008912   1.7222776   1.3845937   0.5697533  -0.3680313   0.14013769
   0.04108341 -0.08246813  1.6035882   1.6152226  -0.01477673  0.18274985
  -0.5412055  -0.73973596 -0.895701    0.27292946 -0.3103594   0.3642158
  -0.18764023 -0.37413853 -0.05057385 -0.46837163 -0.48875096 -0.62306905
  -0.9263051  -0.5282637  -0.43768752 -0.56176865  0.8169282  -0.6939785
  -0.504581    1.0555577   0.86579084 -0.18583435 -0.48707834 -0.41330802
  -0.2077493  -0.03246677  0.08806628 -0.43455753 -0.5062278  -0.6978358
  -0.6423908  -0.82369363 -0.45871997  0.5597476   0.02400568  0.27069426
  -0.6459524   0.41636926 -0.11580175  1.0900552   0.36325923 -0.40223023
   0.06370184  0.65521896 -0.04778894 -0.437681  ]]