[[ 1.14358175e+00  1.26099157e+00  1.80855125e-01 -1.87111199e-02
  -5.94939470e-01 -8.04079235e-01 -1.02700949e+00 -4.67061639e-01
  -1.80617824e-01  9.73132253e-03 -5.51639557e-01 -8.80874217e-01
   2.36790150e-01 -2.18973443e-01 -6.39398098e-01  6.12077885e-04
  -2.05504835e-01  1.23812640e+00 -2.49904096e-01  1.22447562e+00
   1.04285121e+00 -5.49318731e-01 -4.48959917e-01 -6.04797840e-01
   3.59440148e-01 -3.95092726e-01 -2.99873471e-01 -4.75423336e-01
  -4.04022694e-01 -6.93681538e-01 -5.00521287e-02 -4.89336640e-01
  -4.38870303e-03 -3.99006546e-01 -1.74652189e-01 -2.95271903e-01
   5.86155415e-01  3.39106739e-01 -8.39060545e-01 -5.80048263e-01
  -4.53011960e-01 -3.73755366e-01 -4.81476724e-01  8.36158276e-01
   1.68070602e+00  1.01495087e+00 -2.10398585e-01 -3.83373111e-01
  -1.92250401e-01  2.01343641e-01  1.53181219e+00  2.63568974e+00
   2.09461480e-01 -2.48553857e-01 -7.13808715e-01 -7.03242719e-01
  -6.91169024e-01  1.57796785e-01 -4.02122378e-01  2.35931173e-01
  -2.58539259e-01 -2.81635374e-01  1.27831832e-01 -2.71723479e-01
  -4.16084468e-01 -5.89005113e-01 -8.28241289e-01 -4.70217317e-01
  -4.46701050e-01 -7.73201346e-01 -4.01272655e-01 -5.63779116e-01
  -3.95454735e-01  1.84228885e+00  7.89998353e-01 -5.69942355e-01
  -1.02546245e-01 -4.03115720e-01  3.44719142e-02 -2.18118817e-01
   5.41563570e-01 -3.52338701e-01 -3.54115635e-01 -6.34056509e-01
  -2.40110055e-01 -7.64384687e-01 -4.54293668e-01  9.73402977e-01
   5.83742857e-01  9.68902826e-01 -4.10584509e-01  3.28398347e-01
  -2.12290809e-01  5.16203165e-01 -1.30941480e-01 -3.44317764e-01
   9.16725099e-02  1.07496834e+00 -2.21043136e-02 -3.16881835e-01]]