[[ 0.92898214  0.6509245   0.5285704   0.07895588 -0.696368   -1.1183373
  -0.9070722  -0.6007316  -0.27123925 -0.23569141 -0.50686425 -1.0730102
   0.5982692  -0.33863217 -0.7703439   1.1158898  -0.5509785   0.9105063
  -0.40917948  0.619911    3.271641   -0.5119778  -0.90849364 -0.72979194
  -0.09819611 -0.70260614 -0.2771876  -0.14069009 -0.42507958 -0.75492233
  -0.45527694 -0.41690442  0.11690494 -0.15525267 -0.29434052 -0.45345506
   0.5310442   0.44994736 -1.0244443  -0.56190586 -0.67614377  0.01851887
  -0.43213114  1.8646015   1.3200752   1.1396731  -0.34319818 -0.07847769
   0.14544757  0.02401767  2.4714487   1.4998089  -0.07425833  0.01316372
  -0.3909323  -0.7323181  -1.0360932   0.69574714 -0.29472005  0.2223883
  -0.14343716  0.01978408 -0.05655387 -0.47645557 -0.58561766 -0.7073643
  -1.0059129  -0.715502   -0.43114614 -0.7129037   0.9170869  -0.8010344
  -0.5614137   0.9489477   0.88829446 -0.31216234 -0.4713835  -0.55942774
  -0.3012713   0.0538115   0.06879633 -0.30925742 -0.5642097  -0.70502186
  -0.6887646  -0.9193337  -0.4971902   0.3097377   0.51609546  0.4270335
  -0.75503874  0.27283964 -0.48286068  1.508523    0.24702679 -0.40267643
   0.24431609  0.5742299  -0.26062727 -0.55722207]]