[[ 0.9100298   0.6920811   0.56144005 -0.0722185  -0.62091744 -0.8839586
  -0.83925486 -0.45829514 -0.24098626 -0.2705163  -0.5095887  -1.0195189
   0.6052185  -0.26325813 -0.6745276   0.8536294  -0.14318632  1.0627713
  -0.26111698  0.8448859   2.2671509  -0.48726687 -0.6980057  -0.58296067
   0.1521381  -0.5764521  -0.2797302  -0.05444922 -0.28282824 -0.60725456
  -0.14567636 -0.2771555   0.07875015  0.08052    -0.1779103  -0.32499444
   0.551858    0.3246672  -0.85204315 -0.6493608  -0.51539135 -0.34815046
  -0.41310653  1.7416935   1.0212008   1.1604441  -0.48516625 -0.06861576
  -0.3503441   0.11308818  1.9424471   1.8529898   0.08638429 -0.03567073
  -0.72566867 -0.81548744 -0.76162076  0.21466427 -0.4072464   0.23089236
  -0.1254808  -0.32488903  0.04070882 -0.48114067 -0.4907441  -0.52753496
  -0.84198713 -0.51190543 -0.46413177 -0.6580257   0.41764587 -0.6052487
  -0.49640694  1.3444151   1.1318511  -0.40305433 -0.1804477  -0.49927336
  -0.01457058 -0.08801904  0.3569919  -0.40149337 -0.45339313 -0.6645603
  -0.53593874 -0.7461623  -0.52017766  0.66174895 -0.14193426  0.48968306
  -0.51377857  0.52055293 -0.21373813  1.241069    0.3634924  -0.411722
   0.19364952  0.8877256   0.12753507 -0.54856664]]