[[ 0.5251189   0.5079683   0.53400576 -0.18907535 -0.5828859  -0.80223215
  -0.75058705 -0.45290968 -0.11108722 -0.37420756 -0.3564424  -0.97235984
   0.58383226 -0.2406087  -0.5709483   0.6994637  -0.48857102  0.34516376
  -0.23353022  0.4781165   2.3187468  -0.4794464  -0.670277   -0.57886773
   0.04566725 -0.56858414 -0.39069578 -0.03433871 -0.2735399  -0.6302987
  -0.356488   -0.28564027 -0.03064764 -0.104596   -0.3214437  -0.43131062
  -0.04351529  0.26602983 -0.83512974 -0.62276006 -0.55354744  0.04236505
  -0.40463528  1.1293604   1.5207174   0.2209597  -0.34534565 -0.22695622
  -0.01475892 -0.05001305  1.1524488   1.4623959   0.04621222  0.17428225
  -0.07152472 -0.4414147  -0.7739048   0.24137464 -0.16869456  0.32345462
  -0.16096458 -0.3053244  -0.06423384 -0.32575148 -0.4630172  -0.4994217
  -0.81934357 -0.50986665 -0.39648136 -0.6019371   0.46104017 -0.6024012
  -0.44981086  1.1702888   0.787965   -0.3807016  -0.2784573  -0.4922564
  -0.14064464 -0.14500223  0.3333424  -0.41157478 -0.4316144  -0.5871181
  -0.5233118  -0.71599734 -0.4801188   0.58409595 -0.06738666  0.18560061
  -0.5343501   0.25475487 -0.32377058  0.62739205  0.32694808 -0.4080443
   0.07153118  0.6028731  -0.29434612 -0.41883826]]