[[ 7.84311116e-01  7.55165696e-01  8.17480624e-01 -2.54623204e-01
  -7.04587281e-01 -8.62072766e-01 -7.87831843e-01 -4.13934112e-01
  -1.62205830e-01 -3.21194768e-01 -4.77431267e-01 -1.08899856e+00
   2.86526084e-01 -2.88509220e-01 -7.17659652e-01  1.13235915e+00
  -1.81443512e-01  6.47956133e-01 -4.26590830e-01  4.48492348e-01
   2.87704849e+00 -4.80372399e-01 -9.24768269e-01 -5.20889997e-01
   3.10871750e-01 -7.28104115e-01 -2.42166921e-01  1.17793024e-01
  -3.95455897e-01 -6.10020101e-01  5.47535904e-02 -1.39469564e-01
  -4.86307368e-02  1.89740226e-01 -3.10655832e-01 -4.48313653e-01
  -1.46812484e-01  4.87655908e-01 -8.64845812e-01 -6.73496306e-01
  -4.95941967e-01 -2.01338127e-01 -3.90477806e-01  2.10403371e+00
   1.02306557e+00  9.42803979e-01 -4.86006737e-01 -9.67624187e-02
  -1.23407565e-01 -1.89063549e-01  1.72886360e+00  1.33426249e+00
  -1.44651309e-01 -1.31607950e-01 -5.30690491e-01 -7.29144096e-01
  -9.69355166e-01  1.04229547e-01 -3.61390948e-01  1.98635221e-01
  -1.14722289e-01 -4.39856529e-01  2.10407004e-03 -5.33145905e-01
  -4.91869569e-01 -5.93394160e-01 -8.41765285e-01 -5.08420050e-01
  -4.51649398e-01 -5.64494252e-01  6.30566001e-01 -6.89452291e-01
  -4.87318277e-01  1.02997613e+00  9.10371900e-01 -3.95526826e-01
  -5.61411142e-01 -4.26002592e-01 -2.52146631e-01  7.93548301e-03
  -3.45304236e-02 -4.14256722e-01 -5.28693676e-01 -7.66521156e-01
  -7.14524150e-01 -8.23213756e-01 -4.98464435e-01  4.61129665e-01
  -1.78507313e-01  1.83091521e-01 -6.62111580e-01  4.43012446e-01
  -2.92497933e-01  1.38850760e+00  4.30840522e-01 -4.02682781e-01
  -8.48573819e-02  6.20893538e-01  1.31504938e-01 -5.36678135e-01]]