[[ 0.25975478  0.2952339   0.07655663 -0.2370683  -0.45100254 -0.70356613
  -0.5118132  -0.12125154 -0.12554616 -0.4926135  -0.3246997  -0.9013388
   0.80866426 -0.40169236 -0.5464456   0.19328749  0.0814797   0.7213863
  -0.07609402  0.23989022  1.0692756  -0.6146927  -0.59416544 -0.46450037
   0.4249866  -0.5047612   0.8889788   0.05942493 -0.24381958 -0.65404534
   0.38487282  1.3544523   0.04506438 -0.533725   -0.5269645   0.1570151
  -0.10904171  0.77673095 -0.87588084 -0.56646746 -0.3806438  -0.07688842
  -0.48288447  2.026357    1.2307985  -0.03485635 -0.36262587  0.3828144
   0.07882424  0.00481097  1.6143227   1.1454253  -0.03298613 -0.00485067
  -0.04648763 -0.13724802 -0.510398    1.4049478  -0.34332538  0.05611773
  -0.02026352 -0.3208791  -0.3093383  -0.41448423 -0.3531921   0.05219365
  -0.7602014  -0.5464201  -0.4254235  -0.2713173  -0.27360833 -0.7387918
  -0.49215388  0.9341892   0.40392518 -0.26336342 -0.5156523  -0.32332826
  -0.43427667 -0.35692078  0.21751624 -0.41521627 -0.35179645 -0.52167493
  -0.6352495  -0.74449545 -0.47495532  0.33092448  0.06161411  0.25613672
  -0.40030265 -0.1401161  -0.3983661   0.7727673  -0.0794581  -0.43498915
  -0.15909868  0.7667974  -0.48596418 -0.2598827 ]]