[[ 1.8673229   1.0105863  -0.27980006 -0.5575632  -0.6440156  -0.86962533
  -1.1964514  -0.6995535  -0.41613495  0.3493034  -0.5253955  -0.90911317
  -0.21040826 -0.21652521 -0.60712945 -0.01205935  0.17211989  1.8142458
  -0.36522472  1.3546513   1.6682292  -0.5437685  -0.61980283 -0.6768458
   0.56422347 -0.5970898  -0.41882807  0.4102141  -0.43694586 -0.5121136
   0.62039906 -0.5363473   0.23391005 -0.44407332 -0.23946798 -0.36885205
   0.9104234   0.12219421 -0.49059525 -0.67126673 -0.4948345  -0.53713435
  -0.28923258  0.47546944  1.4606583   2.3461397  -0.5676022  -0.31328544
  -0.595       0.14423096  2.124277    3.193445   -0.6379708  -0.5814659
  -0.74899375 -0.73165995 -0.99630827 -0.38441676 -0.4974805  -0.48761377
  -0.2001489  -0.3685171   0.7548698  -0.70409405 -0.4335875  -0.73731226
  -0.8738845  -0.69792616 -0.4723344  -0.7269701   0.62059194 -0.5561689
  -0.2834519   2.3416917   1.3413529   0.27375472  0.00417705  0.19339652
  -0.225282   -0.1449344   0.27452692 -0.3323495  -0.3065658  -0.84989256
  -0.66212064 -0.7275001  -0.50512534  1.6810628  -0.2546533   1.2464334
  -0.4973763   0.564994    0.4085428   3.0592983  -0.6452396  -0.24895562
   0.01813273  1.2091384   1.6290685  -0.5353627 ]]