[[ 1.792105    0.83752507  0.19862461 -0.26956275 -0.6887569  -0.9532016
  -0.88555884 -0.5929991  -0.2895396  -0.11036435 -0.50721955 -0.9524147
   0.43933284 -0.23729768 -0.60203457  0.61074924  0.23693433  0.9802252
  -0.3375108   1.2170469   1.3400352  -0.5710136  -0.6483037  -0.6935187
   0.57818514 -0.44131285 -0.34582484  0.18770964 -0.44149786 -0.5917816
   0.11099983 -0.54711264  0.26758537 -0.25620532 -0.2564105  -0.34497303
   0.29426     0.4046781  -0.7368445  -0.6767647  -0.4953805  -0.41169053
  -0.35563928  0.63424075  2.0408516   1.7977791  -0.3724413  -0.41749573
  -0.35896206  0.17600222  1.9623752   2.7991986   0.0051076  -0.36793005
  -0.582164   -0.70115125 -0.93725556 -0.04354306 -0.4204502   0.0223152
  -0.24960548 -0.38936678  0.46627316 -0.40856135 -0.47050166 -0.6069124
  -0.82099324 -0.4903012  -0.40477622 -0.75545675  0.31279787 -0.5951445
  -0.3671564   2.546425    1.2406323  -0.16933367 -0.1700088  -0.37985677
  -0.0909996  -0.0880217   0.6026436  -0.16718905 -0.39611378 -0.72269636
  -0.37183675 -0.73345405 -0.43962604  1.2002763   0.02143559  0.8322139
  -0.4542694   0.3926747  -0.04669184  1.9488728  -0.24749744 -0.2952874
  -0.04390144  1.2976915   0.8400739  -0.48084894]]