[[ 1.743059    0.5147101   0.22034425 -0.1120748  -0.6428187  -0.8341052
  -0.8164644  -0.5414349  -0.32601938 -0.07756475 -0.38256392 -0.9495315
   0.7412109  -0.2972039  -0.65298724 -0.05825787  0.2020917   1.3211381
  -0.19341387  0.7149342   1.2788748  -0.5818442  -0.6165178  -0.6240879
   0.48715436 -0.6173621  -0.11471936  0.17018554 -0.2491897  -0.6242879
   0.19248405  0.03568099  0.13470095 -0.42869085 -0.3714362  -0.31933868
   0.40014157  0.6202037  -0.75107175 -0.6015421  -0.45415297 -0.36441424
  -0.42339805  1.1501675   1.3901802   1.638599   -0.50163966 -0.23938808
  -0.39356372  0.00833409  2.6396966   2.072876    0.24677302  0.2282452
  -0.76670337 -0.75589657 -0.82267696  1.0030683  -0.4404563   0.5803018
  -0.25164104 -0.45157313  0.12119128 -0.2549145  -0.34979197 -0.5468728
  -0.8580284  -0.39549625 -0.45038998 -0.61599356 -0.0360024  -0.66707855
  -0.44211823  1.8389809   0.7998137   0.2434085  -0.3890863  -0.2505353
  -0.3210497  -0.327577    0.07306027 -0.40607393 -0.38900697 -0.7266647
  -0.44936213 -0.715234   -0.51255643  0.81323934 -0.32923028  0.86781204
  -0.4594846   0.20901005 -0.05438139  1.9030764  -0.33496344 -0.33996493
  -0.12232377  1.1708864   0.5842223  -0.47687235]]