[[ 0.63036793  0.7737908   0.8363336  -0.03138684 -0.6975127  -0.86149347
  -0.7417658  -0.36948398 -0.09821636 -0.34053546 -0.5346011  -0.99229217
   0.21726178 -0.26179507 -0.6256387   0.96735495 -0.58022666  0.18279669
  -0.39153612  1.1085447   2.3418205  -0.45180166 -0.73824215 -0.5953232
  -0.08096322 -0.44918525 -0.399554   -0.1104721  -0.4475973  -0.65335995
  -0.4883509  -0.70831305  0.13605061  0.20685475 -0.3570147  -0.37594515
   0.01608651  0.24911356 -0.8744388  -0.5597576  -0.52335477 -0.2721712
  -0.42395315  1.5378307   1.700987    0.49670845 -0.43114352 -0.381513
   0.13765866 -0.04823495  0.96693784  2.2228656   0.24556535 -0.17860822
  -0.6548298  -0.7972635  -0.9557688   0.04851441 -0.36002612  0.40126112
  -0.21016784 -0.3388467   0.09631126 -0.35306945 -0.49396983 -0.6008808
  -0.8531977  -0.37692177 -0.40379483 -0.6215436   0.5238166  -0.55906624
  -0.4201373   1.432089    1.0477664  -0.393088   -0.337214   -0.5788077
   0.00702436  0.0978592   0.53615755 -0.35112035 -0.5342109  -0.63070834
  -0.44470152 -0.76159954 -0.41667372  0.72261727  0.22184998  0.52038735
  -0.53338575  0.49434114 -0.13438632  0.62541413  0.25406498 -0.40113077
  -0.07087428  0.971192    0.04383443 -0.4482842 ]]