[[ 0.89725995  0.68249255  0.66835946 -0.13991696 -0.6608221  -0.87014025
  -0.7703285  -0.4532015  -0.15067062 -0.28972825 -0.41760752 -1.0602847
   0.49062797 -0.2996972  -0.67582965  0.92171246 -0.17840193  0.79858094
  -0.3387829   0.5750648   2.5222616  -0.51331335 -0.8562952  -0.56110746
   0.35710016 -0.68026286 -0.23283805  0.06712358 -0.34116796 -0.6459334
   0.04923454 -0.0291545   0.04193068 -0.02867564 -0.34729916 -0.4514436
   0.06122553  0.5960425  -0.8732397  -0.6805367  -0.51152974 -0.15933868
  -0.41348892  1.7920275   1.2186896   1.0031154  -0.4142578  -0.04708492
  -0.08979516 -0.16195458  1.8815185   1.4102535  -0.01914925 -0.05384362
  -0.3622039  -0.6255842  -0.86862415  0.2706226  -0.315476    0.28525266
  -0.10281292 -0.33551836  0.02403548 -0.441679   -0.4853848  -0.5883776
  -0.837751   -0.47225595 -0.44172692 -0.5879043   0.46422082 -0.68617916
  -0.4927583   1.1999782   0.9650324  -0.3826495  -0.55850834 -0.442396
  -0.26491636 -0.01574062  0.04995442 -0.3892746  -0.48945212 -0.734948
  -0.6475956  -0.8241738  -0.5076196   0.4595876  -0.12975958  0.32582155
  -0.62397563  0.33925965 -0.3605472   1.3339293   0.39269927 -0.39168075
  -0.0792083   0.7902739   0.10675275 -0.48782715]]