[[ 1.9428773   0.70947754  0.40968195 -0.00472875 -0.56007564 -0.6605279
  -0.7874378  -0.34212333 -0.12895444 -0.1694618  -0.4350328  -0.7854638
   0.30174798 -0.22735871 -0.45505315  0.33787972  0.12372741  0.51391745
  -0.09542637  1.3448576   0.24219167 -0.5027281  -0.36804104 -0.55636543
   0.6897901  -0.2928613  -0.39874667 -0.37940964 -0.2799976  -0.6100879
   0.1243578  -0.5504365   0.353661   -0.3014509  -0.3797234  -0.2855509
  -0.03568496  0.24557748 -0.77476096 -0.4955924  -0.42502394 -0.34322092
  -0.41951588  0.6349402   2.4547272   1.1392556  -0.33030418 -0.564478
  -0.30891716  0.03759855  1.0814683   2.9600375   0.42839792 -0.16860193
  -0.5374209  -0.5703767  -0.7234968   0.26982537 -0.32174456  0.46648234
  -0.2700057  -0.23298341  0.4857441  -0.07883258 -0.35445377 -0.4614115
  -0.7102839  -0.12963703 -0.40324935 -0.6850866  -0.40997025 -0.4725321
  -0.26997793  2.5126915   0.8833376  -0.49310702  0.15055385 -0.4124937
  -0.15326336 -0.2164321   0.9141212  -0.17371963 -0.39217368 -0.60329956
  -0.2655902  -0.68958205 -0.39976522  1.4622263  -0.06040951  1.3442824
  -0.27943987  0.4416892  -0.22169384  0.90683776 -0.25450835 -0.30609816
  -0.14136845  1.6784284   0.24262327 -0.32433206]]