[[ 1.0619946e+00  1.0755022e+00 -5.1768225e-02 -2.7658913e-01
  -5.6869513e-01 -8.5563129e-01 -1.1886047e+00 -7.0492899e-01
  -4.1723496e-01  8.0470897e-02 -5.7565922e-01 -9.9776173e-01
   1.3533603e-01 -2.6188216e-01 -7.6294345e-01  1.3102053e-02
  -3.2963100e-01  1.3045671e+00 -3.6983180e-01  9.0594959e-01
   2.0636125e+00 -5.7965446e-01 -6.4354908e-01 -7.1331060e-01
   4.1937244e-01 -7.5814193e-01 -2.8912240e-01 -1.7649445e-01
  -3.6612213e-01 -6.4215487e-01  5.8233804e-01 -2.1093665e-02
  -1.4141825e-01 -5.5393565e-01 -2.4114132e-01 -5.3397584e-01
   1.5618786e-01  1.7661053e-01 -7.9598796e-01 -8.0724019e-01
  -5.6821412e-01 -4.8366126e-01 -4.0182224e-01  9.0541959e-01
   1.5734415e+00  1.1131335e+00 -4.4554350e-01  7.7556416e-02
  -5.0833213e-01  1.9800153e-01  2.0662158e+00  2.2968583e+00
  -2.6937094e-01 -4.1510639e-01 -6.5245104e-01 -7.0069188e-01
  -8.4057307e-01  3.2375500e-02 -4.8651156e-01 -6.3826352e-02
  -5.7897814e-02 -4.1726279e-01  4.5508027e-01 -5.5522072e-01
  -4.8284048e-01 -6.3502455e-01 -7.8558165e-01 -6.7957431e-01
  -4.5780045e-01 -7.6066190e-01  2.4675003e-01 -7.2279143e-01
  -4.3034309e-01  1.3824291e+00  5.4070359e-01 -3.1573099e-01
  -1.0273646e-01 -4.0821262e-02 -1.8746898e-01 -4.1846298e-03
   5.2006239e-01 -2.9778022e-01 -3.3886430e-01 -7.5767392e-01
  -5.5091077e-01 -9.1615742e-01 -4.9825931e-01  1.0958456e+00
  -1.3877058e-01  1.0977049e+00 -5.7860750e-01  3.0413976e-01
  -3.1726196e-02  1.9743259e+00 -1.4717217e-01 -3.9275649e-01
  -1.2531893e-03  7.0767552e-01  7.4027240e-01 -5.6513780e-01]]