[[ 0.6694015   0.60047704  0.53570795 -0.26775113 -0.6423339  -0.9054962
  -0.8145379  -0.46271154 -0.12795746 -0.29218212 -0.44783998 -1.053269
   0.5265999  -0.2526002  -0.6063386   0.86094046 -0.4065065   0.6275705
  -0.3128312   0.6273886   2.457976   -0.4930332  -0.75544906 -0.6179124
   0.1056081  -0.5329265  -0.35889372 -0.02167414 -0.3645574  -0.68089646
  -0.3178823  -0.40026388  0.00728216 -0.11764723 -0.38805985 -0.430367
   0.13254346  0.4960066  -0.8865145  -0.68519825 -0.56795925  0.09709375
  -0.4007747   1.1411353   1.6487938   0.5657604  -0.21641281 -0.18542701
   0.11666993  0.0478377   1.4597203   1.6880016   0.02186093  0.1011268
  -0.19002922 -0.5740441  -0.7959875   0.13540821 -0.22682065  0.29976735
  -0.12437708 -0.3447622   0.02808832 -0.3689105  -0.4966043  -0.58320296
  -0.84772646 -0.56527215 -0.39466813 -0.64952147  0.64602077 -0.67058325
  -0.46684387  1.2783804   0.76119924 -0.4170132  -0.230686   -0.51470447
  -0.2424916  -0.0905742   0.3291714  -0.29523608 -0.4930837  -0.65506274
  -0.5885439  -0.78717226 -0.45186675  0.5857852   0.28662935  0.19283922
  -0.60466504  0.29918596 -0.33299658  0.95039785  0.27436417 -0.38665268
   0.07136382  0.61519593 -0.13904648 -0.392314  ]]