[[ 0.9642659   0.9432834   0.06456251 -0.25975093 -0.6140537  -0.9502101
  -0.9685506  -0.5137544  -0.07052394 -0.13303085 -0.48678052 -0.8870468
   0.02795371 -0.2225063  -0.3873871   0.22577854 -0.5753822   0.35900086
  -0.30556875  1.5607883   1.5497919  -0.5833505  -0.6199831  -0.73050445
   0.2537636  -0.40371004 -0.4560455   0.53123033 -0.42575976 -0.75199914
  -0.32389393 -0.56540436  0.192604   -0.4100596  -0.5007857  -0.43135348
   0.302733    0.3460519  -0.72018    -0.60773784 -0.5594447  -0.05082385
  -0.37900704  0.2895124   2.789295    0.42642286 -0.15535374 -0.19386168
  -0.06492186  0.1092722   0.77333957  3.024269    0.0099928  -0.38263592
   0.0886288  -0.41383287 -0.84685796 -0.01645187 -0.08803041  0.12299351
  -0.23158826 -0.21563478  0.32272983 -0.31824648 -0.4604977  -0.7633664
  -0.9054654  -0.47803578 -0.31432343 -0.70468116  0.59187645 -0.6233724
  -0.35230562  2.1371863   1.3589531   0.25591633 -0.14315823 -0.340193
  -0.15899311  0.02960566  0.79140437 -0.17526212 -0.36716402 -0.6236938
  -0.38444027 -0.7810409  -0.36684987  1.2889216   0.4483673   1.0436379
  -0.48386285  0.39954934  0.29238582  1.2369236  -0.03576181 -0.3499382
  -0.06945968  1.2080436   0.3724015  -0.3014445 ]]