[[ 1.4669951   0.50964457  0.5922508  -0.07885592 -0.64863557 -0.7655008
  -0.7654924  -0.36213732 -0.17181349 -0.25400183 -0.4980148  -0.89352196
   0.3834053  -0.23445135 -0.48047236  0.7315687  -0.11471996  0.7404467
  -0.19541763  1.2547272   0.94921076 -0.4882757  -0.40032852 -0.58521336
   0.42637193 -0.30028248 -0.37331802 -0.3054025  -0.32150847 -0.60973865
  -0.0438754  -0.64021266  0.23523764 -0.02332608 -0.45627916 -0.24775502
   0.24473423  0.08623742 -0.83484    -0.54817736 -0.47856173 -0.37902066
  -0.43703157  1.2787576   2.088621    1.0848081  -0.37909004 -0.57953984
  -0.3445029   0.2341773   1.0831351   2.7452314   0.3755476  -0.2415384
  -0.59969735 -0.6803282  -0.839772    0.08795159 -0.36009964  0.34098652
  -0.25247952 -0.31657234  0.32619673 -0.24137652 -0.43736836 -0.45575264
  -0.7650246  -0.36193064 -0.43360958 -0.711977   -0.0052681  -0.5493826
  -0.3545718   2.1182423   1.03605    -0.51561475  0.00566453 -0.46044666
  -0.24075858 -0.15566204  0.9244383  -0.24325277 -0.43555105 -0.6250928
  -0.43359694 -0.72179306 -0.44440442  1.210758   -0.10153714  1.1789465
  -0.33845085  0.49652195 -0.12294634  0.93428934 -0.11719475 -0.36591962
  -0.11809243  1.3799742   0.14710547 -0.4262651 ]]