[[ 0.75731254  0.85470474  0.5625721  -0.24315234 -0.67904633 -0.8929578
  -0.89282835 -0.45646235 -0.12473303 -0.2805779  -0.508569   -1.0744425
   0.32987595 -0.27257118 -0.6145709   0.80646914 -0.4405355   0.75717825
  -0.37805825  0.50347203  2.7244904  -0.51480335 -0.80831945 -0.55930936
   0.30946508 -0.6278879  -0.13789998  0.00395431 -0.3505677  -0.75453377
  -0.02793621 -0.0389252  -0.07096991 -0.06692559 -0.3614023  -0.39082283
   0.04015024  0.53624976 -0.92649215 -0.67067635 -0.52577364 -0.04304429
  -0.44095305  1.8009511   1.2510704   0.43482268 -0.28051937  0.07337503
  -0.05063002  0.02267004  1.4970584   1.2935565  -0.03833646 -0.01212688
  -0.32708332 -0.64199805 -0.81653214  0.38244766 -0.28937745  0.30309755
  -0.16293348 -0.36146575 -0.06385121 -0.48605967 -0.4620621  -0.619052
  -0.8629524  -0.535169   -0.4082662  -0.5973519   0.5184174  -0.7161445
  -0.48686162  1.0185022   0.79285157 -0.3422496  -0.5296941  -0.4354893
  -0.24465096 -0.01384224  0.16005614 -0.3302746  -0.49250877 -0.69797665
  -0.6543704  -0.88576317 -0.46422145  0.5501254   0.2108403   0.5169537
  -0.63762593  0.33276856 -0.25198883  1.0299082   0.42068815 -0.4145295
   0.00629209  0.67112064 -0.15305103 -0.4496922 ]]