[[ 0.64480203  1.1323785   0.5823203  -0.12917733 -0.71420944 -0.9555149
  -0.89833397 -0.43111137 -0.18176036 -0.3007006  -0.54309106 -1.0837173
   0.35580102 -0.25965658 -0.69655526  0.76754445 -0.56585807  0.32086843
  -0.32664993  0.90796936  3.0279653  -0.44209585 -0.8429973  -0.64376336
  -0.11437747 -0.6435578  -0.40588582  0.0164508  -0.3411559  -0.7115923
  -0.453733   -0.38987145  0.12049924  0.1033939  -0.14771979 -0.40315586
   0.08533635  0.37164858 -0.86696255 -0.5935504  -0.57931507 -0.14597613
  -0.3948106   1.598361    1.675195    0.42185175 -0.4737599  -0.16777822
   0.14041983 -0.11776826  1.4266821   2.1056685   0.02864537  0.10520847
  -0.72853065 -0.88296556 -1.0396918   0.10783595 -0.369768    0.33987045
  -0.22483519 -0.35805875 -0.01069399 -0.4237598  -0.5358396  -0.7001431
  -0.9649873  -0.4819231  -0.40300515 -0.62834555  0.8175587  -0.64158654
  -0.48270914  1.479836    1.2538838  -0.19599529 -0.42368096 -0.49358445
   0.11944354 -0.02914994  0.27291763 -0.45608118 -0.53110117 -0.65624577
  -0.4992456  -0.8119787  -0.44295448  0.7926161   0.20191789  0.32770103
  -0.6244533   0.53522265 -0.10145154  0.81440216  0.3875736  -0.40705448
   0.22870278  0.84013337 -0.08488155 -0.46969473]]