[[ 0.38703927  1.1233786   0.66599643 -0.28942326 -0.67593724 -0.94164985
  -0.9016011  -0.43097463 -0.12953639 -0.33485723 -0.49556586 -1.2004356
   0.2460027  -0.28682548 -0.71517736  1.0029024  -0.53964186  0.4634001
  -0.41841593  0.49121413  3.1511784  -0.5195566  -0.77860177 -0.57779574
   0.38073424 -0.78955746 -0.13924946  0.12936668 -0.4193221  -0.78281164
  -0.09475204  0.1759297  -0.07662003  0.03657384 -0.42436814 -0.50281936
  -0.16191883  0.56519014 -1.0178989  -0.71711004 -0.54542375  0.03667442
  -0.4056256   2.2550995   1.4098234   0.26582363 -0.39123973  0.28133544
   0.09199117 -0.16540366  1.4225205   1.490222   -0.20456664 -0.09220826
  -0.18147565 -0.60651267 -0.92103845  0.25063273 -0.2391787   0.22584075
   0.05541597 -0.3753233  -0.18761048 -0.44223008 -0.54500496 -0.6526301
  -0.9058985  -0.6386354  -0.41364393 -0.5921396   0.659824   -0.80062926
  -0.53811294  1.0587536   0.8846629  -0.43302253 -0.34166554 -0.52709
  -0.27658013  0.13328096  0.22414586 -0.42511162 -0.5251702  -0.6940497
  -0.70830184 -0.9118963  -0.47450176  0.4151246   0.23890184  0.00708905
  -0.7222194   0.4528284  -0.37839958  0.76771104  0.75260043 -0.4591598
  -0.02678286  0.5146703  -0.41399    -0.4786126 ]]