[[ 0.42786652  0.46033376 -0.23352103 -0.32737157 -0.593452   -0.86010486
  -0.67612875 -0.46614078 -0.17203957 -0.22191437 -0.45644143 -0.7234642
  -0.15672311 -0.2921445  -0.39558592 -0.14816207 -0.47088742  0.19242236
  -0.37010077  0.7278718   1.3980196  -0.6018303  -0.61828804 -0.5700865
  -0.08528467 -0.39941    -0.2224662   0.9934464  -0.4633501  -0.5984927
  -0.33020064 -0.517152    0.00199116 -0.45205384 -0.35684723 -0.37424436
   0.32990244  0.01231203 -0.3459296  -0.4897141  -0.4698615  -0.37638414
  -0.37739882  0.14408298  0.97078454  0.17587195 -0.46828356  0.16104352
  -0.14185889 -0.00542502  0.7615185   1.2994021  -0.31041247 -0.41673136
  -0.62278736 -0.6410707  -0.6829824   0.09282007 -0.32250622 -0.19543327
  -0.1253847  -0.30051157 -0.06083859 -0.5759754  -0.3647985  -0.6005837
  -0.747738   -0.52481294 -0.38678414 -0.4840345   0.74344003 -0.48473743
  -0.44039854  1.1426424   0.9389218   1.0525432  -0.32598555 -0.20318829
  -0.09060703  0.01431235  0.3188082  -0.3134996  -0.2311558  -0.4902183
  -0.3482911  -0.61533344 -0.40433624  0.50455934 -0.08614458  0.54540086
  -0.40195143  0.14591752  0.73195136  1.4453231  -0.27422908 -0.37760806
  -0.10974518  0.48921627  0.7643173  -0.34897605]]