[[ 0.21842963  0.7475729   0.20139034 -0.27378607 -0.40509325 -0.7456934
  -0.85932755 -0.29630616 -0.28161326  0.09026386 -0.35795134 -0.934409
   0.6513812  -0.29778522 -0.66381526  0.17118292 -0.25155264  1.768074
  -0.09388079  0.85988426  1.4127744  -0.5327337  -0.44839787 -0.5114309
   0.17994398 -0.45719266  0.11462468 -0.30937952 -0.18636148 -0.5963697
   0.00735424  0.3357163  -0.08107123 -0.2218026  -0.5446816  -0.10483181
   0.9360745   0.34102276 -0.8556025  -0.5949484  -0.41202337 -0.30331653
  -0.4527344   1.9295231   0.73445064  0.59973323 -0.47472477  0.3397496
  -0.1295889   0.4111931   1.4477617   2.0409248  -0.0194814  -0.06794196
  -0.80399823 -0.67312187 -0.5174429   0.52386683 -0.4482837   0.05033572
   0.01507451 -0.33229154 -0.18894564 -0.46579212 -0.41755712 -0.34319338
  -0.8407538  -0.6773101  -0.52843815 -0.57119274 -0.15589093 -0.6655373
  -0.47757193  0.84119016  0.5247066  -0.45940477  0.16493954 -0.39730132
  -0.47136322 -0.31891614  0.30184847 -0.5050899  -0.396531   -0.5961845
  -0.5308075  -0.6476265  -0.49444354  0.7118802   0.37488088  0.27530077
  -0.4368058   0.38656864 -0.18493599  0.35884985 -0.04613487 -0.40946913
   0.01029009  0.6853911  -0.39225328 -0.36969662]]