[[ 0.4310994   0.8576293   0.710617   -0.29705974 -0.67517996 -0.90156657
  -0.76946324 -0.37954563 -0.08569153 -0.38135996 -0.4917425  -1.1223975
   0.24166937 -0.29032165 -0.671894    1.11149    -0.41479504  0.37791267
  -0.42402753  0.42871034  2.8899267  -0.5013067  -0.79883385 -0.52637446
   0.268405   -0.6880952  -0.2091976   0.15432759 -0.43125877 -0.70215213
  -0.15931343 -0.07415625 -0.05699648  0.10560743 -0.43149796 -0.47480276
  -0.16559592  0.54440975 -0.92974573 -0.6748595  -0.5119539  -0.02189339
  -0.403088    2.0136595   1.1899868   0.40259287 -0.4215513   0.07354876
   0.10509431 -0.18461683  1.3338925   1.3098398  -0.2022277  -0.13425949
  -0.23492843 -0.5875924  -0.8761542   0.11616076 -0.27920818  0.16172354
   0.02745149 -0.3688676  -0.17138992 -0.46095997 -0.51607466 -0.57500523
  -0.85031754 -0.5889108  -0.42385876 -0.55518025  0.62279785 -0.72957116
  -0.51998484  1.0099202   0.8736473  -0.41331372 -0.4121167  -0.529239
  -0.29412037  0.07447905  0.19197203 -0.40587366 -0.5130628  -0.6746254
  -0.675061   -0.8423659  -0.4766223   0.3474272   0.14496335 -0.01158431
  -0.66731125  0.4043715  -0.34941036  0.8612941   0.6056583  -0.44058758
  -0.08877881  0.51979625 -0.27089003 -0.47790495]]