[[ 1.0409642   0.79274255  0.45056883 -0.18635063 -0.51899064 -0.6839871
  -0.82462096 -0.2932866  -0.13606593 -0.20722249 -0.5143965  -0.81766474
   0.38302    -0.18240786 -0.3196172   0.6828493  -0.41391492  0.7674925
  -0.11772596  1.5169916   0.84413266 -0.46750963 -0.22872555 -0.5466235
   0.30267176 -0.11393593 -0.35709098 -0.353688   -0.2143253  -0.61398244
  -0.17556569 -0.66937345  0.25407416  0.00598098 -0.48100483 -0.10987227
   0.6223301  -0.15869541 -0.79849815 -0.51865095 -0.45147616 -0.35936227
  -0.41136676  1.1142244   1.9258823   0.3986573  -0.35593066 -0.20581451
  -0.3410163   0.6494933   0.18142109  2.9319959   0.39943546 -0.35154277
  -0.54511774 -0.616879   -0.648199   -0.09820543 -0.32701764  0.19063698
  -0.153366   -0.23533289  0.35300243 -0.31624913 -0.41012722 -0.43349358
  -0.6964566  -0.3735443  -0.40893468 -0.6871856  -0.00896446 -0.469275
  -0.29759666  1.9645207   1.1379988  -0.59881735  0.4552587  -0.52057844
  -0.21142875 -0.111945    1.239965   -0.05243163 -0.41039318 -0.51971215
  -0.39249933 -0.6602121  -0.38247094  1.6218963   0.2163282   1.1540484
  -0.25847712  0.68832344  0.10829311  0.30507034  0.04458198 -0.3455721
   0.06395707  1.3281535  -0.11065201 -0.4008576 ]]