[[ 0.9367912   0.5597296   0.5440682   0.09111708 -0.68814343 -1.0961045
  -0.8791063  -0.5876094  -0.27107978 -0.23882337 -0.4962362  -1.0386057
   0.61324036 -0.33872056 -0.74754477  1.1361371  -0.5238103   0.92069036
  -0.39709258  0.5909005   3.1404285  -0.51132584 -0.8794799  -0.71553683
  -0.08415589 -0.6975619  -0.2755872  -0.12420619 -0.4151483  -0.7258767
  -0.44115746 -0.41470018  0.11986241 -0.14870971 -0.28943488 -0.44549665
   0.5405126   0.34364069 -0.99863    -0.54554564 -0.6663379   0.01992222
  -0.42648137  1.8799105   1.2898254   1.1413254  -0.345779   -0.07846002
   0.04618208  0.03094972  2.3672576   1.4550174  -0.06066987  0.02480241
  -0.3720317  -0.7011095  -1.0218123   0.7045268  -0.2815905   0.22034223
  -0.13761373  0.02359637 -0.04954711 -0.4594086  -0.5755755  -0.6813949
  -0.9779962  -0.69851124 -0.43329075 -0.6970981   0.9190358  -0.77435243
  -0.55594224  0.93887913  0.90624934 -0.30553335 -0.4503669  -0.55122274
  -0.30225742  0.042716    0.08147797 -0.30133867 -0.5519564  -0.69679755
  -0.71005416 -0.89289486 -0.4993301   0.31953913  0.35691896  0.4422026
  -0.7321849   0.28029042 -0.4732279   1.5228364   0.24427664 -0.4014126
   0.2479891   0.5923173  -0.24442121 -0.56625605]]