[[ 1.3092384   0.21893978  0.38759953 -0.3607818  -0.695577   -0.9712854
  -0.77300483 -0.46696317 -0.2811252  -0.21831428 -0.5370045  -1.0346627
   0.37001798 -0.28105733 -0.5486599   1.0744416  -0.25117168  0.7903034
  -0.39241838  0.64636743  2.132424   -0.49086836 -0.65748006 -0.6907087
   0.3009007  -0.46699253 -0.35759893  0.15220635 -0.42026356 -0.6369556
  -0.23332438 -0.6005633   0.29128942 -0.11120877 -0.45438623 -0.35679898
   0.33561665  0.05339791 -0.77925164 -0.6765131  -0.5750994   0.01552341
  -0.40849283  1.2870188   1.488965    1.1011374  -0.31831285 -0.16043408
  -0.11461742  0.19236898  1.5276452   1.7849545  -0.02672332  0.08853535
  -0.5800941  -0.7890484  -0.95783186 -0.00899494 -0.3145671   0.18847482
  -0.23723836 -0.4124833   0.19800508 -0.47632816 -0.5544595  -0.55756015
  -0.865746   -0.58595693 -0.43298653 -0.64549315  1.0945299  -0.6619819
  -0.4536265   1.588898    1.0149268  -0.11864711 -0.4137889  -0.47325045
  -0.3582018  -0.12407159  0.3129862  -0.24592152 -0.5236026  -0.66497976
  -0.65483564 -0.7808393  -0.44918784  0.6853399  -0.10173333  0.559462
  -0.5355146   0.3084528  -0.04409492  1.6586376  -0.0357464  -0.3750025
   0.09606944  0.8779508   0.41825354 -0.47407684]]