[[ 0.82437867  0.6208087   0.19640017 -0.12164405 -0.45128706 -0.65789956
  -0.7033181  -0.333222   -0.18292469 -0.2890972  -0.22255927 -0.91225755
   0.6057835  -0.29849237 -0.5491221  -0.19141373 -0.39571467  0.368958
  -0.05255237  0.8325543   1.2321198  -0.45936003 -0.49934113 -0.5841233
   0.02850959 -0.4087528  -0.31611088 -0.43471494 -0.11676187 -0.650868
  -0.24516363 -0.1340816   0.18390743 -0.4097885  -0.4713778  -0.37367618
  -0.08522528  0.4708106  -0.79029214 -0.5274509  -0.47834572 -0.00331989
  -0.44227782  0.478442    2.008511    0.19920273 -0.38367134 -0.05314399
   0.2809619  -0.0457301   1.2887319   2.084514    0.25492698  0.36777067
  -0.5868335  -0.6183719  -0.61918247  0.5171515  -0.3223606   0.55288273
  -0.17741627 -0.33272672 -0.00866428 -0.19532879 -0.37265685 -0.47951478
  -0.81474423 -0.3588085  -0.4029409  -0.56210095 -0.05922325 -0.5536517
  -0.41127524  1.5622916   0.4751956  -0.35013363 -0.16649128 -0.40898323
  -0.29605597 -0.36038807  0.45274138 -0.43096128 -0.45124698 -0.52826655
  -0.32174322 -0.68267447 -0.4013146   0.92402494  0.1844867   0.5007129
  -0.3870821   0.15796083 -0.2956315   0.2958127  -0.13007839 -0.34573296
  -0.06500524  0.89441127 -0.28805968 -0.28588057]]