[[ 0.93109447  0.25361952  0.47417802 -0.27970693 -0.7082566  -0.96566343
  -0.76171803 -0.3792473  -0.0825531  -0.32671666 -0.5297852  -1.0117604
   0.2246486  -0.28441668 -0.5327533   1.0367218  -0.1269063   0.5986225
  -0.31422758  0.7409688   1.7647842  -0.53004515 -0.40903252 -0.56607777
   0.39497766 -0.3487926  -0.43317148 -0.02464281 -0.39818442 -0.7034926
  -0.09712503 -0.6116799  -0.01516562 -0.01127085 -0.5200656  -0.36192557
   0.13597564  0.39130175 -0.9300505  -0.69637716 -0.5170562  -0.2104996
  -0.4699971   1.1120199   1.904365    0.84536964 -0.35561156 -0.5723763
  -0.15866795  0.22558087  1.2397234   1.9028953  -0.03475368 -0.38752353
  -0.02689176 -0.39417636 -0.8682777  -0.10283831 -0.28242356  0.00628177
   0.05602773 -0.27511245 -0.00696938 -0.05113563 -0.5088816  -0.5372485
  -0.88294363 -0.68825644 -0.40379146 -0.8120936   0.197869   -0.69350064
  -0.40586457  1.668762    0.71898127 -0.466967    0.07483543 -0.4652976
  -0.3463614  -0.12891161  0.99166733 -0.30855992 -0.48888096 -0.5813838
  -0.527063   -0.7990527  -0.49076626  1.0418897   0.3869706   0.6521402
  -0.3967009   0.22573963 -0.2721432   1.1596849   0.0962427  -0.45293286
  -0.09012438  0.6934005   0.05496937 -0.46313906]]