[[ 0.8306169   0.6109061   0.9238509   0.06404873 -0.7509166  -0.9367451
  -0.7763449  -0.3983905  -0.08376508 -0.3954381  -0.6279068  -1.0112315
   0.12960224 -0.26349103 -0.74513835  1.2242198  -0.6297015   0.14989938
  -0.44513622  0.9140659   2.5583405  -0.44563347 -0.73931026 -0.5851686
  -0.20772769 -0.5827095  -0.412392   -0.20971094 -0.47141448 -0.63114357
  -0.5011722  -0.75593144  0.06091204  0.36600524 -0.2786529  -0.4927409
   0.01798089  0.05117074 -0.9446242  -0.59657896 -0.58728063 -0.3819255
  -0.4723262   1.983216    1.7854449   0.6954143  -0.40988645 -0.4765552
  -0.17837785 -0.13877569  1.1423568   2.2556634   0.08313091 -0.21740656
  -0.7371253  -0.86819607 -0.94134396 -0.05609297 -0.37176406  0.28774983
  -0.18907681 -0.35987583  0.12423166 -0.34014747 -0.5537639  -0.5708654
  -0.8938942  -0.50741965 -0.47262037 -0.7353382   0.5336952  -0.6138475
  -0.5077268   1.6544619   1.3400472  -0.50599265 -0.28491837 -0.5372853
   0.09229048 -0.00974491  0.6777211  -0.4681578  -0.48902595 -0.6399393
  -0.4681757  -0.8315844  -0.5219508   0.87054473 -0.08879578  0.73133147
  -0.58064234  0.60574615 -0.27586645  0.7465045   0.3704062  -0.4807297
  -0.00481335  0.9105678  -0.0148749  -0.54081154]]