[[ 1.0629205e+00  7.4318802e-01  4.8334390e-01 -2.8238237e-02
  -6.2417948e-01 -8.3610559e-01 -8.4918910e-01 -4.2733517e-01
  -2.2219077e-01 -2.6189068e-01 -5.2984345e-01 -9.4492197e-01
   5.0563091e-01 -2.3379852e-01 -5.9158468e-01  7.4353963e-01
  -7.5043254e-02  8.4599108e-01 -2.2650865e-01  1.0346889e+00
   1.9105924e+00 -4.7316378e-01 -5.6757957e-01 -5.9912038e-01
   2.7082518e-01 -4.5871171e-01 -3.8905802e-01 -1.3544759e-01
  -2.8613311e-01 -5.9417844e-01 -8.0357499e-02 -4.5600200e-01
   2.0255789e-01  8.3327442e-02 -1.7756523e-01 -2.5971684e-01
   4.1622439e-01  2.0892578e-01 -8.3039516e-01 -5.9848201e-01
  -4.9612626e-01 -4.0604505e-01 -3.8410234e-01  1.2707978e+00
   1.6109676e+00  1.2012967e+00 -5.0811166e-01 -2.4069273e-01
  -3.4949926e-01  2.3552465e-01  1.6041864e+00  2.3623054e+00
   1.1772374e-01 -1.9873974e-01 -6.5500438e-01 -7.5754249e-01
  -8.4880692e-01 -6.3120469e-02 -4.0655896e-01  6.3731298e-02
  -1.3638739e-01 -3.6011013e-01  2.0058896e-01 -4.4283822e-01
  -4.9265414e-01 -5.1635724e-01 -8.4526056e-01 -5.0075978e-01
  -4.2258012e-01 -7.2150540e-01  2.5371999e-01 -5.6471592e-01
  -4.3308538e-01  1.8901563e+00  1.1370505e+00 -5.5118614e-01
  -1.3229344e-04 -4.8477158e-01  9.1854641e-03 -1.4282197e-01
   6.5362918e-01 -3.1687272e-01 -4.3082523e-01 -6.2460303e-01
  -4.3255833e-01 -7.2219729e-01 -4.9623945e-01  1.0600724e+00
  -1.3233580e-01  6.4541423e-01 -4.1862842e-01  5.5220997e-01
  -1.3064215e-01  1.1901746e+00  2.4625759e-01 -3.9057225e-01
   1.8452032e-01  1.0366116e+00  1.5849243e-01 -5.6010562e-01]]