[[ 0.4210084   1.052135    0.69593203 -0.25077918 -0.65614724 -0.87906754
  -0.8223547  -0.42527366 -0.16654146 -0.34876722 -0.44608983 -1.1312776
   0.36762992 -0.28442365 -0.71981275  0.9327198  -0.42083383  0.52293324
  -0.37976176  0.48783204  2.715924   -0.5224861  -0.69643396 -0.5364036
   0.37667716 -0.7323069  -0.06751756  0.07616227 -0.40575653 -0.7108847
  -0.01440607  0.15598077 -0.10150543  0.05411454 -0.40767944 -0.4560677
  -0.13549912  0.4292839  -0.9559162  -0.66752344 -0.49716273 -0.1695153
  -0.4005941   2.2363315   1.1997659   0.35958707 -0.4498571   0.23351718
  -0.05406515 -0.13152574  1.3770188   1.4787732  -0.12193469 -0.1793702
  -0.3891829  -0.65657395 -0.83788425  0.2594784  -0.32805037  0.19329193
   0.04932601 -0.38869885 -0.16949782 -0.43225145 -0.5001947  -0.53323406
  -0.8201636  -0.6091279  -0.44605434 -0.5808685   0.42067286 -0.7488871
  -0.52891344  1.1225464   0.8300229  -0.42587036 -0.26291388 -0.49804816
  -0.26790902  0.11880362  0.3514325  -0.44012114 -0.46146712 -0.66345626
  -0.6640698  -0.850835   -0.48338813  0.43984017  0.07600453  0.04713084
  -0.6541002   0.4555739  -0.32963285  0.70165586  0.6401361  -0.4591255
  -0.0847785   0.556819   -0.31828675 -0.49810326]]