[[ 0.818267    0.4712204   1.1194547  -0.10669866 -0.7626248  -0.903566
  -0.6908846  -0.31278214 -0.10478737 -0.34711522 -0.552974   -0.9613309
   0.2842611  -0.22113608 -0.5249307   1.5670351  -0.58809215  0.33815035
  -0.34422725  1.2487172   2.1974604  -0.4221554  -0.64338374 -0.5712169
  -0.0156527  -0.43158323 -0.38211602  0.03783298 -0.39375603 -0.60918534
  -0.44743094 -0.755494    0.18807133  0.48838276 -0.5601635  -0.299294
   0.14012037 -0.15451506 -0.87282753 -0.48955035 -0.52799165 -0.32916695
  -0.39146692  2.2985687   1.9671861   0.44957057 -0.43646163 -0.5006397
  -0.28172475  0.10352082  0.45112854  2.5721822   0.3115277  -0.22630106
  -0.658935   -0.8201233  -1.0808018  -0.04612454 -0.33702147  0.40353313
  -0.23927379 -0.30449408  0.20279488 -0.32896823 -0.5024455  -0.55892617
  -0.83836347 -0.39916143 -0.43197206 -0.619916    0.821074   -0.5945691
  -0.411417    1.7011842   1.4871805  -0.25743434 -0.20193759 -0.5432512
  -0.26951453  0.07723816  0.79192764 -0.32815963 -0.5403178  -0.6549233
  -0.6511739  -0.7449     -0.4228097   1.108852   -0.21088564  0.86286503
  -0.52521694  0.7660411   0.05397974  0.7746854   0.25004873 -0.44189453
  -0.13061374  1.3061472  -0.05894297 -0.5043698 ]]