[[ 1.3359876e+00  5.9126920e-01  6.6974473e-01 -1.2076842e-01
  -6.6753078e-01 -8.0210876e-01 -8.3459890e-01 -5.0625056e-01
  -3.0272225e-01 -2.2969615e-01 -4.4392243e-01 -9.5836532e-01
   6.3080096e-01 -2.6494032e-01 -6.1432058e-01  6.8023086e-01
   5.2907124e-02  8.2463086e-01 -2.6045185e-01  6.5347940e-01
   2.3038783e+00 -4.6747506e-01 -7.2578746e-01 -5.8506131e-01
   2.8593427e-01 -6.2420696e-01 -4.0518126e-01  4.7074728e-02
  -2.5798681e-01 -5.3784752e-01  1.7994170e-01 -2.8798148e-01
   4.3273836e-02 -7.2746351e-03 -1.2395579e-01 -3.5813439e-01
   1.5400443e-03  3.0077010e-01 -7.4623907e-01 -6.3938493e-01
  -5.0126195e-01 -3.6151940e-01 -3.6049369e-01  1.3271850e+00
   1.4400237e+00  1.2889709e+00 -5.5682790e-01 -4.3181941e-01
  -4.4683710e-01 -7.4608475e-02  1.9256048e+00  1.8130313e+00
   1.4253148e-01  3.7879720e-02 -6.2649786e-01 -7.4226391e-01
  -9.7862470e-01  1.8423732e-01 -4.0427649e-01  3.1677204e-01
  -2.4677317e-01 -4.2967317e-01  2.7029800e-01 -3.4696478e-01
  -4.4406986e-01 -5.4331893e-01 -7.8686327e-01 -3.5299659e-01
  -4.2766476e-01 -6.3283253e-01  4.5985696e-01 -5.6286258e-01
  -3.9407289e-01  1.6605276e+00  1.0889949e+00 -2.7763847e-01
  -3.7773556e-01 -2.7394980e-01 -6.1221585e-02 -1.7494258e-01
   2.7798516e-01 -3.7506270e-01 -4.7560862e-01 -7.4204236e-01
  -5.9629166e-01 -7.3172432e-01 -4.9919191e-01  9.7341901e-01
  -4.9469358e-01  6.1547709e-01 -5.0747460e-01  4.0168089e-01
  -1.4981812e-01  1.7896949e+00  9.9749781e-02 -3.4086013e-01
   7.8109674e-02  9.7521436e-01  6.1943984e-01 -5.9083533e-01]]