[[ 1.4300718   0.7546994   0.52739066 -0.21989202 -0.66535807 -0.82732064
  -0.9616481  -0.46702337 -0.2656069  -0.13113694 -0.5053612  -0.92378294
   0.05492696 -0.23055181 -0.6452551   0.63716257 -0.18634138  0.6972724
  -0.3455314   1.3941369   1.8579513  -0.4813522  -0.69028074 -0.6582242
   0.21170495 -0.62267303 -0.4436605   0.16125488 -0.3780076  -0.5360484
   0.15519643 -0.6175696   0.17918378 -0.06923385 -0.3574717  -0.44617066
   0.05074092  0.12916747 -0.71195734 -0.6202428  -0.5202897  -0.39511123
  -0.33961478  1.2045248   2.1156492   1.3269795  -0.4853524  -0.46254268
  -0.43437698 -0.06362326  1.6193016   3.0056224  -0.01803888 -0.2765382
  -0.6586336  -0.7442768  -1.0358123  -0.07744775 -0.44386914  0.22739041
  -0.25662106 -0.35352013  0.6049168  -0.42322198 -0.45341855 -0.6253495
  -0.8448967  -0.46692875 -0.44348907 -0.6579106   0.58055013 -0.60633165
  -0.34214512  1.9623992   1.1866939  -0.01146723 -0.13430208 -0.14808711
  -0.22987823 -0.01661951  0.50253576 -0.3391373  -0.42535603 -0.7945622
  -0.5848598  -0.7763011  -0.4485403   1.4007722  -0.26032606  1.121346
  -0.5431197   0.6074792   0.17509286  1.9915602  -0.2057051  -0.35792
  -0.15529254  1.2211012   0.8648848  -0.50718504]]