[[ 1.4678955e+00  9.3275815e-01  1.9024414e-01 -1.0556774e-01
  -6.5182745e-01 -8.6671847e-01 -9.6345896e-01 -4.4839609e-01
  -1.4997047e-01  7.7788450e-02 -5.3858882e-01 -9.2570341e-01
   1.8923557e-01 -2.4542345e-01 -6.3535005e-01  3.9652959e-02
  -1.9657397e-01  1.5144218e+00 -2.8203702e-01  1.1039349e+00
   1.0360432e+00 -5.7920861e-01 -4.8491451e-01 -5.5876780e-01
   3.8904065e-01 -4.1552266e-01 -3.8481679e-02 -4.1165581e-01
  -3.8023636e-01 -7.7878761e-01  8.2210861e-03 -3.2825175e-01
  -2.1054456e-03 -4.0634307e-01 -4.4852000e-01 -2.6319706e-01
   6.3429415e-01  6.4218497e-01 -9.0485454e-01 -5.7777327e-01
  -4.3973851e-01 -3.0556500e-01 -5.2886879e-01  1.3520899e+00
   1.4454994e+00  1.0858225e+00 -1.5852377e-01 -3.0263686e-01
  -1.3539352e-01  2.7614236e-01  1.9078161e+00  2.2556272e+00
   1.9371642e-01 -1.2391582e-01 -8.2467335e-01 -8.0231571e-01
  -6.5929550e-01  7.7060795e-01 -4.2227021e-01  4.6810374e-01
  -2.5232619e-01 -3.1656328e-01  8.7789819e-02 -3.3261767e-01
  -3.4754193e-01 -6.0402465e-01 -8.6799383e-01 -5.1850659e-01
  -4.5045662e-01 -6.9899803e-01 -4.1685659e-01 -6.9249529e-01
  -4.2883486e-01  1.6201051e+00  5.5520147e-01 -2.3102127e-01
  -2.2881144e-01 -3.7215960e-01 -3.2366821e-01 -2.6844698e-01
   3.2598400e-01 -3.2393932e-01 -3.7650773e-01 -6.8172860e-01
  -3.5209382e-01 -8.3079386e-01 -4.6112230e-01  8.6003530e-01
   6.7990625e-01  1.3247974e+00 -4.7840342e-01  2.4512617e-01
  -2.0947839e-01  8.0558759e-01 -3.5583389e-01 -3.6532566e-01
  -1.6045769e-01  1.1721550e+00 -4.5516953e-02 -2.9935575e-01]]