[[ 0.704047    0.5286256   0.5090054  -0.30101955 -0.6376856  -0.8860795
  -0.75611556 -0.47344565 -0.15243283 -0.29046994 -0.39952224 -1.0495917
   0.60936487 -0.2634526  -0.5573704   0.86160594 -0.27503407  0.70623165
  -0.30736938  0.5143596   2.4094841  -0.5023444  -0.74425966 -0.6044946
   0.21105364 -0.4887943  -0.32080978  0.04373583 -0.35100314 -0.6606504
  -0.2383461  -0.3685763  -0.01721643 -0.1306916  -0.3615115  -0.3793031
   0.15957086  0.5082752  -0.85932124 -0.69644916 -0.54497397  0.07788188
  -0.3967246   1.1348954   1.4076557   0.6909882  -0.27674186 -0.17744902
   0.11371382  0.11877616  1.560876    1.4359499   0.04097899  0.06542592
  -0.16857563 -0.55437905 -0.815185    0.14513673 -0.22782613  0.2419125
  -0.1454003  -0.3617736  -0.00497434 -0.4189863  -0.4834355  -0.5411328
  -0.8165826  -0.55489784 -0.3931455  -0.6263959   0.633501   -0.6603676
  -0.45950186  1.1559047   0.7030462  -0.39073944 -0.28903517 -0.5189017
  -0.24472576 -0.10900373  0.30408996 -0.2555906  -0.48659435 -0.65089464
  -0.5855076  -0.7707629  -0.45789087  0.49324238  0.20438884  0.11219663
  -0.569589    0.23959905 -0.3004383   1.0841049   0.24926452 -0.37157312
   0.08326915  0.55624944 -0.06889486 -0.4262979 ]]