[[ 0.869729    0.62180763  0.7885514  -0.26705965 -0.6967028  -0.85449874
  -0.74164385 -0.40501794 -0.13044836 -0.3302212  -0.46904466 -1.061473
   0.3206196  -0.28870592 -0.66814804  1.1217649  -0.1045372   0.6027948
  -0.41521522  0.45291245  2.7618134  -0.47597384 -0.9077216  -0.51852924
   0.2757783  -0.66943926 -0.31711304  0.15037227 -0.39119175 -0.5861872
   0.00915601 -0.28013963 -0.02381434  0.17213488 -0.30112508 -0.4403504
  -0.14061569  0.54871434 -0.8351221  -0.6759511  -0.4894944  -0.15723798
  -0.3871233   1.8292946   1.0871443   1.0448261  -0.47039416 -0.2544922
  -0.08515622 -0.1820878   1.7713873   1.3295504  -0.13236657 -0.12090173
  -0.43237287 -0.67465985 -0.94884324  0.05588889 -0.3243872   0.18288651
  -0.1280715  -0.43477952  0.02960019 -0.5097889  -0.48239082 -0.56597364
  -0.82730836 -0.48313677 -0.4354779  -0.56134653  0.62118846 -0.66217065
  -0.46945792  1.0962137   0.9263237  -0.39013943 -0.57272    -0.42196706
  -0.24076927 -0.05876487 -0.00880556 -0.38129807 -0.5238983  -0.7572948
  -0.6837076  -0.79517233 -0.5000722   0.47948906 -0.1770877   0.1965188
  -0.6288726   0.38353065 -0.30453938  1.5032724   0.34707874 -0.38365808
  -0.08344159  0.6416203   0.22273552 -0.5257911 ]]