[[ 0.71212316  0.47712293  0.694073   -0.12819211 -0.5888891  -0.73240083
  -0.7733711  -0.414961   -0.22743918 -0.32572982 -0.45887968 -0.9114748
   0.5384961  -0.2675215  -0.5909421   0.8509127  -0.21853407  0.66805714
  -0.27288145  0.43155566  2.4241245  -0.43939498 -0.6509687  -0.4901121
   0.02276476 -0.53915495 -0.39522666 -0.08171628 -0.24175167 -0.5043453
  -0.04239428 -0.3750207  -0.0844505   0.11152895 -0.10634508 -0.33364475
   0.05488443  0.12211208 -0.7411171  -0.6279042  -0.49369088 -0.32155806
  -0.39740378  1.4789933   0.8685812   0.6473328  -0.5221117  -0.24925716
  -0.40307638  0.01059781  1.2490858   1.3315612   0.04662124 -0.04412222
  -0.60708374 -0.70412815 -0.753445    0.01724747 -0.37675798  0.1727182
  -0.15401623 -0.40005195  0.08013975 -0.4244476  -0.44520798 -0.43911982
  -0.71411157 -0.423463   -0.44925833 -0.61520076  0.433927   -0.47453615
  -0.42041007  1.0151213   0.89711964 -0.44638148 -0.24849336 -0.37311944
   0.05209604 -0.13673753  0.31498817 -0.3734493  -0.44574094 -0.64356196
  -0.49482042 -0.6914479  -0.49893212  0.72813535 -0.3639164   0.4277452
  -0.4781124   0.4093254  -0.19670232  1.1691257   0.24546136 -0.38947025
   0.1162801   0.62105495  0.25126573 -0.5438876 ]]