[[ 1.1915857   0.87745285 -0.00592797 -0.19337595 -0.68570465 -1.0511618
  -0.95368755 -0.6089316  -0.06376287 -0.14403267 -0.4950255  -0.9238916
  -0.06107076 -0.25562313 -0.54181886  0.25780505 -0.56911445  0.61723965
  -0.43378735  1.292212    1.879345   -0.6514022  -0.7359381  -0.71716225
   0.17305161 -0.60931623 -0.22726503  0.45673096 -0.46452487 -0.84750724
  -0.3083896  -0.20700374  0.18951441 -0.4498995  -0.5069302  -0.5055903
   0.16555698  0.50539297 -0.8098616  -0.5612984  -0.588805   -0.14622992
  -0.43673477  0.51254237  2.3657806   0.42658946 -0.05601263 -0.12541762
  -0.17021903 -0.01810593  1.3555444   2.5658307  -0.17495194 -0.25403187
   0.00398764 -0.39083448 -0.83862084  0.8109314  -0.12527105  0.22411312
  -0.16168085 -0.16776851  0.1896411  -0.3670485  -0.43009585 -0.8357342
  -1.0073102  -0.54518616 -0.3235686  -0.63783586  0.42143208 -0.7217353
  -0.42698804  2.0787508   1.2404506   0.70564747 -0.32150048 -0.2074592
  -0.24657676 -0.00618941  0.5113439  -0.27993634 -0.33735672 -0.5830803
  -0.5137851  -0.8772391  -0.41885304  1.1040045   0.24127093  1.2687926
  -0.5964548   0.30635756  0.09773383  1.4332454  -0.00690778 -0.38536745
  -0.15410045  1.1997287   0.21752393 -0.42562434]]