[[ 0.41400474  1.0095909   0.07236899 -0.34254032 -0.55543375 -0.9352969
  -0.85919315 -0.7035085  -0.34536275  0.04342158 -0.46389803 -0.9536152
   1.2996162  -0.22415318 -0.3736778   0.84203994 -0.43107203  0.84696233
  -0.22813368  0.97555685  1.4831214  -0.5688059  -0.4815917  -0.69827545
   0.10261981 -0.26877496 -0.39610812 -0.3874327  -0.2939507  -0.65368575
  -0.2598945  -0.4098368  -0.1405707  -0.5298933  -0.41174662 -0.2525263
   0.38820073  0.15096456 -0.8194618  -0.7329768  -0.5689137  -0.33624545
  -0.3715221   0.07803155  1.6128805   0.08002581 -0.24140307 -0.39545634
  -0.18755181  0.88394535  0.6371693   2.0889087   0.322729   -0.3675115
  -0.19977576 -0.53202236 -0.93415     0.03421872 -0.33290336  0.01230072
  -0.28473133 -0.29870003  0.16938941 -0.21961787 -0.4788792  -0.49072915
  -0.5474976  -0.42224935 -0.31206748 -0.77686447  0.29145223 -0.62885946
  -0.34054303  1.2721901   0.8356671  -0.53610665 -0.05441323 -0.579108
  -0.2581895  -0.21087946  0.693676    0.24769953 -0.4198219  -0.5465902
  -0.35476714 -0.7305943  -0.33931014  0.9625733   0.54563427  0.3075816
  -0.43848228  0.13830829 -0.2358794   0.7318833  -0.17254734 -0.34086496
   0.3027512   0.76463336 -0.27506906 -0.46612072]]