[[ 1.1933503e+00  8.4299582e-01  5.3146642e-01 -9.9916048e-02
  -6.6107190e-01 -7.9998451e-01 -8.8707733e-01 -5.2649093e-01
  -3.0301720e-01 -2.2727215e-01 -4.8251656e-01 -9.2964649e-01
   6.2143791e-01 -2.4739815e-01 -6.0695267e-01  5.4095954e-01
  -1.8550474e-03  7.9133135e-01 -2.5078365e-01  7.1723145e-01
   2.2357433e+00 -4.7703701e-01 -6.7583627e-01 -5.8793139e-01
   2.5609213e-01 -6.1820710e-01 -4.0089601e-01 -2.8342415e-02
  -2.8094932e-01 -5.4705781e-01  1.2201781e-01 -3.1186482e-01
   5.2646254e-03 -5.9030145e-02  2.0457858e-02 -3.3896589e-01
   7.6377936e-02  1.9876063e-01 -7.4581593e-01 -6.2449336e-01
  -4.9675831e-01 -3.9318714e-01 -3.6062384e-01  1.1773899e+00
   1.4199535e+00  1.1520141e+00 -5.4689902e-01 -4.4823962e-01
  -4.9367446e-01 -2.1159943e-02  1.8020916e+00  1.9060596e+00
   1.2034708e-01 -2.8456556e-02 -6.1648804e-01 -7.2800815e-01
  -9.3098366e-01  1.0996573e-01 -3.9690334e-01  2.0930709e-01
  -2.5491992e-01 -4.1311866e-01  2.4411017e-01 -3.6257377e-01
  -4.4421300e-01 -4.9503538e-01 -7.5513792e-01 -3.8385388e-01
  -4.2101976e-01 -6.5353727e-01  3.3210176e-01 -5.3658247e-01
  -3.9601937e-01  1.7121086e+00  1.1375482e+00 -3.5994044e-01
  -3.2086766e-01 -2.9027635e-01  1.3565472e-01 -1.6102894e-01
   4.1173333e-01 -3.6711183e-01 -4.0826428e-01 -6.9219875e-01
  -5.1928991e-01 -7.2142583e-01 -5.0029206e-01  9.9924141e-01
  -4.4290069e-01  5.8641696e-01 -4.7342703e-01  4.1318172e-01
  -1.4421546e-01  1.5318421e+00  1.6859785e-01 -3.5016507e-01
   2.1517479e-01  9.3962151e-01  4.9372739e-01 -5.8994067e-01]]