[[ 0.7500401   0.7128725   0.77193236 -0.23797297 -0.735127   -0.8976888
  -0.73590934 -0.30239493 -0.07476752 -0.29756925 -0.54534256 -0.98384356
   0.21762381 -0.21613072 -0.485829    1.2794113  -0.5707529   0.47899425
  -0.2835108   1.3473452   2.0893826  -0.44556478 -0.59767205 -0.56823176
   0.02362621 -0.32113108 -0.37557337 -0.05848278 -0.3435279  -0.6640292
  -0.40304652 -0.7235175   0.19606744  0.33969104 -0.5409969  -0.24762636
   0.25660476  0.13084696 -0.86760557 -0.5195841  -0.5153113  -0.3166274
  -0.40433514  1.8664877   1.9352937   0.41422772 -0.4057515  -0.46646997
  -0.02674852  0.27591223  0.5630535   2.638369    0.15794912 -0.36090386
  -0.6548902  -0.79403514 -1.0039428  -0.17729214 -0.36050308  0.17162812
  -0.20628363 -0.2933845   0.18712123 -0.46542108 -0.4924479  -0.57624024
  -0.8435156  -0.48490772 -0.41357368 -0.63244396  0.6362196  -0.61648715
  -0.39790514  1.7328938   1.3179927  -0.327645   -0.10838486 -0.5388769
  -0.25216126  0.05463468  0.8952462  -0.25156704 -0.50357276 -0.6217186
  -0.5619978  -0.7693343  -0.3999664   1.1660739   0.20036572  0.8536491
  -0.48763284  0.6853916   0.07954488  0.648242    0.12108909 -0.4045341
  -0.11000159  1.1920652  -0.10471488 -0.42628258]]