[[ 0.7908463   0.9924152   1.0874727  -0.0462787  -0.7963571  -0.9575051
  -0.82843244 -0.3545933  -0.07515804 -0.38102248 -0.6171165  -1.0770177
   0.07683727 -0.2442519  -0.71098363  1.52892    -0.6570408   0.02007132
  -0.43518522  1.0247878   2.918676   -0.40558547 -0.81274486 -0.55277956
  -0.15045854 -0.62367815 -0.403498   -0.15351224 -0.454846   -0.68994313
  -0.5405969  -0.7254636   0.16623956  0.46735755 -0.25036347 -0.41706085
  -0.07816124  0.14270557 -0.9308982  -0.5583159  -0.56807894 -0.31213105
  -0.43518987  2.4010575   1.7198595   0.39204144 -0.42484224 -0.46520567
  -0.05485666 -0.19780341  0.7355376   2.3237152   0.11571973 -0.23074102
  -0.7276463  -0.9028808  -1.1130261  -0.01983826 -0.35674065  0.4204577
  -0.23036768 -0.33040294  0.13213389 -0.36781546 -0.55860317 -0.69142485
  -0.91922605 -0.43182325 -0.4269204  -0.6749791   0.70720744 -0.6119911
  -0.44586372  1.5525485   1.4527103  -0.43387517 -0.36632192 -0.60501134
   0.07326259  0.08251545  0.34287107 -0.4233476  -0.58119893 -0.69284487
  -0.5624968  -0.8474922  -0.45419735  0.8552055   0.11464173  0.720345
  -0.64460063  0.737838   -0.274122    0.5919851   0.48448232 -0.45874262
   0.06084891  1.1123296  -0.21116832 -0.49484855]]