[[ 4.30929720e-01  4.66796607e-01 -2.25140810e-01 -3.31117958e-01
  -5.86360931e-01 -8.65010381e-01 -6.84412599e-01 -4.75108027e-01
  -1.69839308e-01 -2.17432514e-01 -4.59323972e-01 -7.23796785e-01
  -1.01701058e-01 -2.88628787e-01 -3.85028005e-01 -1.56744316e-01
  -4.76656437e-01  1.92994848e-01 -3.68347377e-01  7.37880111e-01
   1.36825156e+00 -5.98768294e-01 -6.22083783e-01 -5.69928169e-01
  -7.42001012e-02 -3.95297080e-01 -2.04511508e-01  1.00501525e+00
  -4.67083395e-01 -6.04716837e-01 -3.29471380e-01 -5.18067360e-01
  -2.69282795e-02 -4.47706878e-01 -3.66195649e-01 -3.66456509e-01
   3.41601849e-01  9.03309416e-03 -3.56708467e-01 -4.86909389e-01
  -4.64456171e-01 -3.65966916e-01 -3.70113373e-01  1.55717820e-01
   9.77168083e-01  1.68409407e-01 -4.55731153e-01  1.49816513e-01
  -1.43017814e-01 -7.41257216e-04  7.78176308e-01  1.30700922e+00
  -2.89090812e-01 -4.00159746e-01 -6.16087794e-01 -6.51709378e-01
  -6.44585788e-01  1.06912315e-01 -3.19261521e-01 -1.84463337e-01
  -1.79657578e-01 -3.02403361e-01 -6.20594397e-02 -5.70419431e-01
  -3.42231005e-01 -5.49679697e-01 -7.33936846e-01 -5.30843377e-01
  -3.81794155e-01 -4.71313506e-01  7.35834479e-01 -4.95480806e-01
  -4.45422471e-01  1.09297705e+00  9.10968065e-01  1.05077529e+00
  -3.38825107e-01 -1.89654171e-01 -9.17435139e-02  2.39058863e-02
   3.75292152e-01 -3.12753797e-01 -2.06739485e-01 -4.86204118e-01
  -3.42664331e-01 -6.16820514e-01 -4.01081741e-01  5.05046964e-01
  -6.99322671e-02  5.52811444e-01 -4.05301809e-01  1.47008747e-01
   7.51772702e-01  1.42717576e+00 -2.75606841e-01 -3.86215985e-01
  -1.11886419e-01  5.07162333e-01  7.54010379e-01 -3.48043531e-01]]