[[ 0.7519482   1.1037481  -0.02821143 -0.17623435 -0.48110464 -0.68415767
  -0.7130439  -0.32131213 -0.04473881 -0.16679014 -0.43879503 -0.7945148
   0.20069832 -0.22556652 -0.37143686 -0.17880087 -0.4127849   0.36693135
  -0.12949039  1.4052696   0.70900273 -0.49844533 -0.36904088 -0.55028206
   0.07885005 -0.10539263 -0.4037887  -0.4531246  -0.27273175 -0.683247
  -0.22986753 -0.55058587  0.23107243 -0.346072   -0.44755834 -0.2263991
   0.19362941  0.438867   -0.7479126  -0.47796696 -0.41576496 -0.2687374
  -0.41421115 -0.07522998  2.1632137   0.15831752 -0.3632034  -0.3286185
   0.39549822  0.32985583  0.61821574  2.703312    0.17733416 -0.31177104
  -0.53942454 -0.5457987  -0.6303989   0.0112436  -0.34214187  0.0675137
  -0.16106832 -0.23939058  0.15344399 -0.2914632  -0.35498497 -0.49710593
  -0.7274708  -0.35284716 -0.34752378 -0.58777565 -0.350462   -0.4840945
  -0.32998013  1.9579446   0.7163053  -0.449589    0.10381326 -0.42371562
  -0.15443924 -0.25851032  0.9613139  -0.16503766 -0.36462826 -0.46976253
  -0.18277882 -0.65420115 -0.351506    1.3186369   0.6069581   0.7767884
  -0.27335572  0.30508485 -0.02120565  0.03524855 -0.22708665 -0.31129178
  -0.08333959  1.0413657  -0.18936716 -0.23703206]]