[[ 0.7976069   1.1436023   0.33660033 -0.20722432 -0.58376926 -1.0328281
  -0.8983125  -0.6377092  -0.04804003 -0.01511495 -0.48001856 -0.996793
   0.8079599  -0.24562117 -0.51987547  0.9863307  -0.57836103  0.431303
  -0.38425493  1.188031    2.0274463  -0.6006215  -0.739847   -0.76553965
   0.08878715 -0.5062277  -0.4898444  -0.08817452 -0.40563604 -0.7408237
  -0.38951454 -0.45723647  0.09222473 -0.5097137  -0.46045312 -0.51649565
   0.12386243  0.5464129  -0.9286327  -0.7625957  -0.5876911   0.03856852
  -0.41089478  0.32877696  2.5657668   0.2745281  -0.10663998 -0.29025862
   0.08100529  0.2998162   0.90679693  2.647094    0.26456058 -0.23397277
   0.46189326 -0.16046071 -0.91657186  0.2852009  -0.15524714  0.4430126
  -0.22269815 -0.21358088  0.21038379 -0.12475841 -0.5264122  -0.7175543
  -0.83580315 -0.3868235  -0.2975425  -0.7434161   0.38838214 -0.69958454
  -0.3602777   1.6273099   1.1306716  -0.42818224 -0.3856953  -0.554679
  -0.23438884 -0.09938544  0.34406474  0.06074811 -0.4940056  -0.70326126
  -0.4137231  -0.848696   -0.38341475  1.0750284   0.525341    0.77134454
  -0.6126721   0.14214022 -0.45813647  1.073145    0.1649469  -0.35138223
   0.15162726  1.1564292  -0.17734498 -0.37988698]]