[[ 1.0286111   0.735263    0.33157024 -0.3353479  -0.6475363  -0.88974535
  -0.776191   -0.46891296 -0.193069   -0.17249931 -0.49335846 -1.0157549
   0.5946131  -0.2384034  -0.51230556  1.0271448  -0.18691519  0.8354559
  -0.24504057  0.9780222   1.5932118  -0.5274683  -0.57705003 -0.5997757
   0.26901165 -0.30860275 -0.379372   -0.24370304 -0.33449194 -0.639791
  -0.1303378  -0.55972755  0.04198583 -0.16004442 -0.4251908  -0.29257554
   0.21897939  0.42547157 -0.83520794 -0.67698914 -0.5181237  -0.32786
  -0.42492718  0.9923238   1.5874602   0.8103475  -0.3229184  -0.4651155
  -0.05571147  0.40535355  1.2056123   2.23853     0.0796876  -0.40416995
  -0.47373644 -0.6690581  -0.87252784 -0.11309296 -0.37771294  0.03093195
  -0.20872985 -0.33703816  0.19653842 -0.4387607  -0.48682898 -0.5162942
  -0.7047277  -0.49907163 -0.40288872 -0.71889263  0.24862619 -0.6377136
  -0.38507572  1.581641    0.8803219  -0.4850211  -0.15499555 -0.53317845
  -0.2537298  -0.11184938  0.66602415 -0.05919911 -0.44806743 -0.63851184
  -0.4070248  -0.77643216 -0.4121442   0.8873761   0.30967218  0.7356599
  -0.45442224  0.30578935 -0.24629101  1.0496557  -0.14106682 -0.34894398
   0.01063622  0.95901144  0.01764927 -0.39713168]]