[[ 0.7048804   1.3954295   0.04424535 -0.06581181 -0.6359127  -0.95932484
  -0.99234915 -0.66130984 -0.11175977 -0.16654983 -0.5302113  -0.821145
   0.09996507 -0.22629796 -0.5214205   0.2954094  -0.53149253  0.02766434
  -0.4006799   1.4306457   2.0726326  -0.5814319  -0.71853393 -0.7449633
   0.04251604 -0.607682   -0.5595877   0.4649005  -0.49937552 -0.6624231
  -0.39714155 -0.5727843   0.16779783 -0.38894904 -0.02609775 -0.49025294
   0.13077226  0.03609135 -0.68261653 -0.5881618  -0.5693124  -0.23465422
  -0.33228847  0.03215031  2.4521163   0.39412    -0.460935   -0.2678855
  -0.21119732 -0.12175232  0.76768947  2.9031935  -0.0794958  -0.36945695
   0.21495491 -0.21947253 -1.0317491  -0.0569467  -0.19198899 -0.00853047
  -0.17009324 -0.12904465  0.2698071  -0.30423337 -0.5097332  -0.78408504
  -0.89879966 -0.42787564 -0.32594988 -0.698218    0.51973623 -0.46030495
  -0.34739047  2.2534733   1.6908448   0.12271874 -0.21448687 -0.3739998
   0.41583496  0.07995314  0.60194075 -0.27799824 -0.36056352 -0.5958665
  -0.21379566 -0.70980513 -0.42673752  1.2554065  -0.00569466  0.58690405
  -0.48628804  0.44074714  0.12714805  1.1012957   0.2901235  -0.36133677
   0.1931785   1.1250714   0.33151403 -0.52329147]]