[[ 8.6027622e-01  7.2375309e-01  1.4687258e-01 -1.4644098e-01
  -4.8298222e-01 -7.0153761e-01 -6.7984706e-01 -3.1262580e-01
  -1.9728102e-01 -3.0089235e-01 -2.8030080e-01 -9.1748399e-01
   6.3235378e-01 -3.1926835e-01 -5.8906841e-01 -1.4613780e-01
  -8.3897471e-02  4.6756414e-01 -6.1367113e-02  8.4936088e-01
   1.0892713e+00 -5.2529556e-01 -5.6778878e-01 -5.5524546e-01
   2.0542416e-01 -4.4846600e-01 -1.4061853e-03 -1.7813219e-01
  -1.8083401e-01 -6.4110428e-01  4.0792208e-02  2.6292220e-01
   1.5085238e-01 -4.0118843e-01 -4.4250789e-01 -2.2003627e-01
  -1.3627280e-01  7.0930046e-01 -7.8079045e-01 -5.4088539e-01
  -4.2375708e-01 -2.7940196e-01 -4.2883214e-01  8.4158379e-01
   1.8678075e+00  4.7196907e-01 -4.9038577e-01 -5.9098527e-02
   1.8640548e-01 -6.8730250e-02  1.6336467e+00  2.1529152e+00
   1.5112945e-01  3.3632971e-02 -6.3092291e-01 -5.8494014e-01
  -6.7354691e-01  6.9678128e-01 -4.0577328e-01  3.2193100e-01
  -1.4708777e-01 -3.6630523e-01  3.9048949e-03 -2.7869660e-01
  -3.6030114e-01 -3.8111863e-01 -8.0114400e-01 -3.8239110e-01
  -4.0481979e-01 -5.1353562e-01 -2.7514070e-01 -6.1225998e-01
  -4.1349122e-01  1.7090417e+00  5.8052951e-01 -2.3417094e-01
  -2.2207355e-01 -3.5541534e-01 -2.8293267e-01 -3.1847516e-01
   4.2198771e-01 -4.2224097e-01 -4.0768918e-01 -5.6246811e-01
  -3.3751082e-01 -6.9227129e-01 -4.2410874e-01  8.9278871e-01
   1.7798251e-01  4.8095480e-01 -3.8248733e-01  1.2982032e-01
  -2.3469771e-01  6.6726124e-01 -2.2293177e-01 -3.5418302e-01
  -1.6868895e-01  9.7944880e-01 -5.2880593e-02 -3.1427848e-01]]