[[ 1.0992121e+00  8.7705255e-01  3.3802682e-01 -1.8567427e-01
  -6.0460496e-01 -8.4499323e-01 -8.4287149e-01 -5.6168449e-01
  -1.7226370e-01 -1.6772068e-01 -3.8624823e-01 -9.3852931e-01
   6.2791216e-01 -2.6350936e-01 -5.2540910e-01  3.9831698e-01
  -1.5234537e-02  7.3898536e-01 -2.8589517e-01  8.6070967e-01
   1.7776935e+00 -5.5260074e-01 -7.0016783e-01 -6.3770878e-01
   4.1998410e-01 -5.3210413e-01 -3.7277043e-01  1.9786066e-01
  -3.5668510e-01 -6.1495692e-01 -4.3506276e-02 -2.6872006e-01
   6.1659712e-02 -2.9846165e-01 -2.5913906e-01 -3.7302721e-01
   2.3356219e-01  5.1618469e-01 -7.7704120e-01 -6.4627939e-01
  -4.7770694e-01 -1.5041499e-01 -3.6408746e-01  6.9232410e-01
   1.7384098e+00  1.1350901e+00 -4.1733310e-01 -3.3408263e-01
  -1.4691792e-01  5.8395602e-04  1.7279963e+00  2.1310048e+00
   1.3056746e-01 -7.5528428e-02 -3.0610099e-02 -3.9367563e-01
  -8.6846811e-01  2.3881215e-01 -2.4656504e-01  2.2677065e-01
  -2.2093420e-01 -3.1764370e-01  1.3596933e-01 -2.7969125e-01
  -4.2561579e-01 -5.6404287e-01 -8.2250291e-01 -4.0811381e-01
  -3.8047138e-01 -6.4029187e-01  1.8918739e-01 -5.9883595e-01
  -3.9665395e-01  1.7587813e+00  1.0700583e+00 -2.5727424e-01
  -3.4753263e-01 -3.9594340e-01 -1.1327361e-01 -1.7667617e-01
   3.0673796e-01 -2.7561143e-01 -4.1725671e-01 -6.7888856e-01
  -4.3278939e-01 -7.0747185e-01 -4.7385255e-01  8.5179156e-01
  -6.9355313e-03  3.4136701e-01 -4.7641274e-01  2.8121242e-01
  -1.7817993e-01  1.3729200e+00  1.4370158e-01 -3.2976586e-01
   4.5291569e-02  9.8390281e-01  2.7646011e-01 -5.0764740e-01]]