[[ 1.6862844e+00  7.9073828e-01  3.8469222e-01 -2.8860416e-02
  -5.4745251e-01 -6.9238532e-01 -8.7410623e-01 -4.1697237e-01
  -1.6257022e-01 -1.5489608e-01 -4.7039273e-01 -8.1582832e-01
   2.8879130e-01 -2.3550184e-01 -5.2087742e-01  2.4832904e-02
   7.9140067e-04  6.7742723e-01 -2.4091983e-01  1.1280628e+00
   8.8972890e-01 -5.0393671e-01 -4.8936549e-01 -5.7708609e-01
   4.2946151e-01 -3.7176716e-01 -3.7324876e-01 -3.3760107e-01
  -3.4652373e-01 -6.2317526e-01  2.1848415e-01 -5.3273576e-01
   1.5950860e-01 -3.8098395e-01 -3.3344579e-01 -3.3666891e-01
   1.5740097e-03  4.1732985e-01 -7.6291007e-01 -5.7246882e-01
  -4.2704877e-01 -3.0408502e-01 -4.1207117e-01  3.0764878e-01
   2.1636660e+00  1.1002234e+00 -3.1732258e-01 -4.4173717e-01
  -1.7970721e-01  2.4698813e-02  1.4766914e+00  2.5315909e+00
   3.3067393e-01 -1.0598742e-01 -5.6959486e-01 -6.0557914e-01
  -6.9366014e-01  2.5567731e-01 -3.8866669e-01  4.2341620e-01
  -2.3699306e-01 -3.1636566e-01  4.1899732e-01 -1.3954906e-01
  -3.4603411e-01 -5.2993846e-01 -7.4722201e-01 -2.4987680e-01
  -3.9172354e-01 -6.7067307e-01 -2.7286083e-01 -5.0598234e-01
  -3.0666593e-01  2.1831813e+00  7.5076848e-01 -4.9952102e-01
  -1.0362574e-01 -2.6371452e-01 -2.1610676e-01 -2.6717725e-01
   6.2617362e-01 -2.5828356e-01 -4.1370493e-01 -6.6101551e-01
  -3.3968747e-01 -7.2899544e-01 -4.2018488e-01  1.3554431e+00
   1.9257994e-01  1.1570288e+00 -3.7525830e-01  2.8944030e-01
  -1.9116706e-01  1.1885666e+00 -2.4584065e-01 -2.9803002e-01
  -1.0588049e-01  1.2849596e+00  4.5816904e-01 -3.7249053e-01]]