[[ 0.7443533   1.0598885   0.31969514 -0.06457663 -0.6009792  -0.88598067
  -0.9359713  -0.48782697 -0.17543575 -0.16677307 -0.5061158  -0.98378426
   0.4717979  -0.27319282 -0.63843143  0.22010614 -0.51258427  0.5920972
  -0.33030978  0.93879646  2.394136   -0.5025441  -0.7311065  -0.70138335
   0.05704098 -0.59372103 -0.4184791  -0.06441832 -0.38172466 -0.7098229
  -0.36653632 -0.34940362  0.11581946 -0.32306224 -0.22696216 -0.42912012
   0.32693523  0.41770628 -0.8632145  -0.63741577 -0.56101847  0.05370121
  -0.41513464  0.82990354  1.7190193   0.61619747 -0.38322395 -0.1225048
   0.20235816 -0.02920093  1.6956726   2.0695136   0.15135068  0.26246437
  -0.31047386 -0.58444697 -0.87464124  0.28905493 -0.3008267   0.44273278
  -0.22841507 -0.2710201   0.00456824 -0.26530412 -0.48229736 -0.619038
  -0.93297446 -0.44850355 -0.3931366  -0.6187167   0.4632251  -0.637873
  -0.45539626  1.3648366   0.93563145 -0.29248244 -0.44249606 -0.44421864
  -0.01180827 -0.09576477  0.24631885 -0.37650663 -0.4610239  -0.6353134
  -0.40041065 -0.7686259  -0.44811332  0.66818047  0.36573797  0.30538046
  -0.5653502   0.26911855 -0.17554232  0.78484255  0.25332025 -0.3497027
   0.19479197  0.81081367 -0.04064752 -0.4328517 ]]