[[ 0.7321971   1.3701755  -0.004404   -0.09460855 -0.6059083  -0.9940986
  -1.1208565  -0.6370384   0.00889292 -0.1298294  -0.5094794  -0.9992601
  -0.01139785 -0.24660762 -0.53322953  0.15267769 -0.62453145  0.7537029
  -0.4532686   0.96751124  2.3053968  -0.64067024 -0.7791176  -0.68747383
   0.2751984  -0.5401339  -0.40023735  0.05048576 -0.45886055 -0.9316971
  -0.34667462 -0.08726308 -0.04790144 -0.5427608  -0.23101275 -0.50794536
   0.18039687  0.84623694 -0.9000099  -0.6464427  -0.61007863  0.02541409
  -0.49237555  0.11587039  2.0202873   0.12641293  0.2955452  -0.17883368
   0.16832529  0.01438154  1.2952522   1.9992969  -0.15857562 -0.2984702
   0.22393158 -0.31986135 -0.69954115  0.49802402  0.03580347  0.08880318
  -0.2684296  -0.15564384 -0.02262094 -0.3153645  -0.44607773 -0.8904551
  -1.011154   -0.5305112  -0.26671228 -0.71430784  0.13144651 -0.7033155
  -0.44762194  1.4326055   0.8539737   0.13353409 -0.44126573 -0.27654842
   0.0124584  -0.07649305  0.2682603  -0.23259993 -0.35534504 -0.5294735
  -0.360672   -0.9635125  -0.40808073  0.73119664  1.0022186   0.7461326
  -0.6450084   0.13915993 -0.2407442   0.7043367   0.27256197 -0.34665704
   0.09795055  0.69431657 -0.21014117 -0.3319016 ]]