[[ 0.94356084  1.0979111   0.38215286 -0.13780802 -0.60747266 -0.8213945
  -0.84119475 -0.29151717  0.02360151 -0.23306242 -0.5098944  -0.9114162
   0.05919542 -0.22029145 -0.5600326   0.3665975  -0.56075567  0.37549546
  -0.26403937  1.3920054   1.3647339  -0.49684495 -0.5729256  -0.5669335
   0.03640873 -0.29605693 -0.3009154  -0.22523038 -0.3625828  -0.7428986
  -0.34085622 -0.6199157   0.2343935  -0.1666236  -0.48622236 -0.35201752
   0.16660006  0.54936016 -0.81273335 -0.52138186 -0.46851376 -0.22313443
  -0.449875    0.7881761   2.2142832   0.24680042 -0.12679313 -0.21277654
   0.2510606   0.08948175  0.7142372   2.745843    0.15391362 -0.27147084
  -0.67006904 -0.71180063 -0.65713245  0.07211132 -0.3682672   0.31986883
  -0.17858124 -0.2513937   0.18560372 -0.30608946 -0.4106103  -0.6620991
  -0.86006415 -0.41171986 -0.38538608 -0.65346587  0.03880138 -0.57235825
  -0.38456506  1.9479982   0.9383902  -0.31093937 -0.09983351 -0.46474418
  -0.186909   -0.07732156  0.6830891  -0.2773693  -0.4368925  -0.6008451
  -0.32048845 -0.78857225 -0.35959944  1.194475    0.834536    1.0292488
  -0.48280424  0.46935833 -0.05626339  0.34198096 -0.07429775 -0.358336
  -0.15282056  1.1847856  -0.08470555 -0.17874126]]