[[ 0.93781716  1.070696    0.11004023  0.00485029 -0.61328256 -0.9200648
  -0.90873563 -0.57899517 -0.17743121 -0.09824857 -0.5072869  -0.7352475
   0.04306442 -0.2311442  -0.49826846 -0.12376928 -0.5336977   0.10551918
  -0.37669027  1.6240058   1.3419551  -0.5652401  -0.6443025  -0.7260268
   0.01485321 -0.47569326 -0.40841556  0.66434056 -0.50683784 -0.6305912
  -0.35036832 -0.6401534   0.23416749 -0.34904787 -0.28865924 -0.4104646
   0.3002413  -0.14073195 -0.53355336 -0.4611653  -0.5169048  -0.421234
  -0.31604263  0.05591286  2.4557116   0.4420789  -0.43159062 -0.03015242
  -0.21481946 -0.06910236  0.6262625   3.0375645   0.13871738 -0.28832418
  -0.6300003  -0.67549014 -0.8999434   0.09518743 -0.3124942   0.18871461
  -0.26333633 -0.22712636  0.29841053 -0.2334744  -0.4018474  -0.75363106
  -0.8841592  -0.33183587 -0.3473945  -0.62562764  0.64254636 -0.43243834
  -0.3677613   2.3022184   1.5145751   0.60547274 -0.10080379 -0.24649239
   0.15170005  0.05722644  0.70134073 -0.33090445 -0.3262737  -0.5702607
  -0.16967748 -0.636127   -0.36676562  1.3767041   0.02883939  0.85026735
  -0.44866812  0.5241964   0.60098016  1.1882688  -0.17001006 -0.35342315
  -0.07371131  1.2697978   0.7399449  -0.42271537]]