[[ 0.8465092   0.8332671   0.45797643 -0.16979453 -0.6924102  -0.8823456
  -0.77982473 -0.44007233 -0.16292779 -0.33088058 -0.5050596  -0.9714753
   0.43705067 -0.2592183  -0.6331938   0.6339227  -0.3303936   0.4412476
  -0.27957723  0.7825362   2.2409196  -0.49446723 -0.70512986 -0.55315197
   0.00727154 -0.6026355  -0.25379816  0.05379559 -0.33367518 -0.6391635
  -0.26779106 -0.32649004  0.0206312   0.0373445  -0.18863563 -0.37413073
   0.02499419  0.32111856 -0.8053331  -0.5554677  -0.5007669  -0.3257592
  -0.40472856  1.5164297   1.411775    0.56013227 -0.4692179  -0.33375856
  -0.20582093 -0.07096374  1.4700404   1.8727227  -0.01387731 -0.07037552
  -0.69856954 -0.804304   -0.81493956  0.32955316 -0.3478505   0.2253743
  -0.18534644 -0.3979593   0.02031748 -0.43627104 -0.4385349  -0.46985847
  -0.7968392  -0.5001985  -0.42410314 -0.59713197  0.3473029  -0.62035745
  -0.4763841   1.5772725   1.1084872  -0.10702045 -0.34480575 -0.41681814
   0.04712393 -0.08856007  0.47269875 -0.41698074 -0.37125856 -0.6066447
  -0.4821845  -0.74957997 -0.48106644  0.7516996  -0.17536525  0.6022381
  -0.51700985  0.43493074 -0.11894423  0.9603617   0.18939874 -0.4276316
   0.0605096   0.89092     0.03861945 -0.48402578]]