[[ 0.77000576  0.80229306  0.30805215 -0.00473962 -0.6525966  -0.9201643
  -0.83933514 -0.4061951  -0.17131664 -0.22804084 -0.5347295  -1.0182251
   0.4550105  -0.27627015 -0.62411046  0.50426304 -0.4757399   0.94803005
  -0.2595437   0.9984648   2.3177924  -0.46534666 -0.7000576  -0.6528326
   0.02881206 -0.52901644 -0.32864705 -0.19480601 -0.3138272  -0.7055512
  -0.34342232 -0.35592157  0.23305327 -0.16328807 -0.19617638 -0.3463977
   0.68884426  0.33287317 -0.8490897  -0.60282695 -0.57259995  0.00634834
  -0.44139954  1.3443148   1.3826023   0.82692224 -0.31349605 -0.04813574
   0.12916067  0.07742018  1.8569818   1.8306738   0.10574817  0.2532272
  -0.7374677  -0.8509414  -0.80440724  0.16325964 -0.35257524  0.3255443
  -0.21146467 -0.22881868 -0.0059083  -0.4429015  -0.5048776  -0.57688874
  -0.9126604  -0.5179976  -0.4327051  -0.5911273   0.71408296 -0.62842023
  -0.53505456  1.2436165   1.0754684  -0.33005944 -0.43208823 -0.4645403
   0.01253759 -0.10017254  0.31205493 -0.39882764 -0.43666664 -0.6152826
  -0.49722037 -0.8067932  -0.47747168  0.5528779   0.17447671  0.49422568
  -0.5538979   0.38951427 -0.1413482   0.897099    0.23327187 -0.38755125
   0.2589173   0.87308043 -0.07581697 -0.3789202 ]]