[[ 1.0196459   0.696591    0.39962593 -0.1390842  -0.6161444  -0.8837923
  -0.8433022  -0.42115918 -0.18421447 -0.20709133 -0.50492305 -0.90423995
   0.09379108 -0.24731629 -0.53980064  0.49088225 -0.3489699   0.2264586
  -0.30122215  1.2305171   1.589911   -0.52719    -0.6695256  -0.65646344
   0.24293524 -0.4683226  -0.38338956  0.5195987  -0.4260994  -0.6454772
  -0.23845644 -0.6223072   0.19813569 -0.17261644 -0.46578708 -0.41376317
   0.23245785  0.20593104 -0.64990306 -0.5293927  -0.5263949  -0.37099
  -0.37725666  1.0053914   2.027064    0.8457458  -0.4378616  -0.19632423
  -0.11793959 -0.08373178  1.1738925   2.4871573   0.08244183 -0.28558192
  -0.6494858  -0.7402348  -0.95600444  0.05409878 -0.3704628   0.26722497
  -0.20414455 -0.28104228  0.17792319 -0.288039   -0.45283973 -0.6731165
  -0.8751426  -0.3842061  -0.40348905 -0.64642715  0.65397054 -0.60441726
  -0.39983296  1.844991    1.2328308   0.35071415 -0.12479899 -0.3447492
  -0.15655583  0.06954383  0.58083016 -0.31886008 -0.41424137 -0.6417042
  -0.4131232  -0.7403728  -0.40327647  1.0018625   0.2001565   0.7309208
  -0.4865869   0.3972204   0.34426758  1.4024305  -0.06038034 -0.3578085
  -0.15888594  1.069353    0.64639527 -0.39069656]]