[[ 1.4081796   0.5917361   0.5936779  -0.21979924 -0.72765476 -0.9594233
  -0.75061864 -0.55712426 -0.27404317 -0.19855393 -0.5277241  -0.9724665
   0.61153895 -0.25357345 -0.5899087   1.124256   -0.00490514  0.7841614
  -0.41954923  0.80040383  1.9085102  -0.53491163 -0.67110145 -0.650044
   0.31085122 -0.4813248  -0.33421293  0.11779612 -0.46088684 -0.5734302
  -0.10213866 -0.5894829   0.23635192 -0.02364135 -0.2678928  -0.34527728
   0.2513108   0.1806813  -0.77318823 -0.6801557  -0.48966157 -0.3770319
  -0.38529962  1.210369    1.5159236   1.4042376  -0.387662   -0.45758453
  -0.36527047  0.18292151  1.6544852   2.0909872   0.16581939 -0.25364605
  -0.5447067  -0.7125333  -1.0007612   0.01366018 -0.3872258   0.18150303
  -0.24021408 -0.4361533   0.32751665 -0.36182484 -0.5241154  -0.55625975
  -0.775986   -0.44924212 -0.41847306 -0.70121264  0.52512485 -0.6061713
  -0.40708104  2.002075    1.2690753  -0.31642884 -0.40026942 -0.5017563
  -0.16049916 -0.11088993  0.3355276  -0.15757012 -0.47429687 -0.7097877
  -0.547567   -0.73150784 -0.47297436  0.84612477 -0.18029268  0.5431965
  -0.50177515  0.360013   -0.17058112  1.6369517   0.06022955 -0.3453203
   0.05801714  1.0614389   0.61060625 -0.56843793]]