[[ 0.96536607  0.8845081   0.31309617 -0.22864737 -0.617989   -0.8813309
  -0.80246115 -0.43548426 -0.12586792 -0.1762582  -0.5072215  -0.9631467
   0.43677962 -0.24379307 -0.5444933   0.62561    -0.3143776   0.654988
  -0.28414714  1.0904866   1.51977    -0.5315781  -0.6052486  -0.6132385
   0.16051295 -0.32219532 -0.34435126 -0.14949141 -0.3814303  -0.684054
  -0.20904142 -0.56676924  0.08454023 -0.25281593 -0.4414239  -0.336846
   0.21282889  0.5051965  -0.8047373  -0.6256199  -0.49481857 -0.28213984
  -0.42729342  0.7035222   1.7911192   0.6180574  -0.25562215 -0.30878562
   0.096398    0.25602713  1.1601748   2.34294     0.13654658 -0.31587103
  -0.544914   -0.6785011  -0.7761914   0.01463472 -0.38202634  0.16825956
  -0.19478406 -0.31434643  0.15991834 -0.3495804  -0.45888078 -0.58284694
  -0.76971656 -0.4441207  -0.3895527  -0.69271404  0.18648668 -0.61344594
  -0.3964374   1.6750985   0.85847634 -0.34431255 -0.18507709 -0.48341614
  -0.23275918 -0.11316097  0.6024533  -0.14975564 -0.4400466  -0.6242461
  -0.3600945  -0.77877015 -0.39352247  0.9250062   0.5412948   0.753767
  -0.47465944  0.3039274  -0.13498113  0.87438434 -0.1307522  -0.35174957
  -0.0404329   0.9709593   0.06071472 -0.33076748]]