[[ 0.77103496  0.6861569   0.78226095 -0.23658136 -0.6916089  -0.84232336
  -0.7227195  -0.39498737 -0.13095616 -0.35481712 -0.45476717 -1.055077
   0.3821943  -0.28592345 -0.6645497   1.0848885  -0.12564169  0.5663903
  -0.38489625  0.45696703  2.6324117  -0.4831742  -0.87569016 -0.51665545
   0.28202963 -0.6495192  -0.28519204  0.12156663 -0.37439325 -0.5939234
  -0.05177905 -0.21649987 -0.02533471  0.16375144 -0.3004894  -0.41938382
  -0.12076122  0.51909393 -0.84446275 -0.6508199  -0.48159063 -0.17382887
  -0.39114177  1.854141    1.0661901   0.91006815 -0.46722054 -0.20717949
  -0.07712004 -0.15661635  1.6439593   1.3627406  -0.06753611 -0.09914396
  -0.45227835 -0.6712833  -0.93256515  0.10727603 -0.3292133   0.20899591
  -0.1285064  -0.42736652 -0.02118356 -0.47811583 -0.4789484  -0.55341214
  -0.8189958  -0.4736961  -0.43776268 -0.5601837   0.5358518  -0.65406936
  -0.4794427   1.1047008   0.9051481  -0.40315366 -0.5231503  -0.4800853
  -0.21674995 -0.04830931  0.04197937 -0.3844622  -0.5193492  -0.725451
  -0.64183176 -0.7775064  -0.49034756  0.43105265 -0.15128416  0.10954093
  -0.6079289   0.41534567 -0.29625547  1.2573813   0.39196533 -0.39359948
  -0.07223897  0.6462314   0.07384989 -0.511915  ]]