[[ 1.0555229   0.51360327  0.10221694 -0.15200019 -0.54969805 -0.83539987
  -0.81464493 -0.49467108 -0.26918918 -0.12566584 -0.48067906 -0.785327
   0.22237939 -0.2349322  -0.41770568  0.13987733 -0.20844002  0.6112002
  -0.20580386  1.3159852   0.8524855  -0.57578975 -0.4754264  -0.69044656
   0.34789103 -0.31568807 -0.373982    0.560983   -0.38262388 -0.5859666
  -0.09137926 -0.6211673   0.15685296 -0.39288452 -0.45819908 -0.31830472
   0.52473867 -0.0562363  -0.5427757  -0.5065353  -0.4897695  -0.46804148
  -0.3692445   0.48990452  2.0193129   0.9834912  -0.46850485 -0.18813837
  -0.35573456  0.18784516  1.191807    2.6123316   0.17844582 -0.36122486
  -0.5894913  -0.6329815  -0.84056294 -0.02137    -0.37168258  0.09652738
  -0.2074946  -0.25980997  0.21035177 -0.2988282  -0.42733252 -0.5610098
  -0.78131634 -0.4076151  -0.40851474 -0.65639776  0.47735563 -0.5426783
  -0.3812698   1.9471958   1.1154566   0.43754333  0.08474466 -0.25343868
  -0.14477144  0.03553259  0.9408361  -0.24836509 -0.29764864 -0.58039224
  -0.33525723 -0.6569466  -0.4095006   1.1125809  -0.09451439  0.9240661
  -0.32898992  0.29081932  0.5564974   1.5330966  -0.274343   -0.33714804
  -0.1223091   1.065592    0.83696926 -0.4263925 ]]