[[ 1.4994123   0.7306833   0.17413925 -0.24202836 -0.6544834  -0.9871437
  -0.8916783  -0.65627766 -0.37693253  0.14405271 -0.4959689  -0.8893321
   0.73106945 -0.2431815  -0.51861     0.7134453  -0.08137433  1.2487272
  -0.3080103   1.2217693   1.1889324  -0.60356027 -0.47576347 -0.7448076
   0.40774253 -0.423089   -0.3490775   0.1573898  -0.41111842 -0.5813538
  -0.01787503 -0.50888926  0.275907   -0.43872333 -0.3818592  -0.3154677
   0.7023635   0.00733008 -0.68959755 -0.6859452  -0.5107278  -0.46425352
  -0.3793848   0.74202305  1.8100361   1.4301839  -0.3646622  -0.39908037
  -0.5085761   0.45851177  1.4623389   2.7457006   0.22564399 -0.3613259
  -0.50621235 -0.6471155  -1.0039108   0.06152903 -0.39793244  0.11270013
  -0.26228395 -0.34167084  0.5164489  -0.28516048 -0.51642627 -0.5812746
  -0.7479273  -0.49388313 -0.42412925 -0.7693201   0.38848212 -0.62138164
  -0.35201335  2.2312264   1.3012161  -0.00799079 -0.14805983 -0.39632788
  -0.272744   -0.11422453  0.5050326  -0.06907525 -0.37499434 -0.6949074
  -0.44485214 -0.70491827 -0.45374832  1.184693   -0.06793769  0.860502
  -0.44378248  0.3168273   0.07945769  1.6937329  -0.33069187 -0.3322192
   0.06112525  1.2975311   0.787095   -0.5136384 ]]