[[ 0.68865436  0.85044295  0.541463   -0.25524712 -0.70116866 -0.9293087
  -0.8404276  -0.4964997  -0.14669344 -0.14956571 -0.46347916 -1.0170306
   0.37144786 -0.27033156 -0.63879204  0.91309655 -0.38704306  0.80124074
  -0.36200142  0.82520676  2.561135   -0.4954939  -0.78482634 -0.6050095
   0.14360428 -0.6201374  -0.35155725  0.12367114 -0.35442835 -0.6412505
  -0.32448837 -0.38723278  0.05501422  0.04790059 -0.29719594 -0.3883176
   0.37933218  0.2876727  -0.8302512  -0.5655918  -0.5374913  -0.10391984
  -0.3889609   1.6390389   1.306408    0.78208464 -0.39308226 -0.2553277
  -0.08689006 -0.01960344  1.3317112   1.9558508  -0.1059505  -0.05754134
  -0.3757598  -0.6079393  -0.9623684   0.05917999 -0.26791424  0.15532082
  -0.21265365 -0.3043888   0.03497367 -0.46571654 -0.49660373 -0.63205755
  -0.9179065  -0.5864843  -0.419663   -0.62002397  0.6672355  -0.63104445
  -0.46392787  1.3092426   1.1644765  -0.25362393 -0.39370108 -0.461269
  -0.10245571 -0.05266543  0.14523837 -0.4090709  -0.46995026 -0.68330544
  -0.540255   -0.74817926 -0.48386216  0.6657948   0.05183166  0.26559693
  -0.61373544  0.48967487 -0.16301662  1.0048871   0.24290776 -0.3765551
   0.05003466  0.84982675 -0.05081213 -0.48067218]]