[[ 1.0317415   0.5338607   0.6650505  -0.24428363 -0.6641463  -0.8415785
  -0.6799992  -0.4668877  -0.09158058 -0.33946723 -0.40064394 -0.99840486
   0.6020534  -0.27840045 -0.5115896   1.0080258   0.05917246  0.582599
  -0.33312124  0.487063    2.2345855  -0.5070764  -0.7957715  -0.5439189
   0.4390846  -0.51107615 -0.35698774  0.21163265 -0.34994593 -0.5929511
  -0.07011283 -0.3355157   0.00689529  0.02981393 -0.2745549  -0.35548216
  -0.02388272  0.5753061  -0.81702733 -0.6600253  -0.47423238 -0.08567555
  -0.37948677  1.2757231   1.3083249   1.0722653  -0.39305755 -0.4088243
  -0.10165673 -0.04036406  1.6437734   1.3797945   0.05924418 -0.08347648
  -0.06649221 -0.46469313 -0.8840369   0.1515387  -0.19321041  0.19733874
  -0.20583709 -0.37483382  0.02077316 -0.393174   -0.44423604 -0.50429016
  -0.7863352  -0.41105768 -0.38759527 -0.58303785  0.42238802 -0.6091064
  -0.43034494  1.3809259   0.97528225 -0.40124923 -0.49972862 -0.5044936
  -0.1728562  -0.14689599  0.21350947 -0.26953807 -0.4955146  -0.68864506
  -0.565216   -0.73046905 -0.48574105  0.53496855 -0.1506468   0.17664814
  -0.51618004  0.29034275 -0.31684694  1.3875371   0.3204876  -0.352069
  -0.01468599  0.7985803   0.14942202 -0.5116378 ]]