[[ 1.1851081   1.0961795   0.23645483  0.08961708 -0.5957367  -0.7530901
  -0.96847916 -0.4389894  -0.13085654 -0.21962106 -0.46929446 -0.92553896
   0.05799159 -0.25856674 -0.6632393   0.12246883 -0.53486675  0.26127782
  -0.19835263  1.7210186   1.1052749  -0.5004925  -0.45217806 -0.6759004
   0.05530233 -0.37180144 -0.45157862 -0.57037526 -0.3379536  -0.68806845
  -0.3235192  -0.69016457  0.44766343 -0.32947993 -0.24691746 -0.41135517
   0.08252053  0.3251742  -0.8593692  -0.5829362  -0.5623338  -0.377378
  -0.48384905  0.5720953   2.573008    0.6916884  -0.2978763  -0.45782894
   0.10344038 -0.03837851  0.98133594  3.489446    0.26935554 -0.2864265
  -0.63529295 -0.6766188  -0.77983224  0.15465134 -0.38704124  0.4479725
  -0.25216657 -0.24741256  0.4602342  -0.2482394  -0.457576   -0.6290559
  -0.8479946  -0.38992125 -0.4039505  -0.7782038  -0.28840506 -0.45110196
  -0.30703744  2.2342653   0.7480354  -0.4951206   0.0728865  -0.50851554
   0.23026447  0.14114183  0.90195113 -0.30186397 -0.42809513 -0.5911058
  -0.04604524 -0.7796472  -0.38976133  1.198491    0.48923162  1.2364267
  -0.39639884  0.41738033 -0.27390832  0.37777337 -0.23440939 -0.35026824
  -0.13785914  1.3800676   0.21830755 -0.27011618]]