[[ 0.9902553   0.67781955  0.2718997  -0.08120267 -0.46725693 -0.6388513
  -0.67124313 -0.36572087 -0.13859369 -0.2730012  -0.22213258 -0.8531888
   0.67885107 -0.27913922 -0.5453004  -0.16423543 -0.13307278  0.55564576
  -0.07365178  0.85426253  0.8091134  -0.509126   -0.48366117 -0.5347812
   0.16456883 -0.34694117 -0.2490947  -0.33327904 -0.15503414 -0.599665
  -0.07030182 -0.15393811  0.12069813 -0.4060578  -0.4091962  -0.34790337
  -0.04092878  0.58802    -0.73326063 -0.5317687  -0.4081409  -0.24859923
  -0.4417589   0.3753668   1.8624125   0.51941013 -0.30368474 -0.18582495
   0.05395706 -0.00605152  1.3579686   2.0978076   0.3183838   0.07883108
  -0.5771211  -0.5629333  -0.53471756  0.48710647 -0.35838997  0.4723407
  -0.17698497 -0.3504134   0.05636998 -0.17226021 -0.33074895 -0.46564898
  -0.7388407  -0.30217117 -0.40716338 -0.59916717 -0.41617364 -0.5090424
  -0.38922536  1.7506881   0.51747197 -0.36633247 -0.15455371 -0.39419582
  -0.25272572 -0.35587037  0.4686708  -0.36035737 -0.39867836 -0.5662242
  -0.2746641  -0.65501046 -0.4170526   0.9328776   0.18137391  0.60767317
  -0.35195112  0.15223077 -0.29249123  0.48627704 -0.18454534 -0.3253752
  -0.16749553  0.9726808  -0.0203118  -0.27156276]]