[[ 0.46522832  1.1408466   0.629918   -0.24995165 -0.65388435 -0.8834741
  -0.87414724 -0.4344858  -0.17155145 -0.32605523 -0.47635692 -1.1420455
   0.34458578 -0.28045252 -0.7237816   0.8590388  -0.40800092  0.5750387
  -0.3686019   0.5221461   2.6983128  -0.5319057  -0.67947316 -0.5502342
   0.4366636  -0.7430018  -0.08348291  0.05045666 -0.3968935  -0.7328068
   0.03119209  0.20720002 -0.09489676  0.00273361 -0.39420137 -0.45641947
  -0.12392664  0.47482857 -0.97037494 -0.6822841  -0.502674   -0.16527057
  -0.40198863  2.1689804   1.2684675   0.3855218  -0.44512764  0.24946766
  -0.05400667 -0.11442026  1.4459816   1.5563258  -0.13665117 -0.17747185
  -0.37197262 -0.6428245  -0.84764934  0.26128125 -0.33013707  0.18276177
   0.05953864 -0.38282248 -0.16037942 -0.42273417 -0.5060802  -0.56364197
  -0.8344332  -0.6128013  -0.439927   -0.5958164   0.3762217  -0.7599953
  -0.5254778   1.1889554   0.81903476 -0.45799023 -0.23193912 -0.49300694
  -0.25929648  0.12179562  0.36083904 -0.43089637 -0.46448287 -0.66894346
  -0.65026337 -0.8658073  -0.48170343  0.4820007   0.12916341  0.07137431
  -0.65319526  0.45350617 -0.33443567  0.7084139   0.6426893  -0.45325822
  -0.06812422  0.56978    -0.3201003  -0.4900326 ]]