[[ 9.8031497e-01  1.1317546e+00  3.2946047e-01 -8.0363899e-02
  -6.2838370e-01 -8.1141835e-01 -8.4335357e-01 -3.3853006e-01
  -2.1708431e-04 -2.6188776e-01 -5.1270837e-01 -9.5167118e-01
   1.5304747e-02 -2.4070446e-01 -5.9261835e-01  4.3558970e-01
  -5.7448453e-01  2.8741109e-01 -2.6438028e-01  1.3172898e+00
   1.5506237e+00 -4.8866636e-01 -5.6097054e-01 -5.6366748e-01
  -3.6635669e-03 -3.1772205e-01 -3.5882512e-01 -3.9474434e-01
  -3.4797144e-01 -7.3646784e-01 -3.5705012e-01 -6.4236742e-01
   2.6376355e-01 -1.4741889e-01 -3.3620489e-01 -3.5980520e-01
   1.1637477e-01  5.4344332e-01 -8.3422959e-01 -5.5760741e-01
  -5.0887603e-01 -2.8469652e-01 -4.8822817e-01  9.0532243e-01
   2.0502546e+00  3.1013519e-01 -2.0621076e-01 -3.2323360e-01
   3.1130826e-01  4.4146441e-02  7.5263971e-01  2.6620619e+00
   9.1798849e-02 -3.2741797e-01 -6.7807233e-01 -7.2645742e-01
  -7.1639681e-01  3.3827372e-02 -3.6958987e-01  2.7636412e-01
  -2.0385273e-01 -2.6955122e-01  1.9061792e-01 -3.5756347e-01
  -4.4685975e-01 -6.6403890e-01 -8.6130595e-01 -4.1959888e-01
  -3.9571586e-01 -7.0270938e-01 -4.1151218e-02 -5.2351326e-01
  -3.8541842e-01  1.8444219e+00  9.3372607e-01 -4.0527585e-01
  -1.2842341e-01 -5.0994819e-01  3.3154786e-02 -9.6256182e-02
   5.9519076e-01 -2.6950908e-01 -4.5226631e-01 -5.9665227e-01
  -1.7680535e-01 -8.1633145e-01 -3.9455971e-01  1.0892137e+00
   7.7242547e-01  1.0577083e+00 -4.7015059e-01  4.3236849e-01
  -2.0497766e-01  2.7135321e-01 -8.9070573e-02 -3.6334559e-01
  -1.2833689e-01  1.1098232e+00 -1.1590253e-01 -2.0208928e-01]]