[[ 0.5270845   0.6976713   0.33232042 -0.29197317 -0.5916097  -0.8304621
  -0.7985524  -0.40908656 -0.00488534 -0.31323832 -0.4189299  -0.9780306
   0.38703486 -0.23603413 -0.3996632   0.56084704 -0.47731435  0.3333576
  -0.26309097  0.61337507  2.37103    -0.49965292 -0.7274113  -0.5754725
   0.16671892 -0.49666315 -0.464481    0.07671176 -0.27787966 -0.7059788
  -0.36972862 -0.270441    0.02448555 -0.18967886 -0.321375   -0.42576215
   0.00625813  0.6128458  -0.8499446  -0.6600919  -0.5344703   0.30721712
  -0.41255587  0.7942594   1.8274565   0.15663591 -0.16946052 -0.2499841
   0.15264204  0.01327929  1.0191659   1.4943279  -0.03818456  0.0902878
   0.2518201  -0.34227896 -0.7557595   0.11498503  0.00882439  0.22843306
  -0.17466669 -0.33352795 -0.05715131 -0.3370297  -0.4639184  -0.5908005
  -0.8279875  -0.4407997  -0.29834506 -0.5806991   0.5349667  -0.6190203
  -0.43260723  1.1357732   0.8879161  -0.42817748 -0.46476266 -0.50822634
  -0.1314828  -0.20123023  0.24412079 -0.21619816 -0.45090315 -0.60971105
  -0.506385   -0.75878924 -0.42905268  0.6065015   0.23612368  0.23180282
  -0.53743076  0.21369123 -0.30927882  0.75826436  0.3626837  -0.34038848
   0.11139555  0.6364528  -0.29550382 -0.32129616]]