[[ 0.75269634  0.8849398   0.60047936 -0.19470483 -0.6636575  -0.85347337
  -0.8518532  -0.4519779  -0.13931142 -0.24735448 -0.49464044 -0.9742436
   0.26566935 -0.2586764  -0.6275735   0.7709799  -0.33179948  0.5955537
  -0.389242    0.83068025  2.3596547  -0.5045557  -0.79284114 -0.57961434
   0.22458485 -0.63895816 -0.30141854  0.1380809  -0.3957803  -0.6141981
  -0.05389413 -0.2762061   0.02779188  0.01113836 -0.3022617  -0.42409763
   0.04218438  0.27893057 -0.8008864  -0.6214533  -0.49587822 -0.2144535
  -0.3765639   1.4891136   1.5022968   0.7172442  -0.39474908 -0.13882892
  -0.20401406 -0.05956658  1.3592017   1.8779721  -0.02745684 -0.16015118
  -0.42808533 -0.6309645  -0.9085098   0.08827765 -0.30827874  0.20146382
  -0.15640607 -0.35883206  0.09906107 -0.42930484 -0.46560904 -0.61440074
  -0.8376918  -0.46734744 -0.41897804 -0.5873841   0.5340551  -0.62818885
  -0.44444683  1.3598638   1.0556037  -0.26366717 -0.39954567 -0.37420374
  -0.1637579  -0.01368977  0.22163352 -0.35324755 -0.45522436 -0.7077061
  -0.6078779  -0.77223074 -0.46411264  0.7800834  -0.10717806  0.42785192
  -0.58560944  0.459871   -0.09992407  1.197772    0.31061146 -0.38618636
  -0.02774132  0.802668    0.16933899 -0.47640023]]