[[ 0.53991395  0.6830207   0.40076756 -0.25725338 -0.5948824  -0.8463714
  -0.8025956  -0.4212539   0.0424551  -0.31764528 -0.4248966  -0.963014
   0.4462533  -0.23504348 -0.41297898  0.6711535  -0.49352202  0.38500854
  -0.29681215  0.61311376  2.3384087  -0.5170207  -0.7377944  -0.5863198
   0.17100145 -0.49074137 -0.43570784  0.11765987 -0.29978746 -0.71114796
  -0.37165266 -0.30309045  0.02089969 -0.2308138  -0.33877495 -0.43665442
   0.05804333  0.6076541  -0.8551758  -0.66765463 -0.52796555  0.31183207
  -0.42093217  0.76006204  1.8032262   0.14979    -0.10602908 -0.22715709
   0.11690648  0.01303974  0.9915128   1.4744781   0.02270164  0.09530982
   0.3949321  -0.22550242 -0.72128785  0.16072164 -0.01319005  0.2832566
  -0.18204008 -0.27017456 -0.05677548 -0.30328876 -0.46156055 -0.6041701
  -0.84101486 -0.4313735  -0.30853343 -0.5847155   0.51341295 -0.6114063
  -0.43200445  1.1218877   0.9086031  -0.42725307 -0.5016294  -0.5145822
  -0.1492571  -0.16530126  0.22825433 -0.20541815 -0.4566713  -0.62785923
  -0.52159363 -0.7717318  -0.43346155  0.58266884  0.28206697  0.28708035
  -0.55535585  0.20375848 -0.31603298  0.7831533   0.41752455 -0.34633324
   0.09599762  0.68467915 -0.2873493  -0.31378353]]