[[ 1.2064979   0.89351016  0.01085236 -0.19783685 -0.6751802  -1.0617292
  -0.9709526  -0.62558734 -0.05873103 -0.13562395 -0.50028485 -0.9270274
   0.03106029 -0.24934405 -0.5262632   0.24886388 -0.5799119   0.6236655
  -0.43171203  1.3160261   1.8363771  -0.6469832  -0.7437263  -0.7187988
   0.19469582 -0.6052297  -0.19766578  0.46892008 -0.47070774 -0.8610018
  -0.30690327 -0.20451537  0.14415817 -0.44268978 -0.5243095  -0.4944192
   0.18276523  0.5063368  -0.8336529  -0.55758893 -0.5814092  -0.12605172
  -0.4254646   0.53651625  2.3943202   0.41749555 -0.02995727 -0.14765988
  -0.17249945 -0.01053195  1.3907267   2.5947335  -0.13798061 -0.2245565
   0.02314004 -0.40518185 -0.7771968   0.8434753  -0.11736691  0.24764764
  -0.25180832 -0.16918159  0.19085537 -0.35517454 -0.39365646 -0.7546741
  -0.9878593  -0.55541176 -0.31450945 -0.6188043   0.40471238 -0.7425404
  -0.43511516  2.008778    1.1981597   0.6982531  -0.34265372 -0.18515606
  -0.2504662   0.00939474  0.60713995 -0.27827144 -0.29839057 -0.57764685
  -0.50662374 -0.88307476 -0.41366345  1.1125423   0.27227733  1.2903663
  -0.6044988   0.31023     0.12229683  1.4031093  -0.00573538 -0.39968804
  -0.15820993  1.2385415   0.19344357 -0.4250725 ]]