[[ 1.0335143   0.46431512  1.2323016  -0.2673398  -0.84829783 -0.9736491
  -0.62337315 -0.34226352 -0.11400297 -0.40542433 -0.55634904 -1.1010213
   0.4063068  -0.25315008 -0.66727173  1.9154892   0.00570806  0.60716045
  -0.45438954  0.6636894   3.0360882  -0.416202   -0.97421265 -0.4962675
   0.21135472 -0.6107572  -0.32248533  0.30580658 -0.43616548 -0.53849965
  -0.22024345 -0.557167    0.1137244   0.69426274 -0.32745418 -0.341785
   0.00443626  0.3381573  -0.8681095  -0.5973093  -0.49971196 -0.24831934
  -0.33434737  2.6615229   1.1873941   1.3296388  -0.5128644  -0.46249124
  -0.25561798 -0.11422887  1.4856404   1.6784201  -0.05130775 -0.13481787
  -0.72662795 -0.91034096 -1.136974   -0.12384753 -0.38901275  0.20417541
  -0.17084283 -0.47026488  0.07879031 -0.5389729  -0.51822776 -0.5565634
  -0.8617103  -0.48309553 -0.44493005 -0.55243427  1.0705935  -0.63740546
  -0.49301112  1.4919133   1.4773959  -0.35460064 -0.5144156  -0.5615142
  -0.18640117  0.02539523  0.22314341 -0.3874649  -0.60019624 -0.7834204
  -0.79710054 -0.75087994 -0.49077514  0.64980644 -0.4157075   0.18053891
  -0.6568847   0.7491273  -0.2095798   1.6084334   0.44703513 -0.40806398
  -0.09389777  1.0062989   0.24639225 -0.6047764 ]]