[[ 1.3020517e+00  4.1597873e-01  3.4107411e-01 -2.4105461e-01
  -6.5949333e-01 -9.0637237e-01 -7.3968387e-01 -5.4190302e-01
  -2.7021348e-01 -1.4164169e-01 -4.8562121e-01 -8.9139473e-01
   6.1626476e-01 -2.4772780e-01 -4.5282465e-01  8.8891423e-01
  -1.9122742e-01  7.8446782e-01 -2.9585978e-01  1.0148582e+00
   1.2951745e+00 -5.5770856e-01 -4.6077633e-01 -6.8217111e-01
   3.0010262e-01 -3.3103538e-01 -3.6740690e-01  1.1896072e-01
  -3.7621123e-01 -5.7658184e-01 -1.2709160e-01 -6.1524332e-01
   2.7797830e-01 -2.1000455e-01 -4.1558397e-01 -2.9087114e-01
   3.7448195e-01 -4.1814107e-02 -7.0611662e-01 -6.3817126e-01
  -4.9657229e-01 -4.2372611e-01 -4.0509152e-01  8.2585418e-01
   1.7587837e+00  1.0273064e+00 -3.6280799e-01 -4.5095402e-01
  -4.0488830e-01  3.9246678e-01  1.1376867e+00  2.3743677e+00
   2.3893936e-01 -3.5281405e-01 -4.7892579e-01 -6.3034785e-01
  -9.2381215e-01 -7.0728213e-03 -3.3094901e-01  1.0217172e-01
  -2.5009602e-01 -3.6464640e-01  3.8862696e-01 -3.4354290e-01
  -5.1097977e-01 -5.0734168e-01 -7.2144455e-01 -4.5905221e-01
  -4.1400200e-01 -7.1610790e-01  4.3474132e-01 -5.7063025e-01
  -3.6459801e-01  2.0748839e+00  1.1931477e+00 -1.3540375e-01
  -1.9788224e-01 -4.5876265e-01 -2.5247848e-01 -1.1229094e-01
   6.7852002e-01 -1.0237351e-01 -4.1080245e-01 -6.2085867e-01
  -4.7254825e-01 -6.9940710e-01 -4.4701463e-01  1.0530750e+00
  -2.0372528e-01  8.4536928e-01 -3.8564014e-01  3.1038460e-01
   6.4434133e-02  1.4186074e+00 -1.8166715e-01 -3.6414289e-01
  -1.0200776e-04  1.1410041e+00  5.9851015e-01 -4.9199691e-01]]