[[ 0.886277    0.47021398  1.1628321  -0.19992574 -0.80368954 -0.9764597
  -0.6619158  -0.2859611  -0.05727479 -0.34825543 -0.57251847 -1.0724499
   0.101353   -0.26999724 -0.67038715  1.7307699  -0.38771388  0.33450085
  -0.44746715  0.81677574  2.796197   -0.42200825 -0.8881559  -0.5142154
   0.01972547 -0.55877155 -0.3641576   0.19552709 -0.4708087  -0.6146513
  -0.39213875 -0.7001737   0.17304735  0.55840635 -0.5287291  -0.41147715
   0.01207929  0.30908802 -0.8836148  -0.57413006 -0.5344143  -0.25600192
  -0.39360532  2.5372803   1.4817816   0.82184696 -0.46265382 -0.42947388
  -0.00376365 -0.16742867  1.0738221   1.9609367  -0.01326559 -0.22497602
  -0.7512663  -0.90089667 -1.1088735  -0.09054804 -0.37721583  0.3034622
  -0.16564052 -0.372978    0.07986946 -0.42556033 -0.5275617  -0.63511014
  -0.91344297 -0.49611136 -0.4594118  -0.5941765   0.94471085 -0.68615
  -0.48170015  1.3726596   1.3224367  -0.19615115 -0.4176774  -0.54668504
  -0.31955424  0.07174808  0.3163842  -0.4269662  -0.5974806  -0.74015176
  -0.7031869  -0.8031776  -0.463548    0.71400654 -0.01548395  0.47023395
  -0.6611621   0.68743753 -0.1315286   1.1472056   0.30910465 -0.44482058
  -0.19527741  1.0051061   0.07440308 -0.48990357]]