[[ 1.064591    0.5507171   0.6815257  -0.24280114 -0.6718181  -0.8520337
  -0.68645036 -0.47196472 -0.09108984 -0.3362782  -0.40328848 -1.0085785
   0.61767244 -0.27741006 -0.5176053   1.0347819   0.06603882  0.59929264
  -0.33671185  0.5073923   2.2838516  -0.50781333 -0.8070402  -0.5514814
   0.45229894 -0.5179743  -0.3571636   0.21986003 -0.3523544  -0.59698904
  -0.06491867 -0.3328045   0.01683306  0.03978235 -0.27258223 -0.35666123
  -0.01634688  0.5926804  -0.82802534 -0.66494477 -0.47846115 -0.08252827
  -0.3771899   1.3109764   1.3408619   1.110573   -0.39241773 -0.4129624
  -0.09790512 -0.03902296  1.6858879   1.4198368   0.06641055 -0.07899205
  -0.06128146 -0.46950844 -0.89787906  0.15903541 -0.19234361  0.20775369
  -0.20821553 -0.3758612   0.03229946 -0.39309883 -0.44944277 -0.5110495
  -0.7958349  -0.41040128 -0.38759023 -0.5877415   0.44326657 -0.6175649
  -0.43118137  1.4151473   1.0038979  -0.40219837 -0.50465953 -0.5066391
  -0.17068264 -0.14089817  0.2190122  -0.26688564 -0.500642   -0.6976945
  -0.5739475  -0.7374038  -0.48745498  0.55164033 -0.14816496  0.1866135
  -0.52490973  0.30428442 -0.31986877  1.4243929   0.33320755 -0.35121828
  -0.00970059  0.82137793  0.16047364 -0.5155538 ]]