[[ 0.723345    1.080624    0.5681957  -0.23734538 -0.6538488  -0.8890725
  -0.88523793 -0.45426276 -0.11667009 -0.22253568 -0.5095552  -1.0794821
   0.3898405  -0.29175773 -0.6977365   0.9462487  -0.14771774  0.935089
  -0.40620053  0.3282743   2.596212   -0.5850704  -0.88534963 -0.553767
   0.7413295  -0.76404035 -0.09098743  0.19786605 -0.38025904 -0.7023704
   0.24658813  0.33320132 -0.09854121 -0.09915809 -0.3032904  -0.43958044
   0.0471467   0.5319443  -0.9106026  -0.7142509  -0.4920756  -0.11132718
  -0.41131008  2.101393    1.0304459   0.8545216  -0.38140774  0.39201048
  -0.23039281 -0.05174305  1.6685921   1.1025698  -0.1383677  -0.15132709
  -0.19308671 -0.46071056 -0.83562326  0.35181051 -0.3325979   0.22978358
  -0.07535215 -0.39499918 -0.21246997 -0.5145845  -0.4745663  -0.61307603
  -0.8762403  -0.5280893  -0.43854636 -0.5662301   0.41264367 -0.74956185
  -0.51798314  0.9217716   0.81557494 -0.43778804 -0.64153427 -0.4705777
  -0.25297385  0.09920943 -0.10212813 -0.3368758  -0.47106645 -0.76620114
  -0.7132935  -0.8708488  -0.49829414  0.36877653 -0.14128841  0.21422507
  -0.6651337   0.29348436 -0.3234503   1.2747103   0.6579685  -0.39595643
  -0.00295857  0.6519447  -0.06253462 -0.48754376]]