[[ 8.0388492e-01  7.9163706e-01  5.8741111e-01 -2.1918049e-01
  -6.7190182e-01 -8.9352322e-01 -9.0801853e-01 -5.1763880e-01
  -1.5110043e-01 -1.3254087e-01 -4.6115479e-01 -1.0158914e+00
   3.8957542e-01 -2.6278684e-01 -6.1929834e-01  8.9371955e-01
  -3.7631205e-01  8.2284367e-01 -3.6965096e-01  7.6629013e-01
   2.6434171e+00 -4.7577119e-01 -7.7639675e-01 -5.9677315e-01
   1.7192546e-01 -6.5060008e-01 -3.9338374e-01 -2.4013655e-02
  -3.6383972e-01 -6.3495618e-01 -1.9761738e-01 -3.7622580e-01
   1.6796488e-02 -1.9226633e-03 -2.7994156e-01 -4.0993723e-01
   2.4970476e-01  3.1201473e-01 -8.7053007e-01 -6.5212524e-01
  -5.3501540e-01 -3.9830282e-02 -3.9968535e-01  1.5476466e+00
   1.4402688e+00  8.1770849e-01 -3.7544844e-01 -3.5210067e-01
  -1.4333867e-01 -3.8817417e-02  1.4300071e+00  1.9113966e+00
  -5.2090995e-02 -4.2808601e-03 -2.0681073e-01 -5.6444454e-01
  -9.6054161e-01  1.2261904e-01 -2.1767367e-01  2.2104380e-01
  -2.1638662e-01 -3.0636075e-01  9.9965952e-02 -3.9998591e-01
  -4.8896179e-01 -6.1949903e-01 -8.8567227e-01 -5.3414994e-01
  -4.1816381e-01 -6.4010018e-01  5.8961439e-01 -6.2542659e-01
  -4.3374932e-01  1.3048024e+00  1.1048034e+00 -4.3606916e-01
  -4.2219746e-01 -4.0863311e-01 -1.2712550e-01 -1.1427488e-01
   1.2975292e-01 -3.8632637e-01 -4.9106219e-01 -7.1222878e-01
  -5.7648331e-01 -7.7648306e-01 -4.9233440e-01  7.5998759e-01
   5.1714294e-03  4.0399060e-01 -6.0587585e-01  4.3560520e-01
  -3.0386251e-01  1.1405905e+00  2.6313621e-01 -3.8127065e-01
   6.4246684e-02  8.6438239e-01 -1.5008371e-02 -5.1406431e-01]]