[[ 1.0673678   1.0486777   0.09293113 -0.27469847 -0.5632983  -0.8185711
  -0.8852797  -0.42507076 -0.13950655 -0.16414699 -0.46397835 -0.9940496
   0.39957973 -0.25313362 -0.5585938   0.44406834 -0.23541278  0.43150198
  -0.20550792  1.0262603   1.2743956  -0.52887994 -0.56164557 -0.5905558
   0.29490635 -0.36110663 -0.40670073 -0.37486956 -0.31861082 -0.7145469
  -0.13808623 -0.47416562  0.07330608 -0.42904675 -0.39307377 -0.37611845
  -0.05248853  0.7021243  -0.83012736 -0.6637632  -0.51227623 -0.27033296
  -0.44195443  0.36507708  1.8989565   0.56897557 -0.25950754 -0.4076044
   0.17231715  0.17139825  1.172407    2.364559    0.00763117 -0.35188198
  -0.4695133  -0.62097085 -0.78411245  0.05841192 -0.3656938   0.13025203
  -0.20775846 -0.3095915   0.19617587 -0.31572953 -0.43773192 -0.59014916
  -0.74268764 -0.43440467 -0.37073022 -0.7397778  -0.12139386 -0.6218967
  -0.3448578   1.7526788   0.6731684  -0.49388978 -0.13519888 -0.5069456
  -0.20253919 -0.1885812   0.49785426 -0.12959926 -0.44685033 -0.60270846
  -0.25492686 -0.80752516 -0.375806    0.96877337  0.77641743  0.69454694
  -0.45129913  0.18665048 -0.35221517  0.73505014 -0.23769966 -0.3346479
  -0.0256783   0.95984477 -0.07007954 -0.26454207]]