[[ 0.85486484  0.5048446   0.56695426 -0.27414563 -0.67363906 -0.8791733
  -0.8038586  -0.48322704 -0.12278167 -0.30273804 -0.44831622 -1.0229616
   0.446731   -0.25979298 -0.49642715  0.88554233 -0.35625675  0.66767395
  -0.33149114  0.49043387  2.622432   -0.4884328  -0.7504055  -0.56503063
   0.14515725 -0.5240863  -0.25710627  0.04785596 -0.3129098  -0.69161505
  -0.16387811 -0.33380166 -0.06020246 -0.04419553 -0.3299426  -0.35090965
   0.06667627  0.48524404 -0.8613905  -0.66373557 -0.5289007  -0.00413284
  -0.43386465  1.4370718   1.2658337   0.53105843 -0.2946835  -0.2636148
  -0.0724453   0.07850524  1.5002956   1.2535899   0.02342401  0.03688129
  -0.15698144 -0.5591471  -0.8408282   0.34394646 -0.22247952  0.30493182
  -0.23389977 -0.3473024   0.00282534 -0.473226   -0.4459871  -0.5553189
  -0.8274762  -0.49429527 -0.38454393 -0.5991374   0.5957835  -0.63394237
  -0.44822198  1.0385497   0.8515879  -0.28018224 -0.52374285 -0.42623433
  -0.20885591 -0.13903628  0.22886206 -0.27784073 -0.49763146 -0.6750263
  -0.611328   -0.82576185 -0.47008237  0.58095706  0.09704944  0.57259685
  -0.5549742   0.2548102  -0.21938504  1.2550696   0.25870058 -0.39177737
   0.05229742  0.6932623  -0.01015818 -0.49539196]]