[[ 0.42325637  0.4555933   0.5917269  -0.17041424 -0.48853713 -0.7114041
  -0.6176689  -0.2332794  -0.1845682  -0.39602596 -0.31144956 -0.9594401
   0.7040505  -0.31249383 -0.5972164   0.5656672  -0.30379707  0.4810234
  -0.10969451  0.6595394   1.706697   -0.46654984 -0.58888817 -0.49597642
   0.00724452 -0.46464223  0.04912081 -0.17546779 -0.16263452 -0.5975416
  -0.13316247  0.2303556   0.07970795  0.00559551 -0.523995   -0.17626874
  -0.04160804  0.39428988 -0.8506498  -0.53857833 -0.44313586 -0.2575756
  -0.42952698  1.8104054   1.4170407   0.10418376 -0.5118973   0.1054939
   0.01248204  0.03683579  1.106767    1.8254607   0.1837133   0.0606302
  -0.6568482  -0.64625406 -0.66342616  0.625665   -0.39149606  0.35350922
  -0.07749084 -0.3808272  -0.11212439 -0.34059533 -0.41064808 -0.32335192
  -0.7930919  -0.43979913 -0.44285682 -0.48985493  0.09809813 -0.60962325
  -0.45058396  1.1898052   0.7003426  -0.3681798  -0.1301447  -0.46831
  -0.35064113 -0.24145778  0.42768776 -0.45798534 -0.4871294  -0.5613972
  -0.53488994 -0.68168753 -0.44243947  0.77669287 -0.01029205  0.331545
  -0.43631747  0.34838834 -0.25588223  0.44993493  0.11998035 -0.4293391
  -0.09883083  0.84071    -0.34254122 -0.39360327]]