[[ 0.42780402  0.70047766  0.24356563 -0.5033002  -0.67915875 -1.1897905
  -0.8332161  -0.9035901  -0.48669547  0.06030832 -0.49972072 -1.0661798
   1.3950115  -0.2808547  -0.5242675   1.6557584  -0.35898507  0.7930419
  -0.47230664  0.4895596   2.5457118  -0.61918956 -0.8556305  -0.7658855
  -0.01425459 -0.58226633 -0.39353332  0.44796827 -0.46720904 -0.5777608
  -0.33387056 -0.43735856 -0.26818413 -0.48616487 -0.37114662 -0.44829202
   0.36107236  0.0390541  -0.6556825  -0.8757924  -0.6625401  -0.37934434
  -0.318674    0.58996594  0.8735339   0.45663396 -0.3263921  -0.18135217
  -0.46174178  0.62535214  1.0091115   1.3500681   0.01352554 -0.4643087
  -0.15232052 -0.62811506 -1.1711195  -0.11394902 -0.35063034 -0.09576675
  -0.2741632  -0.3789703   0.17304751 -0.37469593 -0.59411997 -0.6231294
  -0.5491592  -0.5242236  -0.33593076 -0.77305764  1.2788943  -0.71990764
  -0.4189917   0.7286251   1.156409    0.13233241 -0.44056565 -0.55434173
  -0.29862776  0.03382777  0.03869388  0.29110292 -0.45068055 -0.69226295
  -0.5434778  -0.7800642  -0.3756456   0.37515843  0.06218055 -0.00980921
  -0.68158674  0.07991701 -0.11265636  1.9893234  -0.10420837 -0.35920754
   0.3471541   0.49026108  0.34927163 -0.65078026]]