[[ 1.7578101   0.9566849  -0.07538755 -0.38646162 -0.6334134  -0.8576577
  -1.1252297  -0.6740211  -0.41571078  0.29066166 -0.53313184 -0.86118424
   0.09099972 -0.21204525 -0.53497833 -0.0288069   0.09735221  1.7311317
  -0.3360634   1.364986    1.4910673  -0.5437909  -0.5446005  -0.68404233
   0.5560344  -0.520174   -0.3942082   0.28983778 -0.42225483 -0.53924763
   0.53349453 -0.5311768   0.20411676 -0.43345433 -0.27376488 -0.28504127
   0.91761905  0.04454782 -0.55394673 -0.63737464 -0.4747506  -0.5218798
  -0.3006286   0.46227336  1.5924757   2.0571625  -0.5459865  -0.34804553
  -0.59476185  0.28362247  1.9384915   3.0776303  -0.22734223 -0.43461812
  -0.7020283  -0.71864283 -0.996913   -0.1875347  -0.48039308 -0.23321576
  -0.23830158 -0.34110516  0.6802626  -0.51925325 -0.41303775 -0.67311907
  -0.8316618  -0.5776423  -0.44925302 -0.71202004  0.47477955 -0.55773795
  -0.29386553  2.2638948   1.2835678   0.14179228  0.01219897  0.09938868
  -0.25050116 -0.16964887  0.45268723 -0.26907203 -0.32200253 -0.7975279
  -0.6017247  -0.7096556  -0.48770747  1.6571515  -0.20426375  1.1938975
  -0.4571594   0.5350164   0.3988373   2.6424115  -0.5364617  -0.26372012
   0.04706147  1.2510779   1.3808854  -0.56696934]]