[[ 0.75248766  0.6293357   0.62103313 -0.13345131 -0.61950976 -0.7874663
  -0.7116051  -0.4881384  -0.09315189 -0.30915436 -0.33799744 -0.9309941
   0.75391245 -0.2295082  -0.46220082  0.7849709  -0.26558942  0.5233633
  -0.23736899  0.60881114  2.0315666  -0.5146343  -0.64663434 -0.5648882
   0.25081033 -0.46362036 -0.35695273  0.05352649 -0.24963136 -0.61729455
  -0.1980089  -0.28617924  0.01162854 -0.08787235 -0.24575794 -0.323131
   0.06010783  0.32300496 -0.80578977 -0.616513   -0.4845083  -0.14191827
  -0.4056525   1.1128776   1.4319485   0.46700436 -0.3805626  -0.359395
  -0.13965537  0.07793432  1.148552    1.5121926   0.2866126  -0.01109415
  -0.02532553 -0.37560323 -0.8532784   0.29961687 -0.18067813  0.3425715
  -0.25644907 -0.29036257 -0.0081509  -0.28941545 -0.43379197 -0.53008014
  -0.7784731  -0.33500138 -0.37095588 -0.601897    0.2649597  -0.54680514
  -0.39627486  1.3123059   0.9561715  -0.4035896  -0.3925007  -0.5216281
  -0.07860682 -0.14678359  0.333703   -0.25370055 -0.4373537  -0.623576
  -0.48260424 -0.703645   -0.47152108  0.67523736 -0.15961072  0.33308882
  -0.46831855  0.2822607  -0.23999932  0.8038865   0.32630023 -0.36388347
   0.07529651  0.8365876  -0.1076838  -0.46502846]]