[[ 1.3713876   1.4064666   0.22294873 -0.06863534 -0.5579114  -0.7258959
  -1.005384   -0.38761887 -0.18634297 -0.15183735 -0.53734016 -0.9321908
   0.19712603 -0.24549478 -0.642774   -0.03928527 -0.04605404  0.9511699
  -0.23178793  0.972404    0.9895     -0.5793517  -0.5615174  -0.54908687
   0.9290556  -0.5563156  -0.07265192 -0.30802774 -0.35800555 -0.7444582
   0.44864538  0.2513157   0.09186366 -0.43890694 -0.36020073 -0.34793463
   0.04175705  0.47435924 -0.88405514 -0.59422684 -0.42802462 -0.3041499
  -0.42235035  1.1745266   1.8776786   0.8779014  -0.30751342  0.28353328
  -0.23011017  0.03186218  1.4631091   2.267389    0.13668561 -0.16781045
  -0.68954086 -0.6587471  -0.6524828   0.4003816  -0.42817143  0.31463072
  -0.10549833 -0.35486543  0.13106892 -0.25581986 -0.36798438 -0.5790989
  -0.7804736  -0.37477976 -0.42636853 -0.6427843  -0.4024747  -0.65084714
  -0.40856907  1.9677346   0.6381412  -0.57111573 -0.118493   -0.37890893
  -0.2530916  -0.00681184  0.49973485 -0.30769044 -0.37195605 -0.66182035
  -0.40597442 -0.81803113 -0.41528878  1.0686718   0.23918463  0.79814214
  -0.46169955  0.39056197 -0.23235261  0.67944336  0.17396699 -0.34134272
  -0.10256074  1.1359924  -0.04986433 -0.3083137 ]]