[[ 0.61514527  0.7372176   0.2089097  -0.1264546  -0.5536889  -0.83228886
  -0.77272165 -0.5064108  -0.07152176 -0.14405665 -0.461677   -0.72874314
   0.4635358  -0.23005323 -0.24819571  0.17532378 -0.46652415  0.46434358
  -0.3001269   1.2165018   1.1868279  -0.5773275  -0.499826   -0.65956515
   0.19577357 -0.22818768 -0.37362322  0.46113825 -0.39041823 -0.65697914
  -0.2674712  -0.5628309   0.08009683 -0.4356116  -0.4648833  -0.25712657
   0.4862776   0.07646117 -0.62382734 -0.5353096  -0.4579856  -0.15398182
  -0.35835102 -0.04120381  1.9978726   0.19810724 -0.28398103 -0.16019224
  -0.10443654  0.36020792  0.5206314   2.1577177   0.37735    -0.22949956
   0.08868237 -0.25811714 -0.7633221   0.10852434 -0.2112529   0.18727356
  -0.24951167 -0.14142574  0.1418199  -0.19970208 -0.37337816 -0.58221966
  -0.7614734  -0.32500732 -0.32067508 -0.572947    0.38542902 -0.4916167
  -0.35065883  1.6165837   1.1062329   0.14349729 -0.16360894 -0.36370617
  -0.20064634 -0.05651963  0.7681724  -0.08877856 -0.35440296 -0.5371336
  -0.35330287 -0.6411677  -0.37512976  1.076541    0.2563358   0.6117764
  -0.36373824  0.279775    0.41787812  0.90479475  0.03665778 -0.33934876
  -0.01442955  1.0001885   0.2880763  -0.40244898]]