[[ 0.8973479   0.7868278   0.6177484  -0.0608875  -0.695517   -0.85991454
  -0.81436235 -0.3965409  -0.12077151 -0.28828818 -0.5391045  -0.94266236
   0.15161571 -0.23948948 -0.56080467  0.8706     -0.57996607  0.29850727
  -0.3061209   1.3033197   1.8340424  -0.46932647 -0.57329303 -0.59888685
  -0.01239436 -0.4083444  -0.40990585 -0.15190199 -0.38071114 -0.66111076
  -0.39341998 -0.71160305  0.19063747  0.10691951 -0.3821584  -0.3372615
   0.15350462  0.07229097 -0.8276361  -0.5387375  -0.5385146  -0.37138498
  -0.44271517  1.4552684   1.9876758   0.45455775 -0.40699536 -0.44331554
  -0.0943477   0.07090146  0.6831622   2.6595063   0.18828005 -0.3088499
  -0.65421206 -0.7628749  -0.93862754 -0.02604985 -0.3568138   0.28881004
  -0.2424766  -0.2860249   0.20959419 -0.35117683 -0.48839658 -0.60742766
  -0.84660304 -0.4220978  -0.41425523 -0.6961008   0.3727765  -0.5309973
  -0.39532602  1.7856622   1.2444448  -0.30841663 -0.15366271 -0.50415146
  -0.01184474 -0.00577985  0.71658707 -0.3044039  -0.468487   -0.609171
  -0.33197325 -0.7683897  -0.42474145  1.0794456   0.16589719  0.97294486
  -0.46727923  0.56305695 -0.03065962  0.5989751   0.02806609 -0.40469468
  -0.11186363  1.175118    0.01071582 -0.4382709 ]]