[[ 0.8070794   0.54124695  0.727596   -0.2313053  -0.67694414 -0.8788291
  -0.744515   -0.4006499   0.03075511 -0.3689676  -0.46940446 -1.0323527
   0.4635836  -0.2701733  -0.511994    1.170313   -0.3494478   0.37414682
  -0.36639833  0.5213108   2.654      -0.47771    -0.83633935 -0.57025266
   0.25765005 -0.6046381  -0.43304953  0.22190988 -0.35258305 -0.6486121
  -0.3396422  -0.35883155  0.12051158  0.06320258 -0.3399222  -0.4394226
   0.00726143  0.45099902 -0.8730382  -0.6483189  -0.5306333   0.21460703
  -0.3974788   1.4565384   1.6091973   0.5629256  -0.22260146 -0.3144415
  -0.0337243  -0.12920213  1.1469862   1.5475445   0.01820277  0.1304688
   0.15221868 -0.39282882 -0.87688917  0.17880158 -0.03985661  0.3375662
  -0.18561095 -0.32979771 -0.00943568 -0.3208209  -0.49461916 -0.5927569
  -0.8682795  -0.4320264  -0.36935908 -0.56525934  0.77154064 -0.6225461
  -0.45228386  1.2788428   1.1557779  -0.39968264 -0.5649522  -0.53279054
  -0.17343932 -0.12329188  0.10192952 -0.30809784 -0.5395773  -0.6836277
  -0.6610397  -0.7740687  -0.47464007  0.57341695 -0.12982175  0.24598984
  -0.6016922   0.39765552 -0.35843033  1.1443217   0.51093924 -0.39185312
   0.07784671  0.83958447 -0.14787571 -0.41366264]]