[[ 0.9238975   0.8809791   0.410019   -0.06548999 -0.61260897 -0.8866044
  -0.90241796 -0.4846556  -0.23798354 -0.2325223  -0.5248107  -1.0114566
   0.5744551  -0.2517188  -0.6676759   0.6523046  -0.16259158  1.1279298
  -0.2458614   0.9506806   2.141315   -0.5030643  -0.66151416 -0.60209996
   0.17185739 -0.5416498  -0.27174327 -0.12898602 -0.2847175  -0.6399818
  -0.13029616 -0.28150627  0.0784177  -0.02982432 -0.12019771 -0.30896983
   0.62948006  0.3747494  -0.8520741  -0.6532168  -0.5141411  -0.36356667
  -0.42310736  1.4974037   1.1119287   1.1359855  -0.4316003  -0.06571155
  -0.30817515  0.17620783  1.9717636   1.9961994   0.08362294 -0.08425809
  -0.72815996 -0.8069704  -0.7280669   0.19308643 -0.41341472  0.18343638
  -0.14323783 -0.30383512  0.05804938 -0.4902524  -0.48529354 -0.5511339
  -0.847645   -0.5259147  -0.45299298 -0.68857884  0.28925386 -0.59996927
  -0.48763925  1.4490372   1.104712   -0.43954578 -0.14331073 -0.48748916
   0.06238429 -0.09839946  0.42142376 -0.37443054 -0.42537287 -0.6504368
  -0.46834737 -0.76237744 -0.5105739   0.72942066  0.04385601  0.5688411
  -0.4952704   0.49323964 -0.19912061  1.1403      0.3184161  -0.39881477
   0.24245946  0.8967911   0.11211941 -0.5136929 ]]