[[ 9.6566415e-01  7.4206728e-01  2.7859718e-02 -2.1116221e-01
  -5.3586346e-01 -8.2255894e-01 -7.5097865e-01 -3.8356516e-01
  -1.4122349e-01 -1.5414503e-01 -4.6208280e-01 -8.2108361e-01
   2.7622249e-02 -2.5065520e-01 -4.6090573e-01  9.9303991e-02
  -2.5753465e-01  3.1537113e-01 -2.1033850e-01  1.2803428e+00
   1.0309247e+00 -5.5424303e-01 -5.6568325e-01 -6.2923050e-01
   2.3353024e-01 -3.3357197e-01 -3.9394745e-01  4.6156946e-01
  -3.7783074e-01 -6.2023431e-01 -1.7592524e-01 -5.9684098e-01
   2.5851783e-01 -3.7844560e-01 -4.4553265e-01 -3.7359706e-01
   2.9491225e-01  2.6895532e-01 -5.5654591e-01 -5.0463206e-01
  -4.6439210e-01 -3.5986897e-01 -3.7169069e-01  3.4317699e-01
   2.0366628e+00  7.6714021e-01 -4.6163335e-01 -1.4255267e-01
   3.8022704e-02  2.7342759e-02  1.0550834e+00  2.5658371e+00
  -1.5051409e-02 -3.7431481e-01 -6.0302168e-01 -6.1762345e-01
  -8.0187190e-01 -5.7351962e-02 -3.6589825e-01  4.3978728e-02
  -1.2780026e-01 -2.6186630e-01  1.8839879e-01 -3.4736386e-01
  -4.2026499e-01 -6.1611283e-01 -8.0562299e-01 -4.1395950e-01
  -3.8985598e-01 -5.9065020e-01  3.7858295e-01 -5.3989261e-01
  -3.7804374e-01  1.9411727e+00  1.0381739e+00  3.7953895e-01
   3.4698814e-02 -2.9473710e-01 -1.3685608e-01  1.6340688e-03
   7.4020666e-01 -2.7740577e-01 -3.3277848e-01 -5.7484317e-01
  -3.0044869e-01 -6.7246801e-01 -3.8947853e-01  1.1035500e+00
   1.5127322e-01  7.6654464e-01 -3.7397721e-01  2.9550707e-01
   3.7922001e-01  1.2562258e+00 -2.4124587e-01 -3.2793930e-01
  -1.5381823e-01  1.0175555e+00  6.4584309e-01 -2.8948751e-01]]