[[ 0.86675376  0.7964909   0.6034628  -0.06792546 -0.6880006  -0.8612117
  -0.8234937  -0.39509425 -0.11886043 -0.28191686 -0.5389631  -0.9384895
   0.13965693 -0.23555042 -0.56003016  0.85571027 -0.5745366   0.28833097
  -0.29527903  1.326205    1.7957011  -0.46700722 -0.5670369  -0.59818345
  -0.01362108 -0.40791237 -0.4152624  -0.16906571 -0.3775614  -0.66177046
  -0.39395088 -0.7064149   0.18028796  0.10903457 -0.39312088 -0.3369138
   0.1204116   0.06185314 -0.83373207 -0.5301443  -0.53526026 -0.3723104
  -0.43455434  1.4112144   2.0638235   0.4173492  -0.40935346 -0.45282397
  -0.1079094   0.07267731  0.6331009   2.7267957   0.17540772 -0.31436655
  -0.65096164 -0.75726783 -0.9366155  -0.0355351  -0.35514736  0.26536554
  -0.23662944 -0.28292862  0.20943438 -0.34775996 -0.48594344 -0.6036742
  -0.8476808  -0.43662572 -0.41135377 -0.69715893  0.3570138  -0.52953595
  -0.39205176  1.8362497   1.2291094  -0.3238104  -0.11578852 -0.50119
  -0.01855867 -0.00751314  0.7657089  -0.33087882 -0.4677876  -0.60153484
  -0.33310673 -0.7614306  -0.42113796  1.1265823   0.16394418  0.96584433
  -0.4606571   0.57795095 -0.03367217  0.57134575  0.02211645 -0.41609225
  -0.11210183  1.1933632  -0.02520144 -0.43421787]]