[[ 0.831567    0.6587242   0.1763847  -0.1367004  -0.4596125  -0.6716893
  -0.73075074 -0.32456395 -0.13952327 -0.28187597 -0.24036504 -0.9173844
   0.5727809  -0.28800726 -0.5624605  -0.20952153 -0.4073707   0.53136945
  -0.07304297  0.8211182   1.1893467  -0.47399694 -0.5024752  -0.5743722
   0.03903239 -0.36910912 -0.24819633 -0.42758736 -0.12973504 -0.6722728
  -0.23551242 -0.14350659  0.16792512 -0.44468623 -0.4700057  -0.367933
   0.0318334   0.5548439  -0.78476393 -0.53674424 -0.47142553  0.01418439
  -0.46260613  0.47619295  1.9241635   0.19260418 -0.22748058  0.0261651
   0.28087866  0.00519299  1.2877434   2.013228    0.23538503  0.33802795
  -0.620015   -0.63654995 -0.518402    0.5085315  -0.3322043   0.5440753
  -0.17871973 -0.3323345  -0.03134749 -0.22518024 -0.3645722  -0.5061555
  -0.82569015 -0.38837937 -0.40855289 -0.5808309  -0.07915137 -0.55677253
  -0.42763215  1.5140239   0.42096198 -0.34284988 -0.1853621  -0.40576187
  -0.29883516 -0.359732    0.42096287 -0.41148016 -0.44129634 -0.54376
  -0.32953164 -0.7104348  -0.39610067  0.87097627  0.38767287  0.5926875
  -0.4110135   0.15173309 -0.2853048   0.29603875 -0.14629418 -0.3422963
  -0.07270931  0.8592681  -0.26817703 -0.2125123 ]]