[[ 1.0922647   0.4165802   0.4724549  -0.13185328 -0.62238395 -0.7765089
  -0.7153529  -0.39165592 -0.18932596 -0.25328678 -0.47708365 -0.82374597
   0.3043392  -0.24515449 -0.42020634  0.58169514 -0.17740259  0.58637226
  -0.24917044  1.0330887   1.0842526  -0.51157904 -0.47676563 -0.57472754
   0.32905066 -0.30246916 -0.3601172   0.15471284 -0.3637457  -0.5788069
  -0.10897087 -0.6193714   0.09478536 -0.10880193 -0.4397461  -0.2550724
   0.25357944 -0.0034082  -0.6734446  -0.523442   -0.4646383  -0.3751097
  -0.39951062  0.9738916   1.6846747   0.80383974 -0.42037833 -0.3802826
  -0.32954547  0.17723554  0.9182927   2.1760526   0.2646664  -0.27258193
  -0.5690907  -0.65490586 -0.83178127  0.01652583 -0.34160256  0.20892403
  -0.2524962  -0.3068704   0.18950264 -0.30978385 -0.40405208 -0.48344785
  -0.7313562  -0.36659595 -0.41544777 -0.6265971   0.29835528 -0.5139181
  -0.36999363  1.7090634   1.0054748  -0.06629884 -0.13353176 -0.39691648
  -0.22637565 -0.08141283  0.7440588  -0.2497919  -0.39573038 -0.5887869
  -0.41487765 -0.6678081  -0.42051056  0.97156477 -0.13449702  0.8401111
  -0.35277793  0.38672766  0.19022363  1.097758   -0.13791448 -0.3615382
  -0.11955092  1.0881343   0.35761678 -0.432254  ]]