[[ 0.56803703  1.0402851  -0.1272966  -0.43746033 -0.62605333 -1.0836961
  -1.0178549  -0.87768304 -0.33732247  0.05189984 -0.5608581  -1.0662858
   1.2723743  -0.19973864 -0.49112815  0.82227683 -0.50086164  1.1208904
  -0.3361343   0.95045173  1.7538989  -0.64231235 -0.5371292  -0.77441466
  -0.07824168 -0.26769793 -0.32505742 -0.16804339 -0.37918097 -0.68009
  -0.24390332 -0.5373596  -0.26797426 -0.6065608  -0.28136042 -0.32583266
   0.66296065  0.1694866  -0.80162954 -0.83042926 -0.6424312  -0.46293688
  -0.39023906  0.33836028  1.4067255   0.21309914 -0.12290664 -0.30861133
  -0.3197356   0.9186152   1.0647199   2.3741097   0.15442614 -0.6212835
  -0.3130874  -0.6297378  -0.8184551  -0.16432951 -0.38991868 -0.19873826
  -0.2776871  -0.3475939   0.23400947 -0.38139135 -0.5353846  -0.585392
  -0.6363694  -0.69442815 -0.34691918 -0.9489923   0.4418132  -0.61723316
  -0.4142338   1.4472843   1.0302228  -0.40073127 -0.12095871 -0.47377968
   0.06087593 -0.08989839  1.0164732   0.1924192  -0.34603098 -0.5733206
  -0.20977503 -0.8413962  -0.39015356  0.92596376  0.62275493  0.8223368
  -0.47920322  0.1289998  -0.10185423  1.1540585  -0.33729228 -0.4078915
   0.3048966   0.7746808   0.07437208 -0.5361545 ]]