[[ 0.3886225   0.31544146  0.28150907 -0.12846306 -0.47206473 -0.7803849
  -0.67104757 -0.28144842 -0.15684882 -0.43483764 -0.30513164 -0.93930364
   0.9727271  -0.3678773  -0.5936674   0.37618566 -0.17661351  0.42938146
   0.10689265  0.5460105   1.2836698  -0.56483924 -0.2180975  -0.602492
   0.23538914 -0.59254855  0.2864966  -0.08665188 -0.13613322 -0.6563768
   0.08687493  0.7685338   0.08575626 -0.47393417 -0.61442846 -0.17959909
  -0.23714317  0.603616   -0.98469204 -0.6448641  -0.46826985 -0.11359987
  -0.45687512  1.480275    2.064324   -0.01252323 -0.46662498 -0.07868841
  -0.06258487 -0.08285809  1.4260459   2.0426521   0.13521591  0.12564696
   0.19326895 -0.05463804 -0.649391    1.1391907  -0.31453004  0.32315236
   0.06120502 -0.22836132 -0.14663874 -0.1578289  -0.46077725 -0.07190253
  -0.81704354 -0.5591462  -0.43349528 -0.48362082 -0.25964338 -0.7732793
  -0.48901084  1.3585614   0.5790224  -0.36405048  0.01662017 -0.38863477
  -0.44191805 -0.29188514  0.87437433 -0.49496317 -0.4048879  -0.45755008
  -0.5763627  -0.7518337  -0.49585178  0.7832994  -0.06574589  0.53395796
  -0.36502716  0.01897818 -0.49591246  0.6412378   0.05833652 -0.4985105
  -0.18628956  0.9797982  -0.4694514  -0.3887835 ]]