[[ 0.41420063  0.7147803   0.62998617 -0.16783482 -0.68459684 -1.1129566
  -0.7844517  -0.7061167  -0.29210937 -0.20965916 -0.3821858  -1.1105152
   0.9686187  -0.30743974 -0.7289425   1.432829   -0.57046527  0.7323633
  -0.43112966  0.58144474  3.1405745  -0.5290113  -0.911594   -0.69450456
  -0.20464267 -0.6882372  -0.22822754 -0.01113091 -0.45704243 -0.66323173
  -0.47947195 -0.38191688 -0.11342251 -0.10763535 -0.3206227  -0.49545014
   0.33640614  0.31458646 -0.93842113 -0.70291543 -0.64096016 -0.13253717
  -0.39288518  1.6688926   1.209539    0.64184743 -0.30474535 -0.13321416
  -0.03542067  0.1445292   1.7461479   1.5066353  -0.00866421 -0.19038086
  -0.20199871 -0.6692505  -0.9732426   0.31986088 -0.2729909   0.15330976
  -0.13776505 -0.20973527  0.00966105 -0.4563302  -0.5836547  -0.5741426
  -0.7941841  -0.68837893 -0.41868597 -0.7234168   0.91464    -0.7672706
  -0.5347511   0.8837581   1.0354252  -0.30682516 -0.40648642 -0.58149767
  -0.21064708  0.04112128  0.178116   -0.19527383 -0.48195085 -0.6835482
  -0.649592   -0.8543945  -0.48337612  0.303788    0.23967928  0.10485055
  -0.7417517   0.26595676 -0.49884593  1.2625498   0.3438276  -0.4376749
   0.22786564  0.50616425 -0.24701166 -0.5999739 ]]