[[ 0.9414639   0.48074263  0.6757311  -0.15980248 -0.64213765 -0.8050457
  -0.6578932  -0.2892118  -0.1995058  -0.3730858  -0.41778287 -1.0019207
   0.50856256 -0.29609466 -0.5857104   0.8636904  -0.10943766  0.676575
  -0.22276585  0.8053314   1.6201026  -0.49412152 -0.60926145 -0.5316741
   0.3333449  -0.41325006  0.12992746 -0.14511742 -0.3293715  -0.6505606
   0.02735751  0.01975115  0.08180861  0.04995849 -0.48880753 -0.09657316
   0.02969203  0.3994834  -0.9060364  -0.5572539  -0.45817062 -0.3356401
  -0.45111996  2.1541982   1.5379035   0.6824317  -0.44087997 -0.20538494
  -0.05567521  0.10321772  1.4260529   1.9886031   0.2283417  -0.1781782
  -0.6834742  -0.7299342  -0.86193186  0.54010606 -0.4108261   0.298129
  -0.21785182 -0.37931716  0.02159357 -0.4122146  -0.42889917 -0.3390701
  -0.8119218  -0.458466   -0.44399357 -0.5536654   0.15840366 -0.6704063
  -0.43546736  1.4712889   0.82661605 -0.38766858 -0.30225927 -0.4705971
  -0.31696957 -0.15332937  0.54416496 -0.36370558 -0.48729888 -0.62972826
  -0.5552623  -0.7792439  -0.44879457  0.7638226   0.09643026  0.68445694
  -0.4526005   0.34938493 -0.21079658  0.8706568  -0.02261313 -0.41000688
  -0.15055135  1.0614071  -0.13015895 -0.4280582 ]]