[[ 1.4143032   0.6719423   0.48761496 -0.08235696 -0.61657417 -0.77909225
  -0.74728245 -0.38025156 -0.15290074 -0.24021757 -0.48665848 -0.8802269
   0.35468367 -0.24611707 -0.50465155  0.43836656 -0.01407428  0.60650235
  -0.25304872  1.1350933   1.0941464  -0.5098639  -0.53700596 -0.59014577
   0.4277284  -0.33365113 -0.37419823 -0.08582904 -0.38327366 -0.6189475
  -0.01669357 -0.5751753   0.17126206 -0.14938805 -0.41223955 -0.288945
   0.11954032  0.35211432 -0.7863223  -0.5518988  -0.4464158  -0.32361093
  -0.40184513  0.81191343  1.9986087   1.1170679  -0.42262366 -0.45204616
  -0.10133925  0.08875943  1.4087692   2.4871492   0.3147853  -0.18096668
  -0.59374475 -0.6650985  -0.8256154   0.1412993  -0.37414178  0.32864758
  -0.22779967 -0.33282644  0.24159794 -0.2322391  -0.40192303 -0.5049595
  -0.7819168  -0.31497455 -0.4065063  -0.64814353  0.02101415 -0.5544591
  -0.36437985  2.0598795   0.9415059  -0.34605226 -0.14413063 -0.42118847
  -0.22647043 -0.16349366  0.7143974  -0.26327038 -0.43724707 -0.63069785
  -0.36641288 -0.70462716 -0.4257807   1.0930105   0.08563683  0.8325858
  -0.37649578  0.375636   -0.06287768  1.0882609  -0.11972249 -0.3336815
  -0.12499188  1.2238046   0.29369614 -0.4117729 ]]