[[ 0.9291038   0.40643197  0.892857   -0.18924706 -0.7201688  -0.8434611
  -0.7942632  -0.3836139  -0.1807617  -0.24585682 -0.54780906 -0.92820287
   0.26017118 -0.22053844 -0.46290225  1.2609588  -0.51924276  0.6494982
  -0.32074007  1.100258    2.2416673  -0.4301817  -0.5729278  -0.5659065
   0.03972476 -0.39706606 -0.39873773 -0.04467588 -0.33530414 -0.5991411
  -0.13500859 -0.7335032   0.07827269  0.281252   -0.47655874 -0.26489285
   0.19745624 -0.11894847 -0.80679446 -0.55589676 -0.5221876  -0.36562204
  -0.39619434  1.8513083   1.6966518   0.55641884 -0.44476417 -0.5194994
  -0.37149003  0.2466349   0.6861534   2.2511332   0.21383813 -0.28905806
  -0.6172724  -0.7774638  -1.0195042  -0.12987022 -0.36833587  0.23425141
  -0.24856931 -0.3105      0.32797414 -0.42446768 -0.4761419  -0.5424063
  -0.7766372  -0.4389391  -0.42761064 -0.64255077  0.74198407 -0.5718202
  -0.36467594  1.5120134   1.2446915  -0.30516136 -0.1761436  -0.36005765
  -0.28554508  0.00884837  0.7851032  -0.26183692 -0.49923602 -0.67299396
  -0.6745013  -0.77249897 -0.43759564  1.2139453  -0.17547137  1.06916
  -0.49022174  0.6160967   0.11422986  1.178576    0.06453466 -0.40716642
  -0.07606607  1.1207201   0.2639048  -0.5402366 ]]