[[ 0.17815271  0.22786929  0.06808373 -0.23539807 -0.4415924  -0.67818505
  -0.49349043 -0.12713641 -0.13224077 -0.48583698 -0.3256697  -0.87417215
   0.84804654 -0.39808425 -0.4905205   0.17061551  0.07767013  0.77975255
  -0.07046754  0.14910075  1.0134672  -0.6157781  -0.548845   -0.45140028
   0.43208167 -0.43906558  0.85683805  0.05965093 -0.22972172 -0.64561886
   0.38024586  1.2889738  -0.01280461 -0.55168605 -0.5150338   0.18452169
  -0.03273165  0.73271215 -0.8458419  -0.5698365  -0.3717257  -0.08374285
  -0.48749107  1.9175681   1.0181236  -0.09097911 -0.35501915  0.36931592
   0.06727319  0.10656764  1.531766    0.8909232   0.02147631 -0.01688699
  -0.04639173 -0.1358701  -0.4839441   1.3430943  -0.3396086   0.03321474
  -0.03512858 -0.31911287 -0.34960154 -0.42221597 -0.3410177   0.06749255
  -0.7193707  -0.5344999  -0.42084715 -0.27201173 -0.2830637  -0.71326184
  -0.48934457  0.7454566   0.3129999  -0.27277163 -0.5119269  -0.338394
  -0.43316656 -0.36609173  0.22729541 -0.37010992 -0.34258175 -0.5012857
  -0.6104769  -0.72647715 -0.471947    0.2479039   0.0875145   0.2049848
  -0.36930722 -0.18431816 -0.3359257   0.71554714 -0.09030643 -0.42845443
  -0.13904563  0.6527758  -0.48032457 -0.26402363]]