[[ 0.66653764  0.78437173  0.7021367  -0.1712925  -0.65340817 -0.8508419
  -0.80920607 -0.40316606 -0.05447654 -0.31936654 -0.4590945  -0.99828213
   0.3861907  -0.25980863 -0.5704522   0.9684076  -0.52582175  0.37334454
  -0.34023133  0.7847555   2.4928296  -0.48031795 -0.75777006 -0.58044916
   0.16431606 -0.5958967  -0.33031383 -0.0092444  -0.34387046 -0.6730242
  -0.25422645 -0.26567343  0.08704636  0.0368739  -0.39539984 -0.42841
  -0.03760211  0.29069272 -0.8978234  -0.6031667  -0.53007746 -0.0108453
  -0.4025205   1.5628011   1.7516538   0.29249987 -0.32223064 -0.14022279
  -0.05041086 -0.06739368  0.94938207  1.8382372   0.06649593  0.01573921
  -0.15323448 -0.50377035 -0.8776866   0.2099475  -0.20975353  0.34418428
  -0.13907792 -0.2892555   0.03376336 -0.3318886  -0.48394167 -0.59990317
  -0.857351   -0.43450028 -0.39890274 -0.58845013  0.5753578  -0.62871677
  -0.43890902  1.4001095   1.1119987  -0.4219721  -0.39999145 -0.49112558
  -0.20466524 -0.03395404  0.3400357  -0.34805122 -0.5111972  -0.65515745
  -0.6335577  -0.7896197  -0.44903138  0.80384624 -0.00513267  0.43143255
  -0.58401024  0.46328053 -0.2713006   0.7641289   0.47233754 -0.40843612
   0.00913141  0.91091895 -0.23708674 -0.43872017]]