[[ 0.7287937   0.9158886   0.5093087  -0.16359313 -0.6441829  -0.83023244
  -0.9213667  -0.45714507 -0.11036427 -0.28510812 -0.47740218 -1.0126017
   0.3334501  -0.27870366 -0.6339221   0.8253207  -0.41137356  0.5730495
  -0.34169263  0.54589564  2.591812   -0.5078964  -0.77013993 -0.558988
   0.4008849  -0.6774974  -0.26970232 -0.02043068 -0.32144293 -0.68640834
   0.00748433 -0.05384927 -0.02604567 -0.10417375 -0.21478792 -0.41868818
  -0.07241556  0.3275405  -0.88151026 -0.66339976 -0.5352004  -0.08665121
  -0.41866663  1.599261    1.3013957   0.4293189  -0.37259388  0.01100719
  -0.16043809 -0.09370786  1.2386247   1.4362925  -0.09347497 -0.05138252
  -0.22238646 -0.50115454 -0.8613094   0.22414549 -0.26285172  0.19802424
  -0.16689698 -0.27749977  0.00545513 -0.4383612  -0.47171786 -0.6122005
  -0.8439955  -0.4908125  -0.42000094 -0.6138157   0.45961568 -0.61285114
  -0.44398916  1.1520827   0.90344507 -0.4506915  -0.4492189  -0.43404496
  -0.03414068  0.0457086   0.18733844 -0.35624203 -0.46366924 -0.6722657
  -0.5346909  -0.83160615 -0.47144476  0.64452773 -0.03934047  0.40989313
  -0.59462506  0.37298656 -0.29036048  0.9207838   0.44830698 -0.39547884
   0.03909281  0.72613317 -0.12514517 -0.44033659]]