[[ 0.7064431   1.5413486  -0.01664324 -0.1114037  -0.59196925 -0.9038451
  -1.1573883  -0.6136315  -0.1002664  -0.1284444  -0.56453663 -0.9632095
   0.1388367  -0.24778034 -0.5770103   0.1938433  -0.37315896  1.0444263
  -0.39916274  0.67703295  2.0634897  -0.6655499  -0.7217783  -0.62570083
   0.7368385  -0.68664443 -0.19214737  0.06756984 -0.4360919  -0.8511197
   0.12733306  0.3594537  -0.14921778 -0.5740539  -0.10867378 -0.45180997
   0.20023054  0.47039455 -0.88454664 -0.6661203  -0.5421519  -0.10613408
  -0.44525278  0.7553587   1.4789498   0.34306788  0.02147186  0.22694238
  -0.31083775  0.05311485  1.3231313   1.5930781  -0.20202851 -0.3008305
   0.14511846 -0.2575867  -0.6799527   0.4426608  -0.12231988 -0.03588496
  -0.1665446  -0.19572517 -0.08059956 -0.3859772  -0.43354568 -0.7239218
  -0.8711502  -0.5546668  -0.3410835  -0.66153497 -0.01719498 -0.6877741
  -0.4659642   1.3092598   0.82043207 -0.16000633 -0.38995433 -0.29253945
   0.04952361  0.07758005  0.28218403 -0.25924465 -0.28899357 -0.5724146
  -0.47945368 -0.9184116  -0.45178232  0.6499753   0.33492807  0.52154297
  -0.59335965  0.22285286 -0.22844425  0.75762445  0.55755824 -0.3736182
   0.18624064  0.654747   -0.23544139 -0.42357683]]