[[ 1.1663886   0.8549645   0.39703384 -0.08414751 -0.60615337 -0.77576405
  -0.7720722  -0.44274393 -0.21625277 -0.25967988 -0.4140957  -0.9366626
   0.67714095 -0.269111   -0.5841408   0.27445704  0.05595521  0.66123843
  -0.17800236  0.79124534  1.6883339  -0.5059297  -0.64887464 -0.5867584
   0.31620523 -0.4897918  -0.37883487 -0.03700494 -0.24613787 -0.5941628
  -0.00576244 -0.22207673  0.10108212 -0.18997769 -0.15553948 -0.32335362
   0.05446584  0.54015046 -0.75771517 -0.5963478  -0.46346053 -0.3143294
  -0.38532996  0.8280469   1.6195848   1.058775   -0.5001781  -0.3456832
  -0.10875955 -0.02037643  1.8386921   2.0019884   0.22271049  0.03864888
  -0.61582595 -0.67914397 -0.8434626   0.2703018  -0.3861916   0.32431585
  -0.21957727 -0.3968995   0.09497623 -0.27545857 -0.41575366 -0.5249663
  -0.7944701  -0.3278534  -0.40317753 -0.6215822   0.0606589  -0.5556555
  -0.4116818   1.7992601   0.92611265 -0.3025487  -0.29604557 -0.41216594
  -0.00920175 -0.22649476  0.3754761  -0.34611243 -0.43641335 -0.644343
  -0.36638334 -0.6907666  -0.4618529   0.8699236  -0.09242754  0.40086633
  -0.42579597  0.30145475 -0.17273776  1.1389474   0.05283663 -0.3276262
   0.0599451   0.9602692   0.2767561  -0.4481979 ]]