[[ 0.86586016  0.315938   -0.07363439  0.28228238 -0.689524   -1.1250464
  -1.0428586  -0.44721746 -0.33172813  0.38118294 -0.731916   -1.0324169
  -0.0826565  -0.3356032  -0.78404397 -0.22207996 -0.39674014  1.8127178
  -0.361147    0.35086995  1.8591689  -0.5795441  -0.23973785 -0.61380196
   0.59613734 -0.4354724  -0.04181136 -0.36044312 -0.48280987 -0.8966367
  -0.04764305 -0.25647625 -0.2595394  -0.46817338 -0.6396891  -0.28527206
   1.0690064   0.4143129  -1.0779362  -0.8637552  -0.5284283  -0.21020873
  -0.5677029   1.0395674   0.6717114   0.78054786 -0.1475663  -0.13096622
  -0.13567044  1.3711705   2.031031    1.0527061  -0.21187392 -0.10128687
  -0.94911075 -0.91287917 -0.67062277  0.6570144  -0.4805112   0.13933551
  -0.01956123 -0.4358153  -0.31019026 -0.53794    -0.44703916 -0.54195124
  -1.057611   -1.1002413  -0.4675878  -0.8696201  -0.05225137 -1.0143621
  -0.6140012   0.4232677  -0.06321695 -0.06196348  0.00680716 -0.3696438
  -0.5467739  -0.38581908  0.76155525 -0.6939199  -0.4380869  -0.49404773
  -0.4953672  -0.86453724 -0.52765566  0.70495534  1.8889642   0.7812463
  -0.46160018 -0.06594846 -0.1007742   0.9088231  -0.50417125 -0.5646988
   0.01807569  0.32260755 -0.12235432 -0.26621026]]