[[ 0.8076686   0.7204555   0.6241608  -0.11901121 -0.6242089  -0.87483865
  -0.81833565 -0.43413377  0.03570403 -0.3114688  -0.44889203 -0.9851614
   0.61056966 -0.25870842 -0.46904072  0.8240761  -0.49324527  0.32367763
  -0.30108798  0.80661005  2.4723191  -0.49791223 -0.7672272  -0.644315
   0.22305976 -0.585001   -0.47358036  0.09754769 -0.30969858 -0.7028115
  -0.37569425 -0.29024416  0.1422911  -0.13472392 -0.34364727 -0.45703214
  -0.00314489  0.46746665 -0.9320138  -0.6452268  -0.5510236   0.3034803
  -0.39884722  1.0389594   2.218522    0.30234236 -0.16824108 -0.29593444
   0.02309252 -0.06886134  1.0992148   1.9420519   0.21913263  0.26099724
   0.35073337 -0.27823776 -0.8381248   0.35164645  0.01202465  0.5091892
  -0.21014526 -0.25935754  0.05292274 -0.16566747 -0.4838918  -0.6016328
  -0.8866392  -0.36268944 -0.3339165  -0.59203345  0.60708    -0.63026255
  -0.42711994  1.5213318   1.1771591  -0.43751207 -0.490057   -0.51863456
  -0.12758929 -0.14819357  0.33487675 -0.2727433  -0.5110887  -0.6528508
  -0.5761285  -0.7811911  -0.44943506  0.8217398   0.00711228  0.41622624
  -0.57209235  0.35238189 -0.36055034  0.8670589   0.5319475  -0.38547966
   0.12994926  0.9985874  -0.28302658 -0.38232148]]