[[ 0.65917265  1.0732801   0.04124914 -0.06215317 -0.6085572  -0.9083813
  -0.90803397 -0.6117189  -0.02998212 -0.18806532 -0.487803   -0.7833892
   0.09039414 -0.23621817 -0.48148948  0.28514802 -0.5319946   0.18784283
  -0.40176213  1.2888461   1.7763207  -0.598007   -0.6841888  -0.69214433
   0.04002632 -0.47186792 -0.4768043   0.484178   -0.47212178 -0.6469582
  -0.37664324 -0.57948166  0.13125974 -0.44632354 -0.15411341 -0.4675812
   0.20391127  0.16889012 -0.6381611  -0.5920095  -0.5519342  -0.17690423
  -0.37218416 -0.06285004  2.1951725   0.28758714 -0.2726947  -0.15895846
  -0.12806064 -0.04638253  0.5904098   2.49378    -0.07046142 -0.3708549
   0.1877816  -0.20271674 -0.8336443  -0.03062354 -0.19547479  0.01322849
  -0.1601646  -0.1334117   0.19487418 -0.3344088  -0.4637711  -0.7575549
  -0.86420137 -0.42618832 -0.33447883 -0.6802925   0.4776901  -0.40400648
  -0.36397898  1.9298432   1.4187365   0.17287752 -0.26678556 -0.38443
   0.31077304  0.04926354  0.5251383  -0.22810704 -0.35980213 -0.5915018
  -0.11899206 -0.705988   -0.4124761   1.0686287   0.21511412  0.6611473
  -0.48052672  0.3314248   0.15745407  1.0661693   0.08156997 -0.3513342
  -0.02600572  0.99937457  0.38933364 -0.40265456]]