[[ 1.534293    0.9558602   0.2021765  -0.12618934 -0.5775034  -0.75583124
  -0.810111   -0.35348564 -0.09756783 -0.21232879 -0.46072802 -0.8780233
   0.11828972 -0.2497792  -0.52384704  0.14327142 -0.12414106  0.35352173
  -0.205982    1.3031229   0.89144856 -0.52057785 -0.5247188  -0.5855927
   0.39032495 -0.33894    -0.3981324  -0.10389037 -0.34837282 -0.6676756
  -0.0498075  -0.5585344   0.29570013 -0.3429058  -0.3838266  -0.34997463
   0.03948304  0.53749657 -0.72869086 -0.550289   -0.45858866 -0.30632123
  -0.4215271   0.45300707  2.2128398   0.93549186 -0.3653196  -0.36040804
   0.1055218  -0.03532163  1.2580043   2.7666805   0.1476867  -0.2680971
  -0.59645975 -0.6389559  -0.7596695   0.12613305 -0.3628067   0.29567605
  -0.21032986 -0.28637195  0.33510733 -0.25761032 -0.38945824 -0.59414434
  -0.8035787  -0.316616   -0.38990188 -0.65573686 -0.14194414 -0.5452059
  -0.33014318  2.2444894   0.9320665  -0.19746731 -0.09222306 -0.38691628
  -0.15159485 -0.14162779  0.63309467 -0.23183781 -0.40186036 -0.61726326
  -0.24000564 -0.73947316 -0.39402014  1.2365797   0.36835366  1.0361007
  -0.38487276  0.3360806  -0.06486677  0.9316182  -0.25686246 -0.29984552
  -0.1572344   1.3010476   0.3347013  -0.28305793]]