[[ 0.9728351   0.67952675  0.63521945 -0.07488995 -0.65906423 -0.8332351
  -0.7678755  -0.51164085 -0.10015501 -0.33686933 -0.42932686 -0.97708243
   0.71843576 -0.2802713  -0.5625029   0.92462265 -0.03117575  0.55651844
  -0.29818654  0.47590175  2.3903599  -0.5121527  -0.780786   -0.57581055
   0.34700587 -0.57504207 -0.433726    0.11285497 -0.286188   -0.59523857
  -0.10794163 -0.25653076 -0.00827    -0.06873231 -0.0739442  -0.3715987
  -0.04349523  0.5263783  -0.8245749  -0.67663455 -0.5101701  -0.12423465
  -0.4028327   1.1801403   1.332068    0.90929115 -0.40811422 -0.44040835
  -0.18766497 -0.09195582  1.6524348   1.4104886   0.15658613  0.02999316
  -0.01124033 -0.39090905 -0.9215794   0.2489655  -0.21300358  0.31107035
  -0.249584   -0.3205837   0.01081752 -0.31202474 -0.4626465  -0.5674614
  -0.8118428  -0.35010758 -0.38614777 -0.62751305  0.337246   -0.53884035
  -0.42380896  1.3448821   1.0373241  -0.43279696 -0.5426728  -0.51701343
   0.11146608 -0.12853523  0.12788877 -0.2925075  -0.4990272  -0.68853873
  -0.40677014 -0.7411245  -0.49879453  0.54736847 -0.21568835  0.22651389
  -0.51319754  0.26319414 -0.36495715  1.2424121   0.371012   -0.35428426
   0.08908629  0.81132835  0.11213963 -0.5109793 ]]