[[ 0.4984269   0.5407876   0.38560975 -0.15419103 -0.43075755 -0.66627353
  -0.65264034 -0.24470116 -0.20446904 -0.3587215  -0.27978474 -0.9209967
   0.7432517  -0.3121615  -0.5776314   0.21456428 -0.25824353  0.5342098
  -0.042073    0.74963397  1.3117456  -0.48736998 -0.5046496  -0.51248235
   0.06651769 -0.42762524  0.06998352 -0.26735133 -0.12286048 -0.6058569
  -0.05665936  0.3202879   0.09918341 -0.17904663 -0.5090331  -0.1552768
  -0.01498526  0.43226287 -0.8341718  -0.5340838  -0.42840508 -0.27407688
  -0.43553936  1.430186    1.5786409   0.09432799 -0.5017329   0.1436198
   0.02108492  0.08076668  1.1658689   2.016174    0.21453664  0.07031704
  -0.6363712  -0.58952224 -0.5817392   0.7070165  -0.3943009   0.34355587
  -0.07613349 -0.36453965 -0.07982343 -0.29954156 -0.38337344 -0.2973543
  -0.7772392  -0.42228478 -0.43533945 -0.5037729  -0.14863484 -0.5924437
  -0.42765924  1.3498824   0.59562886 -0.38852942 -0.03037873 -0.4303009
  -0.3333481  -0.30069706  0.522365   -0.4434117  -0.4451414  -0.53067124
  -0.4490324  -0.66483736 -0.4331923   0.89629483  0.05870764  0.4232852
  -0.37653878  0.279075   -0.2567804   0.3630789   0.00711994 -0.4096806
  -0.08480085  0.8865086  -0.33842367 -0.35555246]]