[[ 0.7676988   0.79989517 -0.02693915 -0.36865464 -0.5516827  -0.8470834
  -1.1358691  -0.56244475 -0.46023884  0.12189373 -0.621325   -0.9252597
  -0.011079   -0.19025162 -0.60639155 -0.20154957 -0.45002168  1.1539193
  -0.264007    1.4648267   1.3381138  -0.52623075  0.37958643 -0.6998412
  -0.01491205 -0.5259774  -0.41917196 -0.00487049 -0.40524858 -0.5938332
   0.1603054  -0.64030343 -0.02730584 -0.4208971  -0.48091006 -0.40274963
   0.5808531  -0.25204685 -0.6966441  -0.67242354 -0.49520722 -0.5087728
  -0.32861546  0.56720173  1.9492837   0.7846033  -0.5664843  -0.44497496
  -0.58800185  0.31390065  1.500408    3.4349895  -0.27525136 -0.43901327
  -0.6951591  -0.70937395 -0.79643464 -0.24985477 -0.4936975  -0.22007576
   0.3768956  -0.26975998  0.3906929  -0.1461245  -0.49757412 -0.4789165
  -0.74978596 -0.871875   -0.45361674 -0.7502388   0.25682953 -0.6234563
  -0.38892052  2.317308    0.8308407  -0.07701973  1.19826     0.05477254
  -0.36588237 -0.12865487  1.6227995  -0.46054262 -0.25965846 -0.5598307
  -0.5301432  -0.7023306  -0.4932522   1.5663254   0.25140142  0.93438786
  -0.40673506  0.5563074   0.2884181   1.4129202  -0.41827828 -0.41596565
  -0.11639258  0.72550106  0.77589285 -0.571258  ]]