[[ 0.8529284   0.7393846   0.01200361 -0.19333881 -0.56362253 -0.79119796
  -0.8824801  -0.45818204 -0.25548527 -0.0136166  -0.45395952 -0.85618496
   0.20630814 -0.25775808 -0.52923214 -0.13906269 -0.14838396  1.0720385
  -0.25620797  1.2637875   0.9246258  -0.5636037  -0.48133302 -0.6527046
   0.39054322 -0.32125595 -0.34788623  0.06293599 -0.42021734 -0.62296337
  -0.06365747 -0.5271388   0.09252165 -0.41066876 -0.43360174 -0.29900214
   0.5976139   0.284964   -0.702842   -0.5785142  -0.47311652 -0.36603525
  -0.40497884  0.38775957  1.6160728   1.2009848  -0.3827874  -0.28225082
  -0.07785317  0.21889448  1.577423    2.4851537   0.04240925 -0.30922583
  -0.6496993  -0.6677379  -0.7778196   0.04305623 -0.4034005   0.03188586
  -0.22791748 -0.30056632  0.1262378  -0.3801936  -0.39047927 -0.545059
  -0.8160114  -0.5073466  -0.43344885 -0.67257786  0.05029406 -0.572873
  -0.379083    1.6587757   0.66664654 -0.0599614  -0.09450714 -0.33384052
  -0.24176556 -0.07756353  0.6462456  -0.32001105 -0.352281   -0.5973286
  -0.354874   -0.6649295  -0.41679507  0.76899123  0.3988757   0.530608
  -0.37259373  0.25095975  0.17550732  1.0930189  -0.31429362 -0.31816658
  -0.1253151   0.88192654  0.4831467  -0.3344194 ]]