[[ 0.77582633  0.62148136  0.69397867 -0.1453041  -0.63063544 -0.84262854
  -0.6972306  -0.48225555 -0.00978994 -0.35052744 -0.33123344 -0.9901252
   0.77278364 -0.28392482 -0.4967924   0.9742869  -0.27156442  0.35475138
  -0.28826812  0.5521416   2.471085   -0.51802164 -0.78747046 -0.5898615
   0.278857   -0.5789557  -0.39638445  0.21124725 -0.28882724 -0.6294471
  -0.24596362 -0.22549455  0.03685297 -0.06774858 -0.2555091  -0.4261531
  -0.08555502  0.5194507  -0.8645818  -0.6615013  -0.5104088   0.04756803
  -0.398745    1.2304479   1.6439764   0.52613366 -0.3154039  -0.3618991
  -0.05669098 -0.09733235  1.3107547   1.5229485   0.18784887  0.03919668
   0.2868044  -0.27471092 -0.86154     0.35438153 -0.04733245  0.37372276
  -0.20918383 -0.29611775  0.00466874 -0.27328068 -0.46991205 -0.5351284
  -0.8111553  -0.3669799  -0.36771578 -0.5866628   0.4364787  -0.607872
  -0.4245265   1.328021    1.0982455  -0.35578677 -0.5488264  -0.52608573
  -0.07312094 -0.12308238  0.2315736  -0.27932367 -0.4844442  -0.66253954
  -0.5512089  -0.7507554  -0.48755434  0.5876591  -0.20873125  0.24853358
  -0.5432896   0.27418944 -0.37769243  1.0442568   0.50723106 -0.38280296
   0.06940506  0.8458631  -0.10764338 -0.45691398]]