[[ 1.1892821   0.7395901   0.39975956 -0.16481115 -0.62670374 -0.8027323
  -0.77176815 -0.35043767 -0.11883321 -0.24419194 -0.4971497  -0.9106538
   0.22152467 -0.23819654 -0.49980712  0.5326382  -0.22600955  0.55122685
  -0.22677827  1.2461927   1.2376025  -0.50072616 -0.5169947  -0.5866977
   0.29253557 -0.303253   -0.38374734 -0.11581838 -0.35316938 -0.6530296
  -0.1371021  -0.6182643   0.1838115  -0.10618544 -0.45353284 -0.28812495
   0.15887135  0.3377639  -0.79164535 -0.5454022  -0.47060648 -0.33041367
  -0.41929778  0.9322791   2.0212936   0.81935513 -0.39057162 -0.43096262
  -0.01691304  0.14565751  1.1139579   2.6217237   0.17997938 -0.2994208
  -0.61079544 -0.68789715 -0.8238031   0.00507177 -0.36828983  0.20612663
  -0.21026766 -0.30425617  0.22982468 -0.3406749  -0.43059593 -0.53826475
  -0.79996556 -0.4040144  -0.40845424 -0.6617244   0.10407788 -0.56979734
  -0.367635    1.9861159   0.9806043  -0.30915827 -0.08870574 -0.4389101
  -0.21617536 -0.10365069  0.8069845  -0.26320034 -0.4311549  -0.60636455
  -0.3708853  -0.73669374 -0.4110918   1.1330653   0.23692608  0.9287385
  -0.3894092   0.42394638 -0.01111701  0.8679367  -0.13636735 -0.355226
  -0.13283806  1.1852745   0.15848301 -0.3618814 ]]