[[ 1.3895965   0.6048444   0.44670185 -0.24772789 -0.6972067  -0.9367792
  -0.7673319  -0.5648307  -0.26174524 -0.17683303 -0.51562303 -0.95347184
   0.59113425 -0.25354132 -0.5656018   0.9715009   0.04029607  0.8293602
  -0.3862532   0.7660967   1.7079837  -0.54882115 -0.6343426  -0.6406264
   0.37634373 -0.44822258 -0.3350352   0.09798847 -0.44245276 -0.5775458
  -0.05553667 -0.56115854  0.19487314 -0.12221678 -0.25267684 -0.3318422
   0.2503137   0.21198055 -0.74828064 -0.6798784  -0.48061025 -0.37470388
  -0.38710433  0.9633788   1.4753839   1.3547772  -0.35340548 -0.44104332
  -0.3616319   0.22162047  1.6187418   2.0279567   0.1161673  -0.29048428
  -0.52253354 -0.67955685 -0.93675876  0.00248836 -0.36000186  0.0945011
  -0.23778625 -0.42781004  0.3005245  -0.3801021  -0.5057074  -0.54436207
  -0.75425166 -0.4678898  -0.4123983  -0.70573455  0.421262   -0.5930316
  -0.3983138   1.9784486   1.1370202  -0.3162478  -0.34657297 -0.4843367
  -0.1500797  -0.13471907  0.3721038  -0.15489072 -0.4474619  -0.6845119
  -0.5041491  -0.72216594 -0.466358    0.83372396 -0.12932038  0.5543161
  -0.46993065  0.3057013  -0.16495135  1.6050742  -0.01176519 -0.341658
   0.07060069  1.0068327   0.58289284 -0.5249914 ]]