[[ 0.74791145  0.71093434  0.44764265 -0.05079762 -0.63094634 -0.9338528
  -0.8674387  -0.5161266  -0.16201709 -0.27748105 -0.3957656  -1.0593746
   0.80329555 -0.28734082 -0.6080228   0.67465854 -0.49810854  0.7815189
  -0.23350574  0.8623856   2.6536958  -0.491659   -0.7781081  -0.7063818
   0.08320622 -0.6543398  -0.36024868 -0.01240938 -0.24279115 -0.70457894
  -0.3490136  -0.13667658  0.15387096 -0.23248202 -0.25420755 -0.44564623
   0.41102058  0.4616462  -0.9176136  -0.67500716 -0.61082083  0.16233079
  -0.42214978  1.3503484   1.7644482   0.6765324  -0.27374232 -0.0992593
   0.01457954 -0.04650342  1.8972329   1.8334063   0.17501783  0.38003585
  -0.08587569 -0.54036444 -0.8372812   0.38667905 -0.19432628  0.49301028
  -0.2375789  -0.21949661  0.01514363 -0.33128622 -0.5172255  -0.57003814
  -0.9265064  -0.49784684 -0.40388253 -0.6214955   0.7436346  -0.68382376
  -0.5138905   1.2744812   1.1607816  -0.3128042  -0.5443819  -0.4778023
  -0.05597703 -0.09576295  0.25750628 -0.39060372 -0.46066713 -0.6616456
  -0.5620002  -0.82601    -0.49405143  0.5741974   0.01111949  0.3924946
  -0.60927165  0.31319606 -0.3065404   1.0679342   0.4265133  -0.40211517
   0.2239021   0.91603607 -0.15507112 -0.44780475]]