[[ 0.71684444  0.7562927   0.6291418  -0.128779   -0.69325906 -0.85117835
  -0.756355   -0.28836796 -0.00901284 -0.32661265 -0.54278606 -0.99797165
   0.10490463 -0.241962   -0.59983903  0.94789517 -0.59274364  0.46287435
  -0.31312847  1.132257    2.0099735  -0.47087863 -0.60929847 -0.5505567
  -0.06385161 -0.33058906 -0.35652423 -0.2656015  -0.3793337  -0.69688827
  -0.41225874 -0.7103312   0.13956478  0.13943574 -0.4293179  -0.33935553
   0.16584209  0.38426256 -0.8856377  -0.56859815 -0.51310587 -0.2710427
  -0.48386335  1.544379    1.7248443   0.37980953 -0.28465974 -0.38653702
   0.17851476  0.11822059  0.82713735  2.350637    0.09164134 -0.32551852
  -0.690867   -0.7661623  -0.8006425  -0.07795052 -0.3796447   0.22097784
  -0.1721416  -0.3094313   0.0624219  -0.44645813 -0.49662763 -0.59917295
  -0.8656474  -0.48623553 -0.43134746 -0.67975116  0.3167686  -0.56345904
  -0.43112677  1.5077298   0.9973606  -0.47180015 -0.22964638 -0.5534637
  -0.08075322 -0.03544021  0.6480794  -0.32380387 -0.49019042 -0.61766416
  -0.37833026 -0.8081329  -0.42629382  0.84757334  0.48041064  0.8858383
  -0.49751166  0.49248856 -0.14571236  0.450982    0.06077136 -0.4096741
  -0.13786815  0.9578568  -0.16758613 -0.30772775]]