[[ 1.5667627   0.93166924  0.18976097 -0.12506905 -0.6314501  -0.8378367
  -0.976894   -0.48896343 -0.26620936  0.04342736 -0.5191638  -0.8687083
   0.2653718  -0.21630423 -0.56203216  0.1880889  -0.09906261  1.221232
  -0.22608778  1.56017     0.7222148  -0.55657315 -0.41480416 -0.68529254
   0.54203534 -0.4114192  -0.3582571   0.05098567 -0.41391665 -0.6099459
   0.03292663 -0.55979204  0.27627826 -0.34820116 -0.43234533 -0.2757835
   0.765824    0.02817487 -0.71802825 -0.53958005 -0.47102374 -0.4686085
  -0.39203683  0.9000451   2.1122956   1.5088434  -0.41202402 -0.41043335
  -0.4389446   0.21837533  1.41251     3.4770324   0.22591501 -0.31077296
  -0.69754183 -0.6993271  -0.9010251   0.08381292 -0.40853247  0.20298453
  -0.26147726 -0.28317025  0.40972543 -0.2518583  -0.43165866 -0.5974038
  -0.8529925  -0.45907408 -0.45965317 -0.7517469   0.05009069 -0.5693093
  -0.34291914  2.434776    1.2658081  -0.05854988  0.0567499  -0.28513545
  -0.21217035 -0.12036917  0.73282236 -0.32073206 -0.34781665 -0.6753795
  -0.36343762 -0.6946253  -0.45043766  1.4131032   0.0231335   1.1633615
  -0.37705418  0.5558522   0.20614849  1.3782634  -0.36850414 -0.33472452
  -0.05323035  1.508923    0.5372048  -0.4016377 ]]