[[ 5.44801056e-01  3.33604783e-01 -2.28780568e-01 -3.52821827e-01
  -6.05269849e-01 -8.79449606e-01 -6.54206872e-01 -4.62841392e-01
  -1.62940934e-01 -2.27614239e-01 -4.51631308e-01 -7.41465449e-01
  -1.51097775e-01 -2.98987269e-01 -3.95837426e-01 -1.44646600e-01
  -4.79177684e-01  2.28089973e-01 -3.75337154e-01  7.10755408e-01
   1.35740674e+00 -6.08675122e-01 -6.27897739e-01 -5.64137757e-01
  -8.35542604e-02 -4.01936918e-01 -1.43751249e-01  1.00640917e+00
  -4.58848476e-01 -6.28437638e-01 -3.18471789e-01 -4.83257413e-01
  -3.25985998e-03 -4.50248599e-01 -4.54755813e-01 -3.71589482e-01
   3.01893115e-01  9.84065756e-02 -3.79162759e-01 -4.87628788e-01
  -4.67330247e-01 -3.56333613e-01 -3.91182750e-01  2.73495287e-01
   9.77881074e-01  1.87967628e-01 -4.51415509e-01  1.67887568e-01
  -1.22739539e-01  7.10304012e-04  9.02246714e-01  1.25005651e+00
  -3.04451257e-01 -3.72752130e-01 -6.47336304e-01 -6.72487736e-01
  -6.48810625e-01  2.83170223e-01 -3.27944428e-01 -1.15170963e-01
  -1.49960607e-01 -3.14819545e-01 -6.85885698e-02 -5.90150535e-01
  -3.37691903e-01 -5.74423552e-01 -7.55421340e-01 -5.41637778e-01
  -3.86333734e-01 -4.62747842e-01  7.27434933e-01 -5.29630244e-01
  -4.52686012e-01  1.09982324e+00  8.52741003e-01  1.14619005e+00
  -3.67355853e-01 -1.86286792e-01 -1.98486432e-01  4.18156572e-03
   3.28318536e-01 -3.12348187e-01 -2.26273328e-01 -4.98304814e-01
  -3.75395030e-01 -6.39853358e-01 -4.04066652e-01  4.82591629e-01
  -7.32325837e-02  6.94158673e-01 -4.16985720e-01  1.15419894e-01
   7.32665837e-01  1.53222573e+00 -3.47440243e-01 -3.91803712e-01
  -1.97418988e-01  5.37509441e-01  7.52783239e-01 -3.43509525e-01]]