[[ 0.891071    1.3668922   0.09594859  0.14427933 -0.58276653 -0.79223096
  -0.95069075 -0.53439176 -0.1062244  -0.17028736 -0.53766334 -0.7256078
   0.03904658 -0.22500512 -0.5663162  -0.17819872 -0.45548874  0.07512154
  -0.32964244  1.2623415   1.3166807  -0.5406935  -0.56296587 -0.6235032
   0.03585433 -0.51534456 -0.43512213  0.03355572 -0.45747572 -0.6230705
  -0.31183845 -0.5744569   0.11360949 -0.35559902  0.12309544 -0.3973067
   0.09629235 -0.14304464 -0.628095   -0.47742835 -0.48039743 -0.39912245
  -0.38980514  0.13136163  2.0580645   0.27874568 -0.3719389  -0.19795002
  -0.28758457 -0.12963323  0.6114153   2.6312325   0.13520193 -0.24026962
  -0.6023046  -0.58884734 -0.77962875  0.15271623 -0.26182148  0.18174733
  -0.25780895 -0.25481144  0.16371617 -0.20651492 -0.40116933 -0.68449867
  -0.7993521  -0.28619823 -0.35258928 -0.66550916  0.04822962 -0.33176216
  -0.36083418  2.1053836   1.2757149  -0.08315104 -0.13263956 -0.35682234
   0.58351976 -0.09429219  0.5474223  -0.3529004  -0.31492862 -0.5268591
  -0.04835925 -0.65092736 -0.40969864  1.1904188  -0.07136035  0.8087551
  -0.3824596   0.42679155  0.08066057  0.5105967   0.06327577 -0.35287252
   0.20915857  1.0825549   0.24697092 -0.40559444]]