[[ 0.6079798   0.5975079   0.52964187 -0.25502607 -0.635033   -0.89259905
  -0.7680853  -0.48356652 -0.13823175 -0.294849   -0.41315305 -1.0293323
   0.67973495 -0.27664846 -0.5759543   0.92719465 -0.348932    0.6145066
  -0.28682876  0.65140474  2.421571   -0.50805354 -0.73379415 -0.62534344
   0.10859518 -0.53087056 -0.38091448  0.00952127 -0.3354286  -0.63741004
  -0.29394796 -0.34863237  0.01455611 -0.13885555 -0.35574338 -0.4246903
   0.11650334  0.4666698  -0.8693865  -0.6930989  -0.55959123  0.03491782
  -0.39213535  1.0811027   1.65501     0.5841512  -0.27228877 -0.2570321
   0.01280984  0.09433166  1.4106429   1.7373974   0.05997762  0.023471
  -0.04227868 -0.47545108 -0.83404124  0.1320294  -0.20958991  0.25023535
  -0.08460104 -0.33347046  0.06545758 -0.35224053 -0.5111524  -0.5449469
  -0.7958857  -0.543941   -0.3970726  -0.6514752   0.57349485 -0.65229464
  -0.45070553  1.3412783   0.8731586  -0.414314   -0.2366435  -0.5245209
  -0.20360969 -0.08048556  0.39097396 -0.24970934 -0.49126384 -0.64582
  -0.58246607 -0.7620713  -0.46052518  0.6150995   0.10906809  0.15270574
  -0.5657909   0.2822854  -0.3529568   1.0205488   0.3087051  -0.38419858
   0.08550178  0.6531455  -0.09342533 -0.44229734]]