[[ 0.78476304  0.9252469   0.33880487 -0.1017704  -0.58771527 -0.8077422
  -0.8451771  -0.39974537 -0.20433886 -0.28229982 -0.44495156 -0.9739236
   0.6124687  -0.26463506 -0.5996117   0.23786382 -0.4584476   0.45904455
  -0.1607609   0.9215007   2.121844   -0.456605   -0.6365073  -0.6387146
   0.00524163 -0.5206305  -0.3971462  -0.20056117 -0.21629582 -0.6694201
  -0.31211397 -0.24249704  0.15439352 -0.18711163 -0.25352785 -0.36376023
   0.11659823  0.36824647 -0.8329696  -0.5629619  -0.54497737 -0.07602172
  -0.40074712  0.97676396  1.8667548   0.37597486 -0.4246393  -0.15847175
   0.119555   -0.0115549   1.4395022   2.158641    0.18684052  0.2958677
  -0.65403724 -0.7627385  -0.7946802   0.27743247 -0.34789106  0.42364728
  -0.2228127  -0.34481132  0.01921584 -0.28401753 -0.45398697 -0.51017773
  -0.8597295  -0.4147638  -0.40360907 -0.60199887  0.3997225  -0.6034281
  -0.45318672  1.5867397   0.9392796  -0.29143637 -0.28058288 -0.42813456
  -0.02519046 -0.18311301  0.5041396  -0.41709837 -0.43952417 -0.58053315
  -0.40388548 -0.73666    -0.43075123  0.9185284   0.12678032  0.4451209
  -0.49012575  0.3723785  -0.12846224  0.62364525  0.14412116 -0.3767767
   0.15878302  0.90931857 -0.13445818 -0.38939172]]