[[ 0.97386074  0.47060087  0.74029845 -0.29817152 -0.5501592  -0.86462057
  -0.6542301  -0.3817276  -0.20469701 -0.27445146 -0.5250672  -0.87241757
   0.20049222 -0.22257702 -0.49008194  1.1772774  -0.08803004  0.47519344
  -0.29582065  1.1074553   1.8089329  -0.43492314 -0.5508759  -0.5602125
   0.24312828 -0.42186567 -0.3956475   0.2912661  -0.42111593 -0.5301379
  -0.18920404 -0.65188545  0.20276502  0.3433193  -0.49467924 -0.3264363
   0.12639575 -0.06398541 -0.74926007 -0.5117822  -0.49737254 -0.33353552
  -0.3159001   1.5697284   1.9394144   1.0857383  -0.55249214 -0.02139864
  -0.34140646  0.08674569  0.9179256   2.4146633  -0.03944546 -0.30041274
  -0.63017416 -0.7590004  -0.8232936  -0.18665424 -0.3530619   0.03836875
  -0.05181289 -0.35864216  0.21449059 -0.3463663  -0.4717248  -0.5075813
  -0.80699784 -0.45407972 -0.42280656 -0.60184187  0.7578161  -0.5784402
  -0.41038126  2.0689938   1.4218413  -0.1869305   0.16208439 -0.45118597
  -0.31228608 -0.0386252   0.826608   -0.32639277 -0.48769498 -0.6255112
  -0.6831529  -0.6459226  -0.44018304  1.2153814  -0.45392773  0.44807708
  -0.45553586  0.6817699   0.0638454   1.2952734   0.33901566 -0.37719452
  -0.02671981  1.1216317   0.2985597  -0.59523296]]