[[ 1.6362069   0.92216617  0.17270605 -0.09675322 -0.603551   -0.7828038
  -0.9027157  -0.578325   -0.36818233 -0.04921129 -0.4067275  -0.9085878
   0.78228396 -0.2676635  -0.64460564 -0.06052417  0.4697715   1.3220953
  -0.18081366  0.7720326   1.2394328  -0.5623165  -0.6180448  -0.63803124
   0.68778443 -0.60288703 -0.34104645  0.1749016  -0.28993425 -0.5198378
   0.29670903 -0.07947022  0.12279558 -0.42559505 -0.04498141 -0.31054524
   0.47604862  0.44104105 -0.6596264  -0.6287583  -0.43904275 -0.41724193
  -0.34766605  0.67653453  1.3905934   1.9863065  -0.5503531  -0.32833758
  -0.4992064  -0.01910638  2.5017738   2.2764807   0.17264685  0.06747348
  -0.67178506 -0.6683557  -0.87947077  0.34158033 -0.43137485  0.24814618
  -0.25377277 -0.43968555  0.19917952 -0.24636406 -0.3941538  -0.53525066
  -0.8069819  -0.36886397 -0.44454518 -0.67268115 -0.04062819 -0.54886043
  -0.40180045  2.0899792   1.021409   -0.12794018 -0.2600217  -0.2707604
   0.00454722 -0.30135423  0.14067677 -0.3939447  -0.36703715 -0.7251639
  -0.37105045 -0.636617   -0.5159082   0.91346025 -0.39363465  0.37986016
  -0.40608764  0.30578625 -0.08162364  1.8870184  -0.14490263 -0.28217903
   0.13572106  1.0907938   0.7528187  -0.51249737]]