[[ 0.6673862   0.31277996  1.6355765  -0.10850784 -0.8594729  -0.9833627
  -0.5868571  -0.2532316  -0.03554142 -0.46452117 -0.58001685 -1.0511514
   0.18760504 -0.24658829 -0.61775833  2.3144946  -0.6730651  -0.01888865
  -0.49983686  0.89283115  3.1875408  -0.3669275  -0.9075355  -0.5010063
  -0.18644114 -0.6000508  -0.36816245  0.30756974 -0.46705344 -0.5862947
  -0.6138028  -0.7965063   0.1766692   0.87181073 -0.57357025 -0.38568452
  -0.10590865 -0.11723164 -0.88630116 -0.495987   -0.5570653  -0.24526377
  -0.37400147  3.222181    1.5490474   0.34493244 -0.4656497  -0.44594294
  -0.2148033  -0.19533463  0.30610785  1.9478495   0.21724533 -0.14842759
  -0.7151607  -0.9381833  -1.2358887  -0.04789589 -0.32453474  0.54501987
  -0.21637638 -0.35049152  0.1093081  -0.36568952 -0.5440107  -0.6330495
  -0.8867227  -0.38737372 -0.444768   -0.5382278   1.3656888  -0.6296238
  -0.46530098  1.2527782   1.6747601  -0.10880767 -0.48968026 -0.62224
  -0.30082622  0.20116055  0.3216976  -0.41157573 -0.6575472  -0.73815924
  -0.8357679  -0.7833321  -0.44048503  0.7747341  -0.3636782   0.54990274
  -0.7072619   0.8908691  -0.02632475  0.96726555  0.5461437  -0.4868813
  -0.1808278   1.1913882  -0.06516137 -0.55307645]]