[[ 1.3100253   0.44592187  0.02479686 -0.25021625 -0.5763017  -0.78038657
  -0.9097474  -0.40491873 -0.2926839  -0.03545749 -0.48162377 -0.91367394
   0.13376594 -0.27072644 -0.5550328   0.09594291 -0.05417864  1.3816601
  -0.2159522   1.0829359   0.91969824 -0.52328616 -0.44189665 -0.6552828
   0.5642508  -0.3486972  -0.3343039  -0.16078341 -0.36686382 -0.6265275
   0.00575978 -0.52690816  0.18868816 -0.4386557  -0.44051164 -0.28698426
   0.67626375  0.16794482 -0.75494415 -0.6104213  -0.51329327 -0.06947742
  -0.43997324  0.8270216   1.5599163   1.4637363  -0.29554605 -0.19281463
  -0.14490426  0.22025411  1.7936894   2.3525817   0.01269266  0.02018616
  -0.6775947  -0.7194986  -0.72745925  0.0522734  -0.37298036  0.17114493
  -0.23839237 -0.3204906   0.18238477 -0.43611652 -0.42423296 -0.4900119
  -0.8358918  -0.58874756 -0.46923685 -0.6636467   0.25262257 -0.59762865
  -0.3987406   1.5788171   0.4840179  -0.24888802 -0.08105835 -0.35260993
  -0.32001504 -0.09282243  0.6055212  -0.34734377 -0.39213923 -0.6318016
  -0.4488922  -0.717208   -0.43354735  0.7283154   0.1615469   0.80360925
  -0.38597438  0.2475213  -0.0113853   1.2582841  -0.3657433  -0.3121536
  -0.0337096   0.976298    0.36789283 -0.32289135]]