[[ 0.98393315  1.1592518   0.5181549   0.20297629 -0.685014   -0.8884077
  -0.95037204 -0.44906476 -0.10164033 -0.277602   -0.51142067 -0.9916603
   0.1183789  -0.24217987 -0.72257805  0.5006234  -0.6251194   0.11800012
  -0.3161387   1.3658864   2.006319   -0.45843738 -0.66674143 -0.64548206
  -0.04474811 -0.5468211  -0.3937751  -0.39039138 -0.40057516 -0.753585
  -0.39358103 -0.6242652   0.2754139  -0.01750901 -0.24625343 -0.39201474
   0.09740178  0.31913424 -0.914277   -0.5650485  -0.5481081  -0.39780918
  -0.44023347  1.1009804   2.2260792   0.46663678 -0.4122036  -0.4010118
   0.13904095 -0.1090948   1.1348897   2.928166    0.20432964 -0.2453147
  -0.68688554 -0.80201554 -0.9831728   0.16185218 -0.35474324  0.35872835
  -0.26965463 -0.26751837  0.17859337 -0.32308775 -0.49745914 -0.7063506
  -0.97190887 -0.44468907 -0.3949546  -0.75897306  0.06378452 -0.58571917
  -0.40859655  1.978149    1.0901394  -0.45274463 -0.26522762 -0.5113465
   0.13324058 -0.07932139  0.46771523 -0.4274899  -0.471768   -0.6132356
  -0.19608715 -0.8451955  -0.4457668   1.1384348   0.5085289   1.0554138
  -0.51542974  0.549422   -0.27311006  0.49118447  0.10532936 -0.44120476
   0.02743613  1.2568452  -0.21273232 -0.42158368]]