[[ 1.3988398   0.45882592  0.8350744  -0.07055431 -0.67330706 -0.8119642
  -0.82068074 -0.42356008 -0.21401213 -0.22878201 -0.517475   -0.89854956
   0.23835428 -0.23957032 -0.56702524  0.87832606 -0.2607582   0.53831965
  -0.3440262   1.0938636   1.845459   -0.4519932  -0.6235652  -0.59484595
   0.19593717 -0.5140089  -0.42742708 -0.05796028 -0.39692485 -0.57936734
   0.01695932 -0.67432207  0.13579124  0.08024732 -0.41975978 -0.37580803
  -0.02607736  0.01436566 -0.7961893  -0.5653023  -0.50406605 -0.36146557
  -0.38738656  1.4109998   2.008762    1.0012509  -0.47633156 -0.5210434
  -0.3976078  -0.05549704  1.2007824   2.4819825   0.25216207 -0.15483694
  -0.61303055 -0.73788995 -0.976046    0.08410274 -0.3787244   0.4091004
  -0.24767527 -0.33329275  0.41285512 -0.25449732 -0.44615242 -0.5582826
  -0.79887205 -0.3322967  -0.42965093 -0.65753996  0.46760735 -0.558725
  -0.34904543  1.908165    1.1822511  -0.29566342 -0.22151047 -0.29105753
  -0.26056528 -0.07622465  0.62682605 -0.345732   -0.4866791  -0.71198404
  -0.5912201  -0.75399345 -0.45174974  1.2563835  -0.2999156   1.1118339
  -0.48783374  0.5273348  -0.05220846  1.4639373  -0.01638555 -0.37603402
  -0.12058623  1.2806487   0.48524976 -0.5379629 ]]