[[ 0.92686826  0.6087611   0.52788574 -0.10928053 -0.63806903 -0.7994404
  -0.7885902  -0.43952817 -0.16702436 -0.33972466 -0.441913   -0.969185
   0.62986565 -0.27067629 -0.54486287  0.7017381  -0.18098357  0.55230683
  -0.23202977  0.5602758   2.3126223  -0.45727542 -0.70164937 -0.5773817
   0.2671439  -0.58939195 -0.4254444  -0.05107573 -0.24330796 -0.5888685
  -0.20369938 -0.22846323  0.06805557 -0.02430419 -0.10838301 -0.35932037
   0.01418455  0.2627148  -0.83347166 -0.615313   -0.5416804   0.04198194
  -0.39046326  1.3188311   1.5606863   0.70589757 -0.37133566 -0.32058308
  -0.2205447  -0.05795227  1.4333895   1.5904113   0.10341426  0.27308854
  -0.31527075 -0.61906886 -0.8554256   0.22958268 -0.1688734   0.34288138
  -0.24487665 -0.39516243  0.0116027  -0.31508538 -0.45674098 -0.47948623
  -0.80514306 -0.40318236 -0.38994172 -0.5973302   0.5486367  -0.5409929
  -0.45040452  1.4042561   1.0248643  -0.44418192 -0.41848257 -0.4789661
   0.09627286 -0.1997307   0.29780808 -0.3638492  -0.4660579  -0.62660116
  -0.45447272 -0.7148355  -0.47636518  0.69661057 -0.34641767  0.2815217
  -0.4934409   0.36385095 -0.32007083  1.0156542   0.29895827 -0.37053728
   0.1708401   0.83575904 -0.06407586 -0.4650891 ]]