[[ 0.66294163  0.7259932  -0.02541595 -0.16646765 -0.4815021  -0.7038546
  -0.7346002  -0.2529863  -0.14530866 -0.3268984  -0.38291526 -0.9191436
   0.44713488 -0.31700233 -0.5846722  -0.17552784 -0.29034668  0.3839833
  -0.06318201  0.7951763   1.3292941  -0.4996195  -0.5619933  -0.550267
   0.07367394 -0.4576214  -0.10598338 -0.26451308 -0.17388031 -0.66398925
  -0.11194839  0.18174733  0.16635595 -0.42742634 -0.38441473 -0.25114614
  -0.09856996  0.6429652  -0.7857276  -0.5393254  -0.47209358 -0.08306546
  -0.44429463  0.73201424  1.7980638   0.17804708 -0.43597564 -0.00750896
   0.31074753 -0.08635163  1.4083825   2.0037005  -0.02733837  0.17396559
  -0.6452631  -0.60657924 -0.6045438   0.5252782  -0.3792118   0.23475999
  -0.12694551 -0.35065243 -0.07141791 -0.34250426 -0.3843721  -0.36440757
  -0.81800497 -0.4543408  -0.40153298 -0.49424416 -0.06108172 -0.58117366
  -0.4426314   1.4774134   0.5311934  -0.28770018 -0.25077194 -0.3660346
  -0.1553914  -0.302904    0.4260351  -0.4478646  -0.39200467 -0.51558816
  -0.2724778  -0.7110598  -0.4170233   0.81521964  0.27174982  0.443956
  -0.400985    0.12378129 -0.22912753  0.46196976 -0.22107796 -0.37105647
  -0.09115309  0.8338018  -0.21626182 -0.2486867 ]]