[[ 0.59154916  1.1468563   0.6076484  -0.28486258 -0.6829558  -0.94045115
  -0.98970366 -0.42075482 -0.11582363 -0.31661162 -0.60294837 -1.192759
   0.28693882 -0.275662   -0.737216    1.0531497  -0.3690706   0.73889506
  -0.40423685  0.42625818  3.0014539  -0.5510289  -0.7286408  -0.5856885
   0.6513382  -0.86851364 -0.15378605  0.17660078 -0.40757874 -0.7735528
   0.11513844  0.34528178 -0.05629433 -0.05648714 -0.38414466 -0.5202033
  -0.09687978  0.5358709  -1.0317596  -0.7524399  -0.5434151   0.07885238
  -0.39041513  2.2795215   1.3923273   0.5259422  -0.35493848  0.3325325
  -0.161606   -0.17136252  1.6127015   1.4914974  -0.26667053 -0.01153696
  -0.03897823 -0.47438872 -0.8796464   0.2424749  -0.2580638   0.19237784
   0.11441574 -0.34887898 -0.16308457 -0.39365938 -0.5517009  -0.6306898
  -0.8980224  -0.6539441  -0.4293064  -0.59065396  0.6178894  -0.8129905
  -0.54753774  1.1995391   0.91832745 -0.52867466 -0.29098195 -0.49156684
  -0.2945828   0.17469472  0.25159785 -0.42210642 -0.49955046 -0.7291746
  -0.78234494 -0.92192346 -0.49948978  0.44393694  0.02347216  0.03865553
  -0.726532    0.48440444 -0.41173905  1.0180854   0.8473703  -0.45641583
   0.00573419  0.59459484 -0.33424693 -0.47086307]]