[[ 1.0541463   2.0483563  -0.07254937 -0.13172412 -0.7536763  -1.1553208
  -1.2488322  -0.7233843  -0.11515625 -0.16874659 -0.67160535 -1.123272
  -0.10141666 -0.23611924 -0.81603074  0.15630516 -0.6802221   0.15309069
  -0.49534202  1.3359993   3.0378792  -0.59160435 -0.9321396  -0.77791965
  -0.0831878  -0.79107445 -0.28616863  0.02701665 -0.5507368  -0.9697271
  -0.43198407 -0.43546414  0.0488057  -0.40818444  0.07836401 -0.5294608
  -0.03253054  0.8510734  -0.99480444 -0.6862792  -0.6051875  -0.27689806
  -0.45360994  0.6800407   2.2561984   0.46457562 -0.41141075 -0.23686752
   0.26666296 -0.21988061  2.1103985   2.876204   -0.23522677 -0.30015996
  -0.20008917 -0.57254136 -1.057136    0.5575124  -0.36396995  0.22008465
  -0.28224024 -0.19587824  0.10901494 -0.5081694  -0.52812016 -0.9500388
  -1.1097744  -0.6096529  -0.33076325 -0.7834042   0.18937302 -0.7447115
  -0.43514892  2.1331308   1.3161715   0.01351699 -0.4806915  -0.422094
   0.48469648  0.06694035  0.31747934 -0.39372113 -0.42862013 -0.6836362
  -0.22883856 -1.0001823  -0.44738102  1.0166076   0.8922991   1.0045255
  -0.6786014   0.33269367 -0.22309358  0.98695284  0.37148795 -0.41592336
   0.32096705  1.0414225  -0.07230124 -0.5036216 ]]