[[ 0.64493966  0.5333308   0.5552807  -0.27142572 -0.6404832  -0.88013774
  -0.7458375  -0.48548666 -0.11211334 -0.31263044 -0.4224011  -1.0107707
   0.6126001  -0.25880384 -0.5627879   0.98680276 -0.2859517   0.59414405
  -0.3181316   0.5462402   2.3536727  -0.515946   -0.74517053 -0.595162
   0.15930136 -0.5103105  -0.3831612   0.07604413 -0.3596186  -0.630415
  -0.2553772  -0.4018859  -0.01825979 -0.12043379 -0.36032465 -0.41560528
   0.08645316  0.48201624 -0.84150517 -0.6914051  -0.54043335 -0.00481165
  -0.39392823  1.0492357   1.4338241   0.6419581  -0.3035456  -0.28924653
   0.02157691  0.05360662  1.4154222   1.5055351   0.02910008 -0.03015678
  -0.00585596 -0.42146122 -0.82638735  0.09371698 -0.23102875  0.20769356
  -0.10818588 -0.3121738   0.0232651  -0.3762962  -0.49285802 -0.54420835
  -0.7934668  -0.5245499  -0.39634377 -0.63407934  0.53199023 -0.6351567
  -0.44307202  1.235699    0.8156546  -0.41492406 -0.29467148 -0.52707344
  -0.22915429 -0.06869547  0.30885953 -0.24922384 -0.47581676 -0.65253925
  -0.5727471  -0.7521573  -0.46947342  0.5141767   0.10774973  0.12325266
  -0.56325233  0.24647197 -0.3318168   1.0669444   0.29803625 -0.3782238
   0.03608561  0.61177427 -0.04885327 -0.45193794]]