[[ 0.8291331   0.75286996  1.0377934  -0.04431383 -0.7710285  -0.90692484
  -0.75938034 -0.33797663 -0.04923417 -0.3646692  -0.5698532  -1.026665
   0.14256068 -0.24425185 -0.62007964  1.4915773  -0.6287206   0.11391881
  -0.38330922  1.1270776   2.5368657  -0.41451642 -0.7264734  -0.5384695
  -0.10168239 -0.492732   -0.40176716 -0.17081064 -0.39928395 -0.66054606
  -0.49791723 -0.73670936  0.19819117  0.4375684  -0.38118958 -0.359065
  -0.02426308  0.14138228 -0.90794563 -0.54233193 -0.5567419  -0.30353686
  -0.43649885  2.2095346   1.8144137   0.36578494 -0.4050308  -0.49122354
  -0.02914501 -0.05376285  0.52350694  2.366299    0.18378206 -0.24837883
  -0.6934647  -0.8524518  -1.0542352  -0.02343347 -0.34892637  0.4071998
  -0.22953896 -0.31655958  0.17069125 -0.3652587  -0.5214305  -0.64092094
  -0.87933093 -0.40566817 -0.41882056 -0.659651    0.64860874 -0.55563974
  -0.42258242  1.568892    1.3642545  -0.42663223 -0.2866813  -0.6057814
  -0.0162012   0.0570743   0.50053406 -0.34681803 -0.5737849  -0.6665846
  -0.45548376 -0.80931646 -0.43666205  0.9653628   0.13304283  0.8089542
  -0.58330804  0.70905066 -0.19545338  0.56601405  0.26508516 -0.4416278
  -0.12182758  1.1818452  -0.15761228 -0.4677554 ]]