[[ 1.2194121   1.050915   -0.09814782 -0.17817357 -0.6864376  -1.0763394
  -1.0411012  -0.6211215  -0.07556817 -0.10842981 -0.4985763  -0.99273485
  -0.17613213 -0.26058078 -0.59578866  0.1643312  -0.60863674  0.7698184
  -0.4335895   1.3291147   2.0391304  -0.6631952  -0.7619664  -0.72623086
   0.21893883 -0.635136   -0.25787184  0.28103584 -0.45417833 -0.9255734
  -0.3088044  -0.05362749  0.17894462 -0.4621707  -0.504359   -0.5282096
   0.13097814  0.6995365  -0.87460077 -0.5593275  -0.6270603  -0.17700908
  -0.46776056  0.48507267  2.383367    0.40622637  0.07324627 -0.15134954
  -0.02870055 -0.02756181  1.5272458   2.6435208  -0.28397647 -0.30461252
  -0.16233948 -0.50653607 -0.8338357   0.8819871  -0.08812679  0.15052171
  -0.17572848 -0.17412886  0.15951408 -0.40061238 -0.43800825 -0.9008444
  -1.0721173  -0.5944834  -0.3081566  -0.66515577  0.30964085 -0.7850756
  -0.44824392  2.0690231   1.1148643   0.7439353  -0.3015905  -0.15129772
  -0.26072145 -0.01502163  0.50163764 -0.3171656  -0.3246233  -0.5386721
  -0.49003422 -0.95320976 -0.41221794  1.1062963   0.5055039   1.2958416
  -0.64288044  0.29509374  0.01306345  1.2696749  -0.05795122 -0.37699276
  -0.16712932  1.1349794   0.09039839 -0.41140664]]