[[ 1.1110367   0.7820985   0.23876445 -0.2213889  -0.67517215 -0.8378843
  -0.8379251  -0.4265701  -0.13993102 -0.25646222 -0.51065105 -0.96062356
   0.10498469 -0.24278969 -0.53079325  0.671871   -0.19533096  0.72502965
  -0.25491485  1.0645237   1.6186802  -0.52288324 -0.5588156  -0.57196355
   0.3289999  -0.28930146 -0.3751891  -0.04106795 -0.3448439  -0.66003513
  -0.10902592 -0.6280929   0.07128976 -0.10029473 -0.24579114 -0.26113912
   0.2527856   0.41994065 -0.75866854 -0.61477196 -0.5215126  -0.398076
  -0.45185813  1.0742701   1.5165613   0.9079713  -0.3591143  -0.4177497
  -0.03033317  0.20249304  1.2328444   2.2221513  -0.05215204 -0.48517662
  -0.64000326 -0.7310152  -0.8355768  -0.19064401 -0.3864104  -0.04893048
  -0.25027898 -0.33007005  0.1583868  -0.5810604  -0.4551382  -0.5824577
  -0.8077193  -0.52505416 -0.42012724 -0.72209555  0.23170024 -0.5306933
  -0.38394713  1.658537    0.9277538  -0.2480479  -0.1815019  -0.46626112
   0.07054263 -0.01504063  0.6892019  -0.23251168 -0.41187572 -0.6224792
  -0.22115058 -0.7925602  -0.42827594  0.88787156  0.3814917   0.9144871
  -0.4141676   0.3600772   0.02090776  1.0500127  -0.20497839 -0.34538448
  -0.09954526  0.9329836   0.2858497  -0.36304495]]