[[ 0.85548955  0.8175048   0.46347672 -0.10774365 -0.60825354 -0.89281934
  -0.77523446 -0.52053094 -0.0560992  -0.18550314 -0.43980378 -0.9376974
   0.7790222  -0.285378   -0.57838213  0.7143095  -0.25301373  0.6387437
  -0.3550803   0.8035257   2.0293648  -0.57416093 -0.7637393  -0.65931594
   0.19941261 -0.5258025  -0.40043366  0.1883676  -0.38954782 -0.63913786
  -0.21202584 -0.38258415  0.08500779 -0.3784752  -0.30877623 -0.44557932
   0.23542072  0.58083725 -0.80028015 -0.68985623 -0.4964123  -0.09440843
  -0.40525165  0.596456    1.5188156   0.8098244  -0.3341049  -0.27891904
   0.05606885 -0.00308084  1.6036184   1.8403425   0.22563824 -0.02730688
   0.1252947  -0.24522448 -0.82035524  0.28651613 -0.29394618  0.3607681
  -0.18841669 -0.20148593  0.08220716 -0.22045733 -0.46533182 -0.58473665
  -0.81674945 -0.36129504 -0.3926713  -0.61048055  0.27322    -0.6053161
  -0.413594    1.3810288   0.97631335 -0.26805824 -0.49820942 -0.4776234
  -0.15014635 -0.04221293  0.20334424 -0.18806903 -0.44759712 -0.68522817
  -0.43669745 -0.74701613 -0.46187562  0.57182544  0.16245954  0.3094744
  -0.5495609   0.17217879 -0.2515114   1.1756548   0.25211295 -0.33347183
   0.03305995  0.89040744  0.18455313 -0.43481347]]