[[ 7.66465485e-01  6.88696384e-01 -6.34592921e-02 -1.65924951e-01
  -4.94633973e-01 -7.26374388e-01 -8.07797492e-01 -2.96985656e-01
  -2.40952790e-01 -3.07456583e-01 -3.69377196e-01 -9.58637416e-01
   5.66723943e-01 -3.23773205e-01 -6.06033087e-01 -1.73376486e-01
  -2.25269139e-01  5.82809210e-01 -7.43169198e-03  8.05153012e-01
   1.41783512e+00 -5.00466049e-01 -5.61383605e-01 -5.94633400e-01
   1.73930168e-01 -5.20979226e-01 -1.32497773e-03 -2.58048236e-01
  -1.02439776e-01 -6.74712718e-01 -1.40966810e-02  4.43561256e-01
   1.92676529e-01 -4.47527438e-01 -3.52899790e-01 -1.80190548e-01
  -4.34560031e-02  5.82292616e-01 -8.13188195e-01 -5.54789960e-01
  -5.09579599e-01 -8.06982517e-02 -4.39647138e-01  1.02804101e+00
   1.89968145e+00  2.68097460e-01 -4.53707278e-01  7.57859349e-02
   1.58002898e-01 -4.12033089e-02  1.60383892e+00  2.10661411e+00
  -1.42838983e-02  3.00272435e-01 -6.80816412e-01 -6.36581957e-01
  -6.95741296e-01  7.03143418e-01 -3.87821674e-01  2.81501472e-01
  -1.76354170e-01 -3.67592335e-01 -5.48260957e-02 -3.66232753e-01
  -3.98048222e-01 -3.78090113e-01 -8.69235575e-01 -4.79742795e-01
  -4.03561085e-01 -5.04237592e-01  6.28296137e-02 -6.05225742e-01
  -4.47047383e-01  1.55390716e+00  5.98960102e-01 -2.39690453e-01
  -2.41910011e-01 -3.45652491e-01 -1.32814452e-01 -3.23136747e-01
   3.92942905e-01 -4.79030490e-01 -4.24737364e-01 -5.41593313e-01
  -3.14297408e-01 -7.30747461e-01 -4.22067434e-01  8.99227560e-01
   1.35060504e-01  5.00502288e-01 -4.10831034e-01  1.53526187e-01
  -2.15909570e-01  6.41706169e-01 -2.53800392e-01 -3.71400446e-01
  -3.84410433e-02  9.30965185e-01 -2.02755317e-01 -2.88298070e-01]]