[[ 9.9366456e-01  6.0985923e-01  6.5074503e-01 -1.9142067e-01
  -6.9828928e-01 -8.8782537e-01 -8.1534457e-01 -4.2306897e-01
  -1.3883936e-01 -2.8800046e-01 -5.0948238e-01 -1.0582769e+00
   3.1561363e-01 -2.8079060e-01 -6.2970662e-01  9.8395878e-01
  -2.5117847e-01  7.8807044e-01 -3.6384571e-01  5.9265286e-01
   2.5468831e+00 -4.8296988e-01 -8.1195843e-01 -5.5010211e-01
   3.0249658e-01 -6.1705953e-01 -2.4722336e-01 -1.9059451e-03
  -3.5647130e-01 -6.7749161e-01 -3.5051033e-02 -2.4239740e-01
   3.8727984e-02  4.5045525e-02 -3.4159803e-01 -3.8880286e-01
   1.1380620e-01  4.7877720e-01 -8.7613738e-01 -6.5492696e-01
  -5.2090591e-01 -1.0764723e-01 -4.2704651e-01  1.8301001e+00
   1.1959528e+00  9.0488243e-01 -3.6124989e-01 -1.4183101e-01
  -1.0277866e-01 -5.6827471e-02  1.7071831e+00  1.4075272e+00
  -3.8485508e-02 -1.4772520e-02 -4.9939746e-01 -7.2856337e-01
  -8.8103640e-01  2.2542310e-01 -3.1614274e-01  2.7899951e-01
  -1.7235774e-01 -3.4969518e-01  3.6357667e-02 -4.8800674e-01
  -4.7405523e-01 -5.9521961e-01 -8.5395783e-01 -5.0286567e-01
  -4.2918134e-01 -5.8819824e-01  5.9999067e-01 -6.7398214e-01
  -4.8142004e-01  1.1707823e+00  9.2654759e-01 -3.8081461e-01
  -5.1768148e-01 -4.3810272e-01 -2.4638090e-01 -4.7053847e-02
   1.3074557e-01 -3.6536196e-01 -5.0954407e-01 -7.1518034e-01
  -6.5883851e-01 -8.4104508e-01 -4.8638701e-01  5.4636621e-01
  -1.9954914e-02  5.2569133e-01 -6.0945380e-01  3.8180780e-01
  -2.7657178e-01  1.3040904e+00  2.9822862e-01 -3.9709753e-01
  -2.2476839e-02  8.1112397e-01  7.0579864e-02 -4.8006666e-01]]