[[ 0.71632904  0.7471177   0.8897586   0.11306689 -0.73765826 -0.91006476
  -0.7989784  -0.36796814 -0.06754211 -0.34649086 -0.58173746 -0.9840167
   0.19924209 -0.24655749 -0.65716714  1.0498146  -0.62571496  0.21725908
  -0.40404022  1.0427024   2.3989956  -0.43971524 -0.7415667  -0.5848626
  -0.11229107 -0.5183409  -0.38329577 -0.1182112  -0.4419026  -0.68713593
  -0.4659023  -0.6927947   0.16112602  0.2539212  -0.35795316 -0.36491546
   0.14245552  0.183657   -0.884176   -0.5507641  -0.53306687 -0.3155056
  -0.4293604   1.6879594   1.7085152   0.4108724  -0.39321104 -0.3915993
   0.02006812 -0.06231382  0.9331174   2.2248964   0.24660121 -0.1647122
  -0.69318455 -0.83296543 -0.99576426  0.06401758 -0.35432616  0.394883
  -0.2397835  -0.3076813   0.0452836  -0.33089536 -0.5060036  -0.6472589
  -0.91826904 -0.41483107 -0.41265514 -0.6633451   0.52105695 -0.58851814
  -0.4567542   1.4576546   1.1666939  -0.37128755 -0.41604644 -0.54899246
  -0.04443418 -0.02170731  0.36547208 -0.40046978 -0.52423465 -0.64161956
  -0.42195392 -0.80375373 -0.4521141   0.8080028   0.24966094  0.74692744
  -0.5660413   0.58718354 -0.14187485  0.65987647  0.2694571  -0.45402485
  -0.02899482  1.0490593  -0.14871693 -0.46071047]]