[[ 0.9051797   0.86927444  0.5637239  -0.25675035 -0.69371927 -0.909083
  -0.9046833  -0.47079208 -0.13614179 -0.2697498  -0.5141993  -1.0948211
   0.35279834 -0.27254057 -0.62970054  0.83060765 -0.33590305  0.850442
  -0.3864219   0.5048887   2.7570713  -0.5216782  -0.8338569  -0.5693672
   0.40058327 -0.64007294 -0.13018239  0.03711769 -0.3605276  -0.7543818
   0.04081542 -0.02238893 -0.05637025 -0.06669702 -0.34382796 -0.38852015
   0.05830315  0.60478276 -0.9367601  -0.68905157 -0.5268356  -0.04455385
  -0.43312514  1.8302966   1.2585695   0.6469049  -0.2852846   0.06527755
  -0.06270617  0.02170553  1.6995465   1.3229548  -0.05242993 -0.01145684
  -0.33427784 -0.65587306 -0.8356614   0.38806516 -0.29960972  0.29489705
  -0.16606045 -0.37771913 -0.03591577 -0.5018277  -0.46562058 -0.62471557
  -0.87580794 -0.5387428  -0.41108608 -0.6068913   0.53419054 -0.7331125
  -0.48809218  1.1062094   0.81470567 -0.34469262 -0.5429192  -0.428235
  -0.24756743 -0.01485514  0.14781643 -0.32209933 -0.49809298 -0.7246002
  -0.6714202  -0.896399   -0.47185093  0.56089926  0.19749072  0.5235885
  -0.6481207   0.34041446 -0.26489425  1.2135246   0.41523325 -0.4032086
   0.00992771  0.7048804  -0.06449258 -0.46103787]]