[[ 0.47902846  0.98183566 -0.00531048 -0.24087076 -0.57186496 -0.95940423
  -0.8678662  -0.6252971  -0.14279257 -0.15113424 -0.49956906 -0.9222408
   0.5649086  -0.2637467  -0.4880162   0.52472115 -0.5000348   0.31579623
  -0.3067938   0.8859359   1.9115019  -0.5938555  -0.61712897 -0.6686475
  -0.03054623 -0.50857836 -0.4955586   0.03977325 -0.42318395 -0.6638395
  -0.36574373 -0.41033697 -0.04519272 -0.4595762  -0.27965704 -0.49319243
   0.08733599  0.34399498 -0.79615366 -0.68993086 -0.5797229  -0.15800586
  -0.38806212  0.06858136  1.9291815   0.1373778  -0.27636626 -0.40030676
  -0.05800085  0.16080968  0.8512801   2.2285147  -0.10962543 -0.37448093
   0.10013376 -0.3420911  -0.80867827  0.01924592 -0.16254906 -0.08850956
  -0.0988165  -0.27116674  0.1386416  -0.2341171  -0.5034006  -0.55040365
  -0.72222596 -0.5453341  -0.3230981  -0.72168577  0.28259102 -0.6087905
  -0.41181144  1.5576069   1.0481914  -0.19777964 -0.13530156 -0.40544778
   0.0158777  -0.11442056  0.67790145 -0.12771794 -0.32299438 -0.52416795
  -0.28478712 -0.7561861  -0.43407682  0.87160236  0.25774294  0.42366803
  -0.49155694  0.13406646 -0.24766631  0.9370471   0.03141622 -0.405011
   0.13520558  0.7356503  -0.06326313 -0.46013767]]