[[ 0.7854068   0.6608428   0.46895385  0.01384371 -0.47603476 -0.7220706
  -0.70772535 -0.37684795 -0.14681788 -0.3146624  -0.25622514 -0.8774829
   0.95903146 -0.3053887  -0.52640784  0.18915218 -0.28471452  0.309213
  -0.07231034  1.0045011   1.2306108  -0.5299584  -0.5579302  -0.6298797
   0.18912317 -0.5421874  -0.04035231 -0.1969353  -0.1664056  -0.6513637
  -0.06565983  0.3441792   0.17718169 -0.39225113 -0.50948656 -0.2517881
  -0.20907964  0.45682362 -0.9087499  -0.5470214  -0.45587364 -0.11141272
  -0.4120673   1.0019222   2.4845662   0.15848751 -0.4505865  -0.17424186
  -0.04432771 -0.07310203  1.2660954   2.4870582   0.4864822   0.23130004
   0.03536302 -0.22130573 -0.77992064  0.97297347 -0.25435913  0.64212686
  -0.19536853 -0.23452361  0.0884705  -0.0199851  -0.38061503 -0.3687198
  -0.81790215 -0.26787016 -0.3690283  -0.5174702  -0.22129625 -0.6138578
  -0.37679413  1.853402    0.8996529  -0.40824482 -0.25330478 -0.41418043
  -0.30735633 -0.28434277  0.5459442  -0.38204205 -0.45147386 -0.5807206
  -0.431704   -0.6905408  -0.43200764  1.1184807  -0.11912432  0.5623788
  -0.40403274  0.20132105 -0.37391344  0.4953642   0.10469705 -0.38853255
  -0.10851616  1.294657   -0.34892493 -0.41143283]]