[[ 0.80368155  0.68196654  0.9396011  -0.04973897 -0.7532602  -0.8951743
  -0.76511115 -0.35118583 -0.07978196 -0.3509061  -0.5673001  -1.0150806
   0.19676404 -0.24137853 -0.6047582   1.3542382  -0.6170015   0.29704234
  -0.35408944  1.1573236   2.3390465  -0.43304774 -0.65755427 -0.56428665
  -0.07110922 -0.43836057 -0.39951006 -0.22163492 -0.39293635 -0.6618728
  -0.45871884 -0.7429      0.15752964  0.36237425 -0.40534058 -0.33372903
   0.07709091  0.11001938 -0.9177347  -0.5504093  -0.5527181  -0.33260995
  -0.45215794  2.0703623   1.8158945   0.4262544  -0.40099505 -0.5102989
  -0.05900992  0.04806264  0.66016454  2.43274     0.21644089 -0.269839
  -0.68674934 -0.83263993 -1.0085577  -0.03710377 -0.36027357  0.3588687
  -0.23440087 -0.31495038  0.14406726 -0.3782636  -0.52431893 -0.6015095
  -0.868283   -0.43462658 -0.43035847 -0.6877572   0.55338794 -0.563966
  -0.42644185  1.5669158   1.2766405  -0.4625356  -0.25188127 -0.586784
  -0.0427136   0.02808822  0.6397112  -0.34057096 -0.5439785  -0.64754415
  -0.43925244 -0.8046887  -0.4429903   0.9420228   0.13816237  0.8758604
  -0.53639615  0.64844847 -0.15905     0.56267124  0.19627157 -0.44118887
  -0.11624625  1.1351163  -0.15761042 -0.4655368 ]]