[[ 0.9078667   0.36227992  0.9242135  -0.18238747 -0.7240655  -0.8431492
  -0.78210706 -0.38151714 -0.17957082 -0.2524187  -0.5489387  -0.9306928
   0.27908492 -0.22463195 -0.45799285  1.296588   -0.5233753   0.66845286
  -0.33022127  1.0363191   2.3090148  -0.4306539  -0.5790169  -0.5611126
   0.03652779 -0.39005834 -0.3924871  -0.02358996 -0.33686313 -0.5978223
  -0.13038483 -0.7352195   0.05833295  0.2875881  -0.47297928 -0.25848523
   0.21241848 -0.11142689 -0.8030362  -0.5626953  -0.52394617 -0.36145598
  -0.40176326  1.9004183   1.5928316   0.5484432  -0.4404405  -0.5101098
  -0.36199078  0.25600263  0.70420825  2.1178076   0.23156261 -0.28210288
  -0.61786026 -0.7828326  -1.0175767  -0.12302968 -0.36937657  0.24565212
  -0.25219864 -0.3142452   0.30709952 -0.4295542  -0.4776431  -0.538857
  -0.772502   -0.4331573  -0.430591   -0.6389643   0.7761848  -0.57305896
  -0.3700881   1.4071723   1.217212   -0.28922182 -0.21063957 -0.36253574
  -0.28914493  0.01300663  0.7492415  -0.2534664  -0.5038954  -0.6768919
  -0.68253136 -0.77749723 -0.44152987  1.1482613  -0.17097124  1.0516297
  -0.49641126  0.59635836  0.12598236  1.2089013   0.07448473 -0.40782228
  -0.07221568  1.0721052   0.28080466 -0.541445  ]]