[[ 1.1215076   0.7484236   0.17519169 -0.14033927 -0.5010587  -0.7125975
  -0.70280766 -0.34332028 -0.21642119 -0.27668244 -0.30240828 -0.91266495
   0.62805784 -0.30751315 -0.595448   -0.12412113  0.07564906  0.54652554
  -0.08533021  0.92167586  0.9842498  -0.5283304  -0.57996505 -0.5699876
   0.3394214  -0.4642503  -0.04506391 -0.15943839 -0.21653493 -0.62406325
   0.12072819  0.19089304  0.18139504 -0.3846757  -0.41683307 -0.23346893
  -0.12932017  0.6966703  -0.7869767  -0.54806817 -0.41641936 -0.2926493
  -0.4055068   0.76644444  1.9976654   0.80481553 -0.5062315  -0.13527273
   0.08819041 -0.08044129  1.808818    2.327744    0.16620785  0.03147757
  -0.62617797 -0.5895148  -0.7103116   0.6567662  -0.41057938  0.32646778
  -0.158968   -0.37980145  0.08563092 -0.2518384  -0.35601333 -0.39012182
  -0.8033982  -0.3615517  -0.40276673 -0.5342929  -0.29089326 -0.6084587
  -0.3993122   1.9619251   0.66220015 -0.28305647 -0.19208601 -0.34404126
  -0.27998146 -0.326185    0.46296588 -0.41027722 -0.4103077  -0.5921859
  -0.3487485  -0.681873   -0.42996657  0.9985919   0.08299713  0.51637244
  -0.37593147  0.17619675 -0.2543712   0.8920375  -0.226081   -0.33626077
  -0.16483098  1.1012317   0.07952291 -0.35343063]]