[[ 0.72103244  1.6448523   0.19347212  0.05488349 -0.6488766  -0.9779433
  -1.1142256  -0.6734043   0.0535956  -0.20561756 -0.5802313  -0.87941515
   0.19923852 -0.21498784 -0.6265112   0.4935969  -0.5816045   0.19829734
  -0.47106212  1.228173    2.3423493  -0.601565   -0.7904597  -0.72456944
   0.05361416 -0.63066703 -0.47895342  0.16538396 -0.5197211  -0.7491688
  -0.41341725 -0.56270665  0.03887508 -0.46874076  0.15219575 -0.52443826
   0.12845173  0.33440235 -0.8276342  -0.6677695  -0.55893034 -0.09818996
  -0.4126577   0.13142411  2.2549582   0.28800523 -0.16998231 -0.2591487
  -0.13896409 -0.15790439  0.93968356  2.6026022   0.01070494 -0.2841004
   0.50279135 -0.02258963 -0.8634782   0.09917665 -0.1996649   0.1686833
  -0.23839523 -0.05479007  0.15426894 -0.26702774 -0.5078234  -0.8408617
  -0.94513065 -0.42577034 -0.32559463 -0.7607848   0.21566093 -0.44732472
  -0.37257904  1.96771     1.4971346  -0.3330287  -0.41170934 -0.47818577
   0.62328917  0.07071716  0.3779455  -0.25871912 -0.40301907 -0.65493387
  -0.14121082 -0.82588035 -0.4469318   1.0245568   0.44161016  0.6856139
  -0.56987447  0.3457383  -0.2438513   0.77995384  0.52995384 -0.37203714
   0.29233035  1.0548358   0.01554541 -0.44845662]]