[[ 1.3653512   0.404746    0.16080496 -0.16187677 -0.573484   -0.7481163
  -0.77583873 -0.45442325 -0.26428756 -0.05506972 -0.45311382 -0.791121
   0.3070982  -0.26911497 -0.46666583  0.12558421  0.2223078   1.2291334
  -0.24671425  0.81102806  0.61032283 -0.5775827  -0.44732928 -0.56580895
   0.6534391  -0.31780908 -0.31328064  0.19333948 -0.39767286 -0.5468191
   0.188131   -0.48340708 -0.02170453 -0.42206913 -0.35711578 -0.24975576
   0.5411938   0.20276116 -0.6029063  -0.5847917  -0.42196694 -0.39283496
  -0.41721028  0.6425976   1.1610856   1.5095199  -0.4036698  -0.33443713
  -0.39439797  0.18323341  1.6730944   1.8300797   0.13744362 -0.28122482
  -0.60955137 -0.61861664 -0.7222346   0.07688238 -0.3800643   0.07903966
  -0.24543664 -0.33737987  0.13260214 -0.34047443 -0.3627669  -0.46012473
  -0.7156635  -0.421946   -0.45452568 -0.6499142  -0.01919623 -0.52885294
  -0.38222614  1.5440375   0.67584664 -0.02483836 -0.18737096 -0.3024753
  -0.27063265 -0.20049575  0.44087353 -0.27541003 -0.3253263  -0.6353626
  -0.34440556 -0.64392823 -0.4656304   0.6800461  -0.0656018   0.7305277
  -0.32578105  0.16383694  0.14118151  1.5032532  -0.37986436 -0.30642873
  -0.13016346  0.9164668   0.6405058  -0.4028664 ]]