[[ 0.8419111   0.55770284  1.1869466  -0.12285136 -0.7632737  -0.9060434
  -0.6851468  -0.28976214 -0.07035907 -0.37572694 -0.5409465  -0.96184355
   0.1118263  -0.22646958 -0.57874554  1.6566952  -0.5972402  -0.00862836
  -0.37882656  1.2274977   2.3059802  -0.39465377 -0.7410462  -0.5324982
  -0.09143802 -0.5508712  -0.40471372  0.09494312 -0.41336784 -0.5930663
  -0.51404953 -0.7449072   0.24828257  0.5647902  -0.54975134 -0.38548437
  -0.10977752 -0.148721   -0.84422725 -0.4632101  -0.52521586 -0.29283977
  -0.36416134  2.3622136   2.0847895   0.3602553  -0.46019658 -0.4769051
  -0.27745563 -0.14756876  0.25072587  2.6181734   0.1705825  -0.20201789
  -0.66290236 -0.821457   -1.1194929  -0.04425362 -0.31810993  0.43651378
  -0.21163858 -0.30708814  0.24329576 -0.30300245 -0.49178103 -0.6112823
  -0.8533776  -0.38305283 -0.4198016  -0.576013    0.88192856 -0.5777104
  -0.4029556   1.8116577   1.5926123  -0.20177937 -0.2236571  -0.5412584
  -0.25599408  0.09963726  0.59472835 -0.40029517 -0.56592405 -0.671119
  -0.67235196 -0.7326665  -0.41179413  1.1680615  -0.30085582  0.7683658
  -0.58114576  0.8375893  -0.0439978   0.7513106   0.31319988 -0.44878775
  -0.17509246  1.3894093  -0.07443693 -0.5014745 ]]