[[ 0.9596003   0.42454803  0.47364765 -0.2399098  -0.64647734 -0.81805533
  -0.69408774 -0.29151985 -0.20079762 -0.2400119  -0.5050828  -0.96536887
   0.38141677 -0.2997822  -0.5696087   0.7489973   0.0874705   1.0414802
  -0.2532338   0.6472692   1.5372707  -0.5237912  -0.62891495 -0.505632
   0.46630797 -0.42177498  0.02217337  0.04610422 -0.36463267 -0.6120009
   0.12378713 -0.0325027   0.01412511 -0.0444665  -0.44233575 -0.11346455
   0.28065452  0.47427902 -0.8052465  -0.5884771  -0.43830687 -0.31329995
  -0.4375345   1.9088889   1.0533389   1.0795852  -0.45274675 -0.2303296
  -0.11690341  0.1232342   1.6900896   1.6238886   0.01735828 -0.2161101
  -0.70576125 -0.7169188  -0.8358108   0.32477993 -0.42578197  0.08280316
  -0.18205655 -0.39280188 -0.03253865 -0.48233336 -0.42134625 -0.36287272
  -0.79649603 -0.51355803 -0.4570163  -0.5348262   0.21420044 -0.66337824
  -0.45418647  1.2396209   0.74359745 -0.28457278 -0.35822687 -0.4140704
  -0.35338467 -0.17399566  0.31348515 -0.35540536 -0.44629705 -0.65679187
  -0.55838245 -0.7408605  -0.4734008   0.5378478   0.07376936  0.49204838
  -0.45322707  0.2761993  -0.10974465  1.2180395  -0.13022447 -0.37734503
  -0.14918773  0.8752635   0.1272841  -0.41278127]]