[[ 1.2140348e+00  6.0549271e-01  4.3423817e-02 -2.1978517e-01
  -5.5042106e-01 -7.4974859e-01 -7.8229952e-01 -3.1755617e-01
  -2.4171385e-01 -1.5316944e-01 -4.6677169e-01 -9.0146631e-01
   3.5796812e-01 -3.0296236e-01 -5.6952065e-01  5.8841921e-02
   2.4440536e-01  1.1652354e+00 -1.4779095e-01  8.2096386e-01
   7.3655045e-01 -5.7254928e-01 -4.9735314e-01 -5.4014045e-01
   6.3509476e-01 -3.8904715e-01  6.3216530e-02 -1.0028401e-01
  -3.2840323e-01 -6.3125783e-01  3.1181777e-01  1.3291338e-01
   5.3306945e-02 -4.2358083e-01 -4.0796885e-01 -9.8690964e-02
   2.9349133e-01  5.9254450e-01 -7.7348381e-01 -5.8779138e-01
  -4.1051167e-01 -3.5009554e-01 -4.4996327e-01  1.1876190e+00
   1.3910686e+00  1.2220498e+00 -4.3204823e-01 -1.9153485e-01
  -1.0795578e-01  1.2668814e-01  1.9515374e+00  2.0435379e+00
  -4.5010634e-04 -2.2622828e-01 -6.8564570e-01 -6.1766183e-01
  -6.9878250e-01  4.6973133e-01 -4.3999898e-01  3.5807788e-02
  -1.8217263e-01 -3.6795941e-01  4.3917030e-02 -4.1451043e-01
  -3.7218893e-01 -3.2803205e-01 -7.8277820e-01 -5.0739896e-01
  -4.4959971e-01 -5.6786263e-01 -2.7922875e-01 -6.4656723e-01
  -4.1305068e-01  1.6233797e+00  5.4282469e-01 -2.9700959e-01
  -2.0776811e-01 -3.1963158e-01 -3.2123962e-01 -2.8323719e-01
   4.3324587e-01 -3.6162135e-01 -3.6078608e-01 -6.1907673e-01
  -3.9212644e-01 -7.2190046e-01 -4.6206594e-01  7.3786461e-01
   2.0611458e-01  6.9729114e-01 -3.5464066e-01  1.2548076e-01
  -1.3884702e-01  1.1766962e+00 -3.9402437e-01 -3.3983889e-01
  -1.5436491e-01  9.9042416e-01  2.0217980e-01 -3.3190796e-01]]