[[ 1.4758204   1.4937767   0.25168988 -0.04062717 -0.56389385 -0.75003576
  -1.0403787  -0.4055071  -0.19463083 -0.12604745 -0.5511282  -0.92570597
   0.20528188 -0.22664034 -0.65154153 -0.03974196 -0.08269227  0.85898346
  -0.21743426  1.259989    0.9094074  -0.5641576  -0.54872763 -0.5934525
   0.8690995  -0.57749766 -0.12506022 -0.36252725 -0.36730975 -0.74421906
   0.3817927   0.16619037  0.17582652 -0.39680767 -0.38864708 -0.36414173
   0.01466708  0.38700736 -0.91793483 -0.56600696 -0.43444738 -0.32413885
  -0.39584142  1.1021066   2.3342931   0.9131111  -0.33851406  0.1724751
  -0.27562013  0.01748057  1.3880038   2.8263667   0.18706894 -0.14907005
  -0.6899346  -0.66825974 -0.7178842   0.40472806 -0.42123345  0.3683826
  -0.11918724 -0.3335344   0.24577184 -0.19083628 -0.37977323 -0.59340113
  -0.8072448  -0.35622254 -0.4138709  -0.66549695 -0.40455085 -0.6452616
  -0.38751322  2.3641691   0.84089124 -0.6095708  -0.01379427 -0.3746617
  -0.24407405 -0.02535912  0.6714374  -0.33131713 -0.3836717  -0.6618765
  -0.40469667 -0.8024927  -0.40728307  1.3571528   0.17886874  0.91520494
  -0.4526611   0.5032369  -0.23681062  0.63851464  0.16124736 -0.35003597
  -0.09982043  1.3706727  -0.06769389 -0.33901423]]