[[ 1.4980184   0.6004956   0.33382016 -0.02206021 -0.55545664 -0.7172427
  -0.72869176 -0.3853917  -0.15767819 -0.23821372 -0.45281303 -0.834025
   0.37923095 -0.268669   -0.49360305  0.07862025  0.08866845  0.62977904
  -0.23542084  0.9371713   0.7584655  -0.5417909  -0.4892537  -0.5826705
   0.5062076  -0.29055116 -0.3655216  -0.08876181 -0.38191962 -0.61701
   0.08311295 -0.5253417   0.11466421 -0.38859648 -0.36732686 -0.29692563
   0.10031815  0.47648445 -0.7316277  -0.5714377  -0.42700246 -0.3150453
  -0.4326264   0.3820955   1.800624    1.1664435  -0.3919677  -0.3925895
  -0.02495246  0.04542667  1.6325349   2.1588428   0.37043548 -0.13998908
  -0.5668939  -0.60424674 -0.70131785  0.25345942 -0.37712497  0.3725085
  -0.23479773 -0.3347583   0.18190238 -0.17423356 -0.3666498  -0.4779006
  -0.74778646 -0.26077712 -0.40924543 -0.6502263  -0.21441735 -0.52760714
  -0.3602155   1.8891566   0.65813404 -0.2854647  -0.20540182 -0.38467306
  -0.20636587 -0.22949027  0.5922221  -0.25000852 -0.40029767 -0.6119245
  -0.2522797  -0.69583    -0.4312758   0.8975993   0.17706804  0.8278711
  -0.33152848  0.16642843 -0.07336833  1.1330736  -0.23926638 -0.3091079
  -0.13193674  1.0719765   0.40462273 -0.35377342]]