[[ 1.6578382e+00  8.5734773e-01  2.5505593e-01 -1.9536945e-01
  -6.7794794e-01 -9.4495231e-01 -8.8568604e-01 -5.8127141e-01
  -2.7683580e-01 -1.0700702e-01 -5.1646936e-01 -9.2484039e-01
   4.8884436e-01 -2.2857429e-01 -5.6991690e-01  5.7775468e-01
   3.7790716e-02  8.7607336e-01 -3.2229984e-01  1.3362334e+00
   1.3118169e+00 -5.6140369e-01 -5.8176714e-01 -7.1425384e-01
   4.4424194e-01 -4.1046125e-01 -3.5479483e-01  9.9150345e-02
  -4.2737931e-01 -6.0788924e-01  3.7433580e-03 -5.7771033e-01
   3.0865851e-01 -2.5067112e-01 -2.9649991e-01 -3.2973921e-01
   3.2634968e-01  2.6787350e-01 -7.5922781e-01 -6.4499736e-01
  -4.9564216e-01 -4.1747642e-01 -3.6667562e-01  6.3139021e-01
   2.2213981e+00  1.5028373e+00 -3.6446613e-01 -4.2930284e-01
  -3.4457919e-01  2.3588610e-01  1.6818054e+00  2.9685290e+00
   1.5472412e-01 -3.2610938e-01 -5.7626778e-01 -6.9346619e-01
  -9.4104499e-01  1.5698019e-02 -4.0808740e-01  1.2663811e-01
  -2.5915954e-01 -3.5908207e-01  4.8599213e-01 -3.3023030e-01
  -4.7994182e-01 -6.0166854e-01 -8.2142764e-01 -4.5348635e-01
  -3.9820886e-01 -7.5915420e-01  2.8636897e-01 -5.7738596e-01
  -3.6051378e-01  2.5915256e+00  1.3029227e+00 -1.9703604e-01
  -1.3771254e-01 -4.0001586e-01 -9.1423452e-02 -9.4392538e-02
   7.0918185e-01 -1.6319054e-01 -4.0131781e-01 -6.8828696e-01
  -3.5608158e-01 -7.2591007e-01 -4.3320373e-01  1.3149310e+00
   4.5249239e-02  9.0688103e-01 -4.3377820e-01  4.2451057e-01
  -2.4171043e-03  1.6483208e+00 -2.1088707e-01 -3.1940350e-01
  -2.7485609e-02  1.3626688e+00  7.2461510e-01 -4.8087969e-01]]