[[ 0.6416876   1.1003053   0.4323575   0.00608062 -0.6362136  -0.8060638
  -0.840289   -0.42360854 -0.1213635  -0.29361433 -0.5339631  -0.8835163
   0.39781144 -0.24271855 -0.5800669   0.4143447  -0.38168788  0.36167252
  -0.24693398  0.87195647  1.9633616  -0.48498443 -0.5274403  -0.5516667
   0.02155038 -0.46518028 -0.3732403  -0.19829924 -0.34360307 -0.62785435
  -0.3004959  -0.46894854  0.01650454 -0.06936026 -0.02230597 -0.31800044
   0.10831345  0.20859392 -0.7943439  -0.5577967  -0.4795301  -0.31658414
  -0.41642228  0.9738348   1.527409    0.3369714  -0.39193553 -0.3628834
  -0.11913542  0.04305744  1.011599    1.9981065   0.17394835 -0.13728367
  -0.63321716 -0.6971633  -0.7885101   0.10129387 -0.32535088  0.20670243
  -0.18809794 -0.32487673  0.01310469 -0.29591697 -0.45047495 -0.5170305
  -0.7753025  -0.39502054 -0.39500228 -0.6548725   0.10269886 -0.49028122
  -0.43248805  1.5432174   1.018252   -0.45737833 -0.1736919  -0.48377693
   0.2938351  -0.11439717  0.59439933 -0.33434772 -0.3857395  -0.5394173
  -0.2629702  -0.7075488  -0.4461175   0.8570669   0.12899837  0.5055742
  -0.42653194  0.40524596 -0.1629539   0.42676336  0.22651026 -0.3858292
   0.1790826   0.8199124  -0.09029611 -0.42072695]]