[[ 0.50611687  0.6643443   0.49037    -0.2558228  -0.61688906 -0.9155025
  -0.8183679  -0.5447755  -0.13275155 -0.27411255 -0.38170853 -1.0539181
   0.68729526 -0.2527438  -0.5664929   0.9130402  -0.5195437   0.40769896
  -0.28569293  0.5160218   2.6642601  -0.511315   -0.7715897  -0.640238
   0.04877011 -0.61140233 -0.44114572  0.02758734 -0.31043857 -0.6908324
  -0.38105747 -0.28243867 -0.05591489 -0.2053054  -0.32501268 -0.47545806
  -0.02658148  0.4530212  -0.88593864 -0.7179348  -0.5932114   0.117418
  -0.39944026  1.0068163   1.6996336   0.23673452 -0.2931147  -0.2313778
   0.08908557  0.01093337  1.2719853   1.5625614   0.0407646   0.09684557
   0.14193782 -0.39055672 -0.8968566   0.22831257 -0.11902512  0.31128842
  -0.15083098 -0.30372474 -0.00770364 -0.31130823 -0.52191275 -0.63148874
  -0.8360026  -0.51346135 -0.3588198  -0.6615397   0.6489011  -0.6656253
  -0.44224238  1.1563338   0.8711455  -0.38619682 -0.31005317 -0.54085183
  -0.1603692  -0.12381947  0.19661616 -0.2565683  -0.48974892 -0.64205647
  -0.54786676 -0.7866644  -0.4613128   0.5729708   0.11482914  0.11164778
  -0.6093537   0.21568814 -0.4138839   0.8556457   0.37741676 -0.39513004
   0.16398597  0.5697541  -0.3041606  -0.44209647]]