[[ 0.88244325  0.7723151   0.5351775  -0.18256794 -0.635935   -0.8577588
  -0.7455894  -0.39865208 -0.10973538 -0.22434476 -0.51235664 -0.9614761
   0.5037831  -0.24256918 -0.52752477  0.84044594 -0.333196    0.6255505
  -0.29657188  0.9914471   1.6530163  -0.5029493  -0.60495615 -0.5774796
   0.1274203  -0.31768155 -0.3378213  -0.23311624 -0.37273887 -0.6638445
  -0.24382132 -0.58228374  0.06177375 -0.09730221 -0.45365313 -0.30711892
   0.17755869  0.42339212 -0.8436084  -0.6070408  -0.4837124  -0.26119494
  -0.43131116  1.0187013   1.6724119   0.54606956 -0.27518836 -0.3736142
   0.05697778  0.2676633   1.0400405   2.149658    0.24164976 -0.24776588
  -0.54514503 -0.6888204  -0.80398786  0.04368975 -0.37232718  0.256351
  -0.19961226 -0.32547873  0.11620744 -0.3141016  -0.4564115  -0.54052633
  -0.75097203 -0.40503442 -0.39416862 -0.66575414  0.21355774 -0.60141444
  -0.4042331   1.5284976   0.8677051  -0.4857546  -0.22237998 -0.5314534
  -0.25721636 -0.12617677  0.58462626 -0.1577543  -0.4752084  -0.6230156
  -0.41434804 -0.7654968  -0.40338027  0.8685994   0.43053767  0.66991293
  -0.47528008  0.3477835  -0.19944331  0.7305236  -0.01674783 -0.36631075
  -0.0419645   0.96152604 -0.07599327 -0.37123707]]