[[ 0.99187154  0.96975356 -0.04401821 -0.21659443 -0.6449897  -0.98188764
  -0.87772214 -0.4827399   0.00307786 -0.22755502 -0.4867928  -0.98580194
  -0.15305476 -0.28860012 -0.60915405  0.22109044 -0.5803577   0.31375343
  -0.39833787  1.0847346   2.1068997  -0.62102574 -0.77139485 -0.6560352
   0.05000307 -0.6088045  -0.3213696   0.13305719 -0.4389767  -0.86597854
  -0.36280003 -0.2132419   0.17412688 -0.4416704  -0.49493757 -0.552448
  -0.14980574  0.8893871  -0.8840636  -0.5986083  -0.56738394 -0.08250139
  -0.47475526  0.41394743  2.1577356   0.2827688  -0.2029197  -0.21798772
   0.2973419  -0.15889938  1.5316637   2.288137   -0.29762915 -0.25638363
  -0.03800951 -0.3845362  -0.82085675  0.71265197 -0.16585079  0.17024946
  -0.03643618 -0.1924327   0.06732766 -0.40693206 -0.46265316 -0.80228275
  -0.9930522  -0.54728353 -0.33087415 -0.6167642   0.1407075  -0.73868597
  -0.43362176  1.844968    0.9438691   0.3294475  -0.381272   -0.3129197
  -0.2489233  -0.07567865  0.3566218  -0.32662088 -0.3892513  -0.5572622
  -0.41298428 -0.8951892  -0.42965615  0.87947834  0.51037264  0.97263724
  -0.5895929   0.16531824 -0.20836462  1.0210516   0.01944038 -0.38191187
  -0.18619809  0.94285333 -0.08437674 -0.37934235]]