[[ 5.57077110e-01  8.96483660e-01  6.50962532e-01 -1.34743797e-03
  -6.76777244e-01 -8.35069776e-01 -7.76734412e-01 -4.16935265e-01
  -1.56774297e-01 -3.63241673e-01 -5.30822456e-01 -9.24799740e-01
   4.68203545e-01 -2.60773838e-01 -6.33969009e-01  7.56969094e-01
  -3.47782254e-01  2.86076128e-01 -2.62099624e-01  6.27888024e-01
   2.37563920e+00 -4.61861968e-01 -5.83627999e-01 -5.38161337e-01
  -3.56526896e-02 -5.81058681e-01 -3.82242739e-01 -5.31665348e-02
  -3.50356191e-01 -5.79673052e-01 -3.30117226e-01 -4.28238630e-01
  -2.15954781e-02  1.06675506e-01 -1.07818237e-02 -3.68335903e-01
   4.58535086e-03  1.21947885e-01 -7.98264503e-01 -5.71937978e-01
  -5.02354562e-01 -3.28658581e-01 -4.03859138e-01  1.45993638e+00
   1.27897322e+00  4.18903470e-01 -4.80569810e-01 -3.90430480e-01
  -2.36525029e-01 -1.02560461e-01  1.09699702e+00  1.70201290e+00
   1.15511298e-01 -7.18827546e-02 -6.51540816e-01 -7.44069815e-01
  -8.65890622e-01  9.85512510e-02 -3.30261588e-01  2.31596485e-01
  -1.56240195e-01 -3.76749545e-01 -5.21082357e-02 -3.19152921e-01
  -4.87007022e-01 -4.66115922e-01 -7.70157933e-01 -4.19802368e-01
  -4.22713012e-01 -6.27203107e-01  3.55639905e-01 -5.21412671e-01
  -4.75156218e-01  1.32593286e+00  1.11177289e+00 -3.74905407e-01
  -2.64450461e-01 -4.95960981e-01  2.77519464e-01 -8.75118002e-02
   4.86586511e-01 -4.22093928e-01 -4.16566551e-01 -5.60758352e-01
  -3.89862508e-01 -7.07221568e-01 -4.84147787e-01  6.62094593e-01
  -1.98560148e-01  3.32009494e-01 -4.76254702e-01  4.42081124e-01
  -2.06077725e-01  6.50212824e-01  3.65194261e-01 -4.26896065e-01
   1.84958667e-01  7.33549595e-01 -4.23185453e-02 -4.99622971e-01]]