[[ 1.6609174   0.6118948   0.06063039 -0.2550207  -0.61467785 -0.7923216
  -0.85315275 -0.5082121  -0.30248168 -0.02995621 -0.48205996 -0.84271526
   0.3136631  -0.24742801 -0.48397928  0.13017322  0.3823087   1.3420177
  -0.25337353  0.9951864   0.6252244  -0.5831537  -0.47802424 -0.6111969
   0.80622333 -0.35344225 -0.31208768  0.32319313 -0.41956958 -0.54255503
   0.28191155 -0.4816718   0.12011503 -0.41296613 -0.32567948 -0.22706182
   0.66906327  0.23479275 -0.5920658  -0.5968612  -0.42059425 -0.44192743
  -0.36760747  0.5628769   1.3717046   1.9330531  -0.4537569  -0.35669366
  -0.474167    0.2229643   1.8900584   2.3811421   0.05680278 -0.34070322
  -0.63334954 -0.64500874 -0.81880116 -0.00981963 -0.4149761  -0.02909351
  -0.24794215 -0.3680746   0.27740029 -0.39067677 -0.37857577 -0.50684035
  -0.75832283 -0.4680328  -0.44621548 -0.68067694  0.06972784 -0.5411819
  -0.36178854  2.0355392   0.93309623  0.01317297 -0.09642238 -0.2624284
  -0.24249005 -0.18756689  0.49126962 -0.25375378 -0.32828096 -0.67771894
  -0.37756622 -0.64541423 -0.46938598  0.9670706  -0.11954032  0.74998564
  -0.33159348  0.31245726  0.21950892  1.9323201  -0.4173266  -0.28614083
  -0.07330278  1.1172221   0.8665795  -0.44843376]]