[[ 1.7046432e+00  9.1029966e-01 -7.1490072e-02 -3.8544810e-01
  -6.1333382e-01 -8.2107615e-01 -1.0974133e+00 -6.4960623e-01
  -3.7741268e-01  2.4353987e-01 -5.0639117e-01 -8.5261619e-01
  -5.1795594e-02 -2.2591284e-01 -5.7570332e-01 -3.6516830e-02
   8.1909254e-02  1.4993831e+00 -3.5610145e-01  1.2706980e+00
   1.4755064e+00 -5.3243464e-01 -5.8292210e-01 -6.5797144e-01
   4.7080320e-01 -5.6563962e-01 -4.1617823e-01  2.8901994e-01
  -4.3521556e-01 -5.1331848e-01  4.7659925e-01 -5.3550202e-01
   1.9887248e-01 -4.2075452e-01 -2.7178738e-01 -3.6354774e-01
   7.3256177e-01  4.6398018e-02 -5.3013301e-01 -6.2456679e-01
  -4.7393042e-01 -4.9284115e-01 -3.0795377e-01  4.3585429e-01
   1.5684992e+00  1.9781398e+00 -5.5634129e-01 -3.3045676e-01
  -5.5076420e-01  9.7376160e-02  1.8672755e+00  2.9886014e+00
  -3.4171942e-01 -4.2105839e-01 -6.9911397e-01 -6.8739849e-01
  -9.4994134e-01 -1.9138382e-01 -4.6365672e-01 -2.2694570e-01
  -2.1449238e-01 -3.5256490e-01  6.4327520e-01 -5.1312113e-01
  -4.0655342e-01 -6.7743993e-01 -8.3483011e-01 -5.6099486e-01
  -4.5422581e-01 -6.9183904e-01  4.5960224e-01 -5.2363932e-01
  -2.9239810e-01  2.2201297e+00  1.2417750e+00  1.5257183e-01
  -3.8065284e-02  9.4777681e-02 -2.2747557e-01 -1.7837237e-01
   3.0900946e-01 -3.3706191e-01 -3.2742155e-01 -7.9137975e-01
  -5.9088916e-01 -6.9121665e-01 -4.8924986e-01  1.5681052e+00
  -2.7615631e-01  1.1238183e+00 -4.6204495e-01  5.0542969e-01
   3.2019699e-01  2.5765517e+00 -5.2048701e-01 -2.6923725e-01
   1.6289204e-03  1.2069565e+00  1.3472549e+00 -5.3455651e-01]]