[[ 0.77032596  0.68333733  0.5950799  -0.05611187 -0.6680871  -1.0057361
  -0.85613346 -0.54540974 -0.18192017 -0.31850415 -0.43915883 -1.053426
   0.6479     -0.31751877 -0.7133408   1.0662125  -0.5386914   0.58215505
  -0.34967613  0.47330385  3.124369   -0.50345343 -0.8542131  -0.6641758
  -0.04977161 -0.672344   -0.30984804 -0.05674941 -0.35993204 -0.7115322
  -0.42791152 -0.34955642  0.02447478 -0.09612486 -0.2736446  -0.45647404
   0.16784224  0.45009434 -0.9730245  -0.5788618  -0.62792814  0.01148345
  -0.42068726  1.6869463   1.416742    0.67831117 -0.32086217 -0.15971498
   0.09728259 -0.04410055  1.8996456   1.473096   -0.05022305  0.02334526
  -0.2193354  -0.6040243  -0.93236065  0.57817954 -0.21862116  0.24600565
  -0.14283872 -0.12310017 -0.07611842 -0.4207061  -0.5462273  -0.6252418
  -0.93202555 -0.64468384 -0.42091498 -0.68661994  0.72622806 -0.7403278
  -0.5138997   1.0625097   0.85066277 -0.3195721  -0.40926236 -0.5450613
  -0.20992859 -0.00587676  0.1777702  -0.33829212 -0.5348817  -0.6688294
  -0.64118636 -0.8621143  -0.48597318  0.43600053  0.3386461   0.32518464
  -0.69379544  0.28206253 -0.4567314   1.1665678   0.33722293 -0.41180748
   0.18854955  0.54411423 -0.3126867  -0.50074923]]