[[ 1.7459657   0.85020435  0.2968857  -0.07415438 -0.57512075 -0.73559994
  -0.84663737 -0.4000194  -0.17530607 -0.17961767 -0.45188177 -0.79657054
   0.20975189 -0.21783397 -0.47772628  0.21306604 -0.00330758  0.42615074
  -0.15764996  1.5197613   0.42839867 -0.5103336  -0.42141485 -0.60873777
   0.52241826 -0.37080583 -0.41181183 -0.10702427 -0.3268041  -0.60059583
   0.03321316 -0.5570907   0.33118796 -0.28447852 -0.3972925  -0.31841892
   0.03691416  0.12119403 -0.7180879  -0.49261457 -0.45254356 -0.38300684
  -0.36950168  0.5227202   2.658637    1.0768752  -0.3961926  -0.47897923
  -0.36736053  0.01348443  0.9845605   3.2758803   0.2782828  -0.23458692
  -0.5591778  -0.60171765 -0.82623285  0.15934676 -0.33588585  0.3449063
  -0.25921857 -0.27366394  0.49384075 -0.1430193  -0.36507776 -0.53568643
  -0.7648429  -0.28314507 -0.38849235 -0.67723197 -0.15227869 -0.49685594
  -0.2848573   2.7147534   1.1547049  -0.21420908  0.11275479 -0.34557882
  -0.1602325  -0.14311838  0.9191557  -0.2678942  -0.37679958 -0.6117531
  -0.29952505 -0.669306   -0.39035946  1.6189089  -0.10317981  1.2248842
  -0.3179027   0.49422398 -0.00760044  1.0498594  -0.27649942 -0.31792015
  -0.14139731  1.6481746   0.3882032  -0.3650023 ]]