[[ 0.8120947   0.86237293  0.6048994  -0.03907069 -0.674402   -0.87481356
  -0.81438655 -0.35706183 -0.03776861 -0.30303863 -0.54615873 -0.9737867
   0.09421464 -0.2538638  -0.62699527  0.7297662  -0.6208995   0.29360166
  -0.35382476  1.1381117   1.9924185  -0.48451525 -0.6540816  -0.5846783
  -0.07879375 -0.39613703 -0.3562767  -0.15350777 -0.41936815 -0.71404755
  -0.4196261  -0.685032    0.13949794  0.00637282 -0.3941521  -0.38567364
   0.11135779  0.3987479  -0.8447096  -0.5648345  -0.52812064 -0.28886405
  -0.4754038   1.3044127   1.8290515   0.33876705 -0.26977915 -0.29892462
   0.1806139  -0.01716519  0.87259763  2.3548477   0.16225347 -0.26320812
  -0.69851214 -0.7844288  -0.80623037  0.05854136 -0.37781698  0.35150135
  -0.20996314 -0.29289696  0.0886632  -0.3462193  -0.48223233 -0.65865105
  -0.887342   -0.42643234 -0.416649   -0.6910155   0.31320342 -0.56031567
  -0.4317588   1.5511216   1.0038279  -0.2858023  -0.28287292 -0.5131359
  -0.03644643 -0.02431923  0.5136976  -0.343322   -0.48705804 -0.6267344
  -0.29995415 -0.81709266 -0.41890168  0.84302145  0.5646919   0.9007309
  -0.53125256  0.44973147 -0.0975383   0.5351981   0.03807451 -0.40856165
  -0.13643977  0.98727703 -0.02753857 -0.3190108 ]]