[[ 0.74620813  0.6436449   0.61757207 -0.19623727 -0.6546588  -0.86605644
  -0.7959166  -0.45461324 -0.18167967 -0.29366508 -0.38521346 -1.0241303
   0.47463024 -0.2826047  -0.6287369   0.7572444  -0.4274007   0.5133246
  -0.3412761   0.7519289   2.6149333  -0.46566683 -0.80142534 -0.6429789
   0.06581411 -0.6292601  -0.32611546  0.13858068 -0.3243426  -0.61820364
  -0.2688349  -0.34987536  0.08536306 -0.00364486 -0.3123052  -0.41631332
   0.0954397   0.24775183 -0.8154591  -0.6164413  -0.5458635  -0.02295522
  -0.38495314  1.4875361   1.5168984   0.63078064 -0.4058357  -0.12591179
  -0.00521931 -0.0682336   1.5352157   1.8094035   0.08218583  0.18053316
  -0.45475763 -0.69109046 -0.93951106  0.24226743 -0.27417684  0.38458574
  -0.23956972 -0.35912704  0.04494019 -0.42057255 -0.4821816  -0.58719474
  -0.9035109  -0.48340803 -0.4260629  -0.56828445  0.8371255  -0.64152986
  -0.46869498  1.204397    0.9810622  -0.12955284 -0.43846503 -0.40698448
  -0.16144413 -0.09794683  0.1958137  -0.41317183 -0.505006   -0.6824192
  -0.6075359  -0.76773155 -0.4609922   0.6681194  -0.11239498  0.32183304
  -0.5968339   0.42828557 -0.07772052  1.1957748   0.2624091  -0.39266008
   0.06996568  0.75216633  0.07540444 -0.4776493 ]]