[[ 1.4020231   0.54475474  0.60567635 -0.08817478 -0.63510835 -0.745221
  -0.7459143  -0.34880394 -0.1603302  -0.26012987 -0.4886231  -0.87215626
   0.4058277  -0.21989481 -0.45818922  0.73605484 -0.09591693  0.7358027
  -0.18228646  1.2460588   0.91779447 -0.48342502 -0.4091848  -0.57011604
   0.4427354  -0.2764404  -0.3725099  -0.2961872  -0.31195322 -0.5989955
  -0.03657546 -0.61803335  0.1852192  -0.01050027 -0.44902384 -0.22526778
   0.1887648   0.08852485 -0.8355838  -0.5260563  -0.45864698 -0.36343253
  -0.42057902  1.2310915   2.0961828   0.9927532  -0.37772512 -0.5877462
  -0.3380553   0.24689645  1.0297035   2.7070763   0.38926163 -0.22726142
  -0.5770377  -0.6620773  -0.8379644   0.07665855 -0.34970722  0.331642
  -0.25850207 -0.31311548  0.30220443 -0.2441768  -0.41425976 -0.44079828
  -0.7378015  -0.34047914 -0.42310616 -0.68314594 -0.01798131 -0.53647065
  -0.34295574  2.117288    1.0309161  -0.530271   -0.0122983  -0.4648226
  -0.23704974 -0.15116431  0.96497595 -0.23452492 -0.434886   -0.61311483
  -0.4251521  -0.7040428  -0.42690706  1.259434   -0.09713299  1.0849735
  -0.32837403  0.49095622 -0.1039515   0.8505535  -0.10875104 -0.35730752
  -0.11531895  1.3786999   0.09028486 -0.41914228]]