[[ 0.44207492  0.59610146  0.46381128 -0.3372268  -0.6564629  -0.9887678
  -0.7630528  -0.5879162  -0.23370989 -0.15922941 -0.50591856 -0.99474525
   0.8558478  -0.26053184 -0.5363541   1.2984437  -0.39516413  0.5626433
  -0.40700194  0.5744403   2.219514   -0.5413093  -0.7465351  -0.6187387
   0.04107252 -0.487349   -0.35310712  0.16414045 -0.4297955  -0.592239
  -0.3546003  -0.50610304 -0.15908279 -0.1629668  -0.40317178 -0.39400038
   0.17017978  0.14853765 -0.74254334 -0.7110677  -0.5685371  -0.27824652
  -0.37341395  0.9652971   1.069129    0.33966216 -0.26308832 -0.27620703
  -0.27759412  0.37497422  0.80648416  1.4267359   0.01088883 -0.33241376
  -0.36825398 -0.6675267  -0.941498   -0.05289062 -0.30940935  0.02070879
  -0.22530578 -0.36333454  0.03535786 -0.3709258  -0.5060396  -0.538791
  -0.65177584 -0.49943054 -0.3732516  -0.6864364   0.812732   -0.6360662
  -0.43351856  0.93553185  0.9796263  -0.1854213  -0.391822   -0.5509746
  -0.25038692 -0.04760497  0.25634038 -0.0329618  -0.45388815 -0.6272794
  -0.50988007 -0.7422873  -0.40097392  0.47320452  0.1948066   0.16657045
  -0.58884805  0.23779128 -0.16070579  1.2396047   0.01309814 -0.39174393
   0.10782707  0.5973424   0.05040624 -0.47017914]]