[[ 0.7792367   1.691371   -0.18696645 -0.30627617 -0.5533795  -0.81518537
  -1.3885877  -0.6202946  -0.4185238   0.08340199 -0.6569699  -1.0910333
  -0.2368454  -0.28450087 -0.9163017  -0.1683571  -0.43302184  1.5881441
  -0.38054246  0.5444571   2.377755   -0.6372734  -0.75794405 -0.6227698
   0.99968773 -1.0545832   0.06634877 -0.15463567 -0.3752085  -0.7765814
   1.0256634   0.93909377 -0.24673498 -0.6500352  -0.2570391  -0.59939945
   0.0187972   0.23675641 -0.88577664 -0.8229189  -0.5448818  -0.4330541
  -0.4248619   1.8727148   1.0605054   0.7699315  -0.40866652  1.010963
  -0.6128054   0.00970144  1.9786773   1.6070635  -0.63012004 -0.4227461
  -0.8151204  -0.7589278  -0.7178937   0.2223576  -0.5123098  -0.18087885
   0.12157262 -0.4497162   0.17751853 -0.7152296  -0.48736382 -0.7179132
  -0.80027294 -0.7702532  -0.5080325  -0.678839    0.12559286 -0.85225
  -0.5243382   0.941839    0.27600414 -0.3903503  -0.19125815 -0.04415456
  -0.30236673  0.28519717  0.12295966 -0.42709315 -0.30082723 -0.7945555
  -0.7379487  -1.0378896  -0.5041053   0.75786555 -0.18055715  0.81154925
  -0.7146356   0.39803812 -0.10125075  1.5286648   0.3647078  -0.43342495
  -0.03699299  0.415306    0.30689543 -0.45791155]]