[[ 0.6321686   1.0336484   0.06278132  0.32312778 -0.55773175 -0.8428949
  -0.92757535 -0.4815831  -0.23336154  0.09818178 -0.58541876 -0.7675673
   0.31324062 -0.23890795 -0.48945817 -0.28688988 -0.4932275   0.6886262
  -0.1936011   1.3143814   1.0794274  -0.50701225 -0.17294426 -0.6156695
   0.25507128 -0.21557632 -0.39054677 -0.5992678  -0.33278748 -0.71219534
  -0.2106442  -0.4921456   0.02741688 -0.3193047  -0.33755443 -0.18647745
   0.5131815   0.01138576 -0.91798306 -0.61838806 -0.47081763 -0.41439182
  -0.42050523  0.0147325   2.0755546   0.12984498 -0.38619974 -0.47149986
  -0.1226554   1.0073278   0.6290731   2.5717826   0.31197953 -0.29005215
  -0.6199892  -0.6198423  -0.77608645  0.16874963 -0.37963474  0.12084632
  -0.15318075 -0.2485265   0.12813951 -0.18550576 -0.38584846 -0.48519045
  -0.8175157  -0.5537292  -0.34371623 -0.79090583 -0.40780097 -0.5730895
  -0.3882048   1.7168471   0.70800245 -0.57609576  0.3398579  -0.44183666
   0.0417884  -0.2622935   1.3339207  -0.33180827 -0.35917586 -0.3953496
  -0.06878489 -0.6371595  -0.40618736  1.5983752   1.0725977   0.70204085
  -0.24792671  0.3085548  -0.0162707  -0.04118373 -0.2671361  -0.41886023
   0.05742506  0.96245795 -0.23028974 -0.36916196]]