[[ 1.1840379   0.95836496  0.15659474 -0.06611326 -0.5898941  -0.78563815
  -0.92002136 -0.49628025 -0.25118318 -0.03004447 -0.51976645 -0.8581918
   0.2741134  -0.25620785 -0.5886603   0.02488917  0.05296724  1.1558069
  -0.28255367  0.8554324   1.1123257  -0.56162465 -0.508296   -0.58316964
   0.49147025 -0.41803935 -0.3349924  -0.1516905  -0.42879835 -0.6252836
   0.07029103 -0.459415   -0.08003024 -0.41581932 -0.1340392  -0.28645113
   0.4917681   0.33614624 -0.72892964 -0.60724676 -0.44115084 -0.3930432
  -0.4484024   0.71621335  1.1970158   1.3082341  -0.39410332 -0.3777169
  -0.22836779  0.11780806  1.8195468   1.9818567   0.13519847 -0.25041306
  -0.6605923  -0.6711889  -0.7625624   0.11789194 -0.40083268  0.12754707
  -0.25589663 -0.3299593   0.06273877 -0.32317767 -0.40187454 -0.5354702
  -0.77644026 -0.44103965 -0.44464657 -0.71024364 -0.22465743 -0.5478489
  -0.40035453  1.5408831   0.69207096 -0.34999722 -0.23477972 -0.3697265
   0.00350064 -0.21619691  0.3350736  -0.33842814 -0.3497156  -0.63717604
  -0.25425956 -0.7109772  -0.47762033  0.6691991   0.2656355   0.63995546
  -0.38555062  0.18744029 -0.10541337  1.0212805  -0.163967   -0.32335985
   0.07311578  0.8447518   0.2924098  -0.4150617 ]]