[[ 3.44028026e-01  1.05506003e+00 -2.50496536e-01 -3.69148910e-01
  -5.98592758e-01 -1.02524257e+00 -9.08542335e-01 -6.67622745e-01
  -8.87011141e-02 -1.50246710e-01 -4.80450004e-01 -9.58395779e-01
   2.32896566e-01 -2.83243239e-01 -5.51036358e-01  6.36641681e-01
  -5.38815022e-01  6.20766342e-01 -4.21265751e-01  6.16351247e-01
   2.26489592e+00 -6.52222514e-01 -7.33022273e-01 -6.47581577e-01
   5.59203047e-03 -5.45399129e-01 -4.28284794e-01  2.24529445e-01
  -4.47358251e-01 -7.19540358e-01 -3.71473074e-01 -2.51060247e-01
  -4.60980497e-02 -5.78778386e-01 -1.82407305e-01 -5.52099288e-01
   2.44168773e-01  5.18007338e-01 -7.12444544e-01 -7.12619901e-01
  -6.27331972e-01 -1.63963586e-01 -4.47281212e-01  4.47615385e-02
   1.26194191e+00  1.13971025e-01  7.01860618e-03 -1.83537945e-01
  -1.01696942e-02  9.16365460e-02  9.22684312e-01  1.60199010e+00
  -5.35180688e-01 -5.52457452e-01  2.06663698e-01 -2.54623353e-01
  -7.22092807e-01 -4.45356593e-03 -1.15988135e-01 -3.90809178e-01
  -7.72607774e-02 -2.03975722e-01 -1.03906239e-03 -4.67182726e-01
  -5.32740593e-01 -7.12597907e-01 -8.01779926e-01 -6.89695716e-01
  -3.40245545e-01 -7.20325947e-01  4.16182190e-01 -6.63062453e-01
  -4.61619407e-01  1.13668227e+00  9.68303561e-01  2.28698775e-01
  -3.25627387e-01 -3.25259894e-01  2.05183439e-02 -4.93856929e-02
   2.40506530e-01 -1.49122700e-01 -2.86879331e-01 -5.22671998e-01
  -4.27245796e-01 -8.48940790e-01 -4.54286218e-01  4.58421767e-01
   4.28653151e-01  4.19773638e-01 -6.07788086e-01  2.55059469e-02
  -2.51713902e-01  1.14645219e+00  1.23551339e-01 -3.83898675e-01
   2.06417233e-01  3.98011446e-01 -3.52457911e-02 -3.46095145e-01]]