[[ 1.8726537   0.9557602  -0.276277   -0.56532544 -0.6520795  -0.90502024
  -1.1999707  -0.7201371  -0.45108265  0.36896786 -0.53938997 -0.9207502
  -0.1922168  -0.22558755 -0.62777656 -0.00589096  0.19580877  1.9393744
  -0.39245328  1.2269318   1.8019547  -0.5537415  -0.65216637 -0.67553145
   0.58968043 -0.62661165 -0.4030819   0.49213436 -0.46074474 -0.51883876
   0.6718137  -0.52683336  0.1968894  -0.47345084 -0.2229764  -0.36024392
   0.9826491   0.15468898 -0.46867436 -0.6941149  -0.49577346 -0.55610996
  -0.2919445   0.5185295   1.2264575   2.4457028  -0.56736964 -0.28107563
  -0.6182777   0.13934012  2.2714179   2.9741485  -0.6493639  -0.58567536
  -0.7644877  -0.7636717  -1.0198145  -0.38262534 -0.51687807 -0.50874704
  -0.20315938 -0.37926093  0.73434424 -0.7317852  -0.43696463 -0.7517215
  -0.8725494  -0.7241043  -0.48265016 -0.7254159   0.6850821  -0.58418804
  -0.30414632  2.1559615   1.2896005   0.35480785 -0.06157768  0.227754
  -0.2586491  -0.1387856   0.16426685 -0.33277395 -0.3069235  -0.87320495
  -0.67892367 -0.7518505  -0.5186701   1.5460135  -0.24558765  1.2192184
  -0.5314446   0.52169967  0.4278302   3.2533839  -0.66433007 -0.2484737
   0.02903487  1.1037986   1.7401795  -0.5600207 ]]