[[ 1.5414159   0.7166785   0.23052332 -0.17210543 -0.56691426 -0.77235216
  -0.79708606 -0.5529988  -0.3632859  -0.01915132 -0.22130702 -0.92374384
   0.8940451  -0.28074732 -0.62691426 -0.04455255  0.28979716  1.3288873
  -0.11486093  0.99566996  1.029443   -0.55665416 -0.57370996 -0.65316826
   0.5768572  -0.5438014  -0.23071471  0.21020223 -0.2191538  -0.51632327
   0.21976748 -0.01444055  0.22334027 -0.40643132 -0.3565775  -0.3147073
   0.52253973  0.42214268 -0.66269916 -0.588252   -0.4342512  -0.40785173
  -0.3461615   0.85130674  1.684037    1.7753451  -0.5349173  -0.19273013
  -0.3756591   0.03951872  2.226702    2.645745    0.2382895   0.06673889
  -0.68339175 -0.6713298  -0.85054415  0.4890588  -0.4217158   0.3509556
  -0.22390582 -0.41484505  0.24998711 -0.24848488 -0.37872404 -0.5277241
  -0.8296209  -0.40546137 -0.46347472 -0.64699596  0.01275512 -0.58713514
  -0.39391178  2.1715539   1.0179577   0.06554329 -0.14755939 -0.25114065
  -0.29356328 -0.29739165  0.27228162 -0.41431826 -0.3788461  -0.717015
  -0.4348674  -0.62237376 -0.491243    1.0879087  -0.36157513  0.5081872
  -0.41290864  0.36097568 -0.00340971  1.7522068  -0.30190274 -0.29622078
  -0.08421343  1.2433447   0.67719334 -0.46613532]]