[[ 0.7632073   0.53471017  0.59958255  0.07780984 -0.6318231  -0.8687297
  -0.70769674 -0.44095567 -0.08095333 -0.4080458  -0.32989693 -0.94860643
   0.6358695  -0.3478102  -0.63192445  0.82381225 -0.41432545  0.5022145
  -0.29303458  0.45372212  2.5563877  -0.530046   -0.771375   -0.5677458
   0.11298605 -0.56336594  0.02266509  0.00900115 -0.28863668 -0.6772327
  -0.24534574  0.01654032  0.08193491 -0.07481445 -0.25081295 -0.2503436
   0.06414002  0.48539752 -0.9279833  -0.49191368 -0.5328095  -0.13709432
  -0.4712254   2.0037923   1.1821      0.4566129  -0.33960158 -0.08421957
   0.07383246 -0.07888523  1.6319371   1.2254953   0.08154599 -0.09258988
  -0.28530806 -0.5203465  -0.8194901   0.9600588  -0.17884932  0.25800556
  -0.22308528 -0.10907785 -0.17635529 -0.43782786 -0.4498475  -0.48172817
  -0.9083532  -0.5108674  -0.42013103 -0.5693521   0.32258955 -0.63188887
  -0.48879316  0.95631194  0.7684809  -0.24201457 -0.5882254  -0.5212137
  -0.09088776 -0.040091    0.15931799 -0.3722864  -0.48246166 -0.6159879
  -0.46636572 -0.81360376 -0.4884264   0.3722007   0.21572256  0.5330559
  -0.580564    0.21371417 -0.36994672  0.9186423   0.17561671 -0.40509328
  -0.03771851  0.7067595  -0.30556557 -0.41656843]]