[[ 0.64956     0.79718506  0.46878904 -0.23491216 -0.6245096  -0.90522414
  -0.85011923 -0.43374178  0.07340729 -0.3000405  -0.45957297 -1.027711
   0.52861327 -0.25637904 -0.43618608  0.7893193  -0.5147953   0.45450452
  -0.31308758  0.74102     2.6309054  -0.5197011  -0.79517025 -0.634281
   0.21836722 -0.51772827 -0.4445045   0.15421918 -0.31032932 -0.7514354
  -0.38224927 -0.275786    0.07461929 -0.21015897 -0.34851068 -0.44659007
   0.09715523  0.7240516  -0.9310342  -0.69973856 -0.5558358   0.38543308
  -0.41802943  0.9086155   2.0699904   0.24245557 -0.05499675 -0.22713274
   0.17741248  0.03144974  1.1624426   1.7270818   0.07495521  0.1469292
   0.4827209  -0.23706056 -0.77360064  0.22703461  0.02230973  0.35994527
  -0.18784986 -0.26362917 -0.00589656 -0.28492862 -0.49247423 -0.64285505
  -0.89597654 -0.44956    -0.31571734 -0.61039627  0.6308866  -0.66303736
  -0.44205245  1.2949871   1.0612847  -0.43155298 -0.53839004 -0.5314611
  -0.13874769 -0.14278549  0.27634335 -0.20055453 -0.5051987  -0.6620178
  -0.56616604 -0.8287906  -0.43987957  0.6840604   0.37211546  0.35945815
  -0.5971276   0.26619396 -0.35169986  0.9055835   0.5150654  -0.3743495
   0.13188298  0.8007644  -0.2916868  -0.32261884]]