[[ 0.6913325   0.24730335  1.2515166  -0.31268734 -0.6916379  -0.9550915
  -0.5567507  -0.32595268 -0.14878944 -0.3905532  -0.5687838  -0.9883772
   0.18819138 -0.24042381 -0.5617804   1.987373   -0.24740233  0.3389616
  -0.44053194  0.7976      2.8272212  -0.38643268 -0.78048813 -0.5064623
   0.04739578 -0.5279085  -0.37012288  0.4454931  -0.47867078 -0.5202222
  -0.37967286 -0.728258    0.1366956   0.76474506 -0.53364325 -0.35441434
   0.03941538 -0.07966372 -0.8080526  -0.5280653  -0.5273949  -0.27728036
  -0.3218116   2.6079378   1.4172136   0.9490204  -0.5715214  -0.0982964
  -0.29817507 -0.03946581  0.8021837   1.8151547  -0.07817897 -0.26073754
  -0.68911946 -0.88760024 -1.0099368  -0.251696   -0.3526456   0.12328482
  -0.06183448 -0.40452114  0.07723892 -0.45351005 -0.5323968  -0.54478407
  -0.8475612  -0.4854403  -0.4465211  -0.5456498   1.2923646  -0.6277503
  -0.47727385  1.4906994   1.5740274  -0.16610403 -0.15560243 -0.5537808
  -0.3611785   0.08017357  0.5022937  -0.3808373  -0.5976319  -0.6963182
  -0.88078594 -0.69715184 -0.4652506   0.82195425 -0.5557496   0.19523047
  -0.61003727  0.80661595  0.00730504  1.3817984   0.59346306 -0.43240786
  -0.07187486  0.95765525  0.18245712 -0.65851474]]