[[ 8.7906778e-01  1.0207778e+00  4.4933212e-01 -4.6949610e-03
  -6.6799092e-01 -8.4840626e-01 -8.9780211e-01 -4.4023934e-01
  -1.6747922e-01 -2.5830102e-01 -5.6737572e-01 -9.3351358e-01
   2.2583756e-01 -2.4332331e-01 -5.5881095e-01  5.1937026e-01
  -5.7336760e-01  4.0653735e-01 -2.9669958e-01  1.1476356e+00
   1.8230342e+00 -5.0110137e-01 -5.1925951e-01 -6.2756646e-01
   4.0623806e-02 -3.9843985e-01 -3.8848388e-01 -1.9181599e-01
  -3.9105833e-01 -7.0702434e-01 -3.3325905e-01 -6.6118509e-01
   1.0490969e-01 -1.2143095e-01 -1.9503468e-01 -3.1172872e-01
   3.0096185e-01  1.1872038e-01 -8.0494308e-01 -5.7358593e-01
  -5.3656447e-01 -4.0221578e-01 -4.7554377e-01  1.1816841e+00
   1.7170489e+00  4.3776116e-01 -3.7650993e-01 -3.7585419e-01
  -7.5182967e-02  1.3326593e-01  9.7792375e-01  2.3949268e+00
   2.8330824e-01 -2.9667369e-01 -6.4837432e-01 -7.5151885e-01
  -8.8136429e-01  5.0471667e-02 -3.6695391e-01  3.0038470e-01
  -2.7981895e-01 -2.7519879e-01  1.3931504e-01 -3.1920853e-01
  -4.9234149e-01 -6.1282498e-01 -8.3488959e-01 -4.0033665e-01
  -4.1431168e-01 -7.3788172e-01  1.8912782e-01 -5.5206543e-01
  -4.0133786e-01  1.6107681e+00  1.0961192e+00 -2.9490814e-01
  -1.9990467e-01 -4.8071182e-01  1.3363715e-01 -3.8851701e-02
   6.4069736e-01 -2.7169570e-01 -4.1770649e-01 -5.9004325e-01
  -2.9816693e-01 -7.9701036e-01 -4.3864262e-01  9.0097862e-01
   3.3169010e-01  9.7529542e-01 -4.3902662e-01  4.1643354e-01
   3.5407773e-04  5.5144602e-01  1.0435054e-01 -3.8828972e-01
   1.2528887e-01  9.8369485e-01  2.7652800e-02 -4.1697046e-01]]