[[ 0.41272283  0.7628516   0.1730859  -0.20928529 -0.5274769  -0.8723114
  -0.80184793 -0.34067172  0.00569009 -0.1090353  -0.4690244  -0.92696184
   0.6291206  -0.31709713 -0.5102098   0.43230635 -0.21353963  1.2289376
  -0.257213    0.72574174  1.5552864  -0.6281659  -0.6610779  -0.57800645
   0.4290862  -0.462128    0.31570655  0.06531548 -0.35457066 -0.75155956
   0.09849083  0.57812697 -0.00327596 -0.54162365 -0.52695525 -0.07008991
   0.4930245   0.81087154 -0.9359679  -0.6515283  -0.4403141   0.09342938
  -0.47511     1.4801688   1.4869517   0.32681987 -0.12113991  0.0832968
   0.13958505  0.19788201  1.5048734   1.6819979   0.04566799 -0.06994948
   0.3765338  -0.01696786 -0.64770335  0.8916279  -0.22974618  0.15074351
  -0.15144211 -0.15486924 -0.16849881 -0.32453865 -0.40425143 -0.36818042
  -0.89335704 -0.55197036 -0.39239052 -0.46043107 -0.04860234 -0.7398119
  -0.45872137  0.9820421   0.6965891  -0.3628591  -0.5140623  -0.38705924
  -0.40515053 -0.23892286  0.12704425 -0.27054662 -0.41637182 -0.6525535
  -0.58947855 -0.8071112  -0.46666396  0.49867654  0.59675765  0.42939457
  -0.52880245  0.03931842 -0.32504103  0.781386    0.11005385 -0.38807464
  -0.0688222   0.8937067  -0.41074455 -0.26085106]]