[[ 1.0190686   0.395454    0.71246606 -0.35096514 -0.73757976 -0.8818327
  -0.74873793 -0.36869875 -0.17615871 -0.26465726 -0.5270422  -0.9851198
   0.04722209 -0.2517061  -0.59551066  1.2357463  -0.15333405  0.6778939
  -0.3972564   0.9396818   2.2750142  -0.4637041  -0.7770013  -0.55921763
   0.20533371 -0.5652563  -0.39072537  0.3622537  -0.41668743 -0.5264263
  -0.05062971 -0.66743004  0.10306349  0.26443717 -0.4168535  -0.38385674
   0.09553329  0.12461083 -0.7102852  -0.6057651  -0.49528307 -0.32513407
  -0.35176808  1.7782826   1.3847535   1.2096044  -0.50445735 -0.4394411
  -0.34897855 -0.01926675  1.3619202   2.1127038  -0.19032767 -0.3491289
  -0.66723233 -0.7866833  -1.0458953  -0.25927088 -0.37963176  0.00592262
  -0.18530338 -0.39962083  0.28812355 -0.5974117  -0.48862013 -0.572837
  -0.82396775 -0.55388725 -0.45414808 -0.5815068   0.90148365 -0.6125261
  -0.41792238  1.4696978   1.1944188  -0.04943964 -0.29948837 -0.32130262
  -0.3045349   0.01710905  0.3853193  -0.36105302 -0.4785959  -0.7482106
  -0.7156095  -0.74650115 -0.4683238   0.87588483 -0.36796984  0.6430807
  -0.5577032   0.60414106  0.12269105  1.8299142   0.01113815 -0.39055988
  -0.17168142  0.92070866  0.5957923  -0.5115517 ]]