[[ 0.9413744   0.48135108  0.82990766  0.04270266 -0.6389802  -0.8206015
  -0.6204004  -0.42640916 -0.12281907 -0.33109075 -0.34066945 -0.9413045
   0.81630933 -0.2966176  -0.5546749   0.8857715  -0.28903732  0.58497334
  -0.278145    0.85099757  1.9294475  -0.5054918  -0.6923537  -0.5918334
   0.19171059 -0.5312279  -0.18181752 -0.02588658 -0.30593082 -0.61136574
  -0.18510419 -0.12984844  0.1810899   0.00520867 -0.41003487 -0.30691898
   0.16549623  0.29249015 -0.8693805  -0.55845314 -0.4922824  -0.21550862
  -0.42467442  1.6673822   1.5803949   0.7060858  -0.3889472  -0.2871252
  -0.10204113 -0.02699341  1.4491688   1.8275771   0.43280065  0.08379509
  -0.32541215 -0.54274106 -0.8705322   0.6169334  -0.25065133  0.5599257
  -0.23181546 -0.26477474  0.06591155 -0.20349626 -0.42978108 -0.45700523
  -0.81373465 -0.29658413 -0.4162674  -0.53291523  0.29464293 -0.61716527
  -0.4501681   1.4427737   1.134828   -0.271507   -0.46084473 -0.46487224
  -0.24602729 -0.13188389  0.34111178 -0.31034496 -0.46480054 -0.62905467
  -0.56276095 -0.73420316 -0.48100236  0.7009659  -0.2759114   0.50543344
  -0.51090544  0.36029348 -0.2670175   0.8741745   0.27910924 -0.3772591
  -0.07738233  1.116942   -0.05929413 -0.5030186 ]]