[[ 1.1884751e+00  5.2855939e-01  7.3427163e-02 -2.5798595e-01
  -4.3598762e-01 -7.2625190e-01 -7.6801211e-01 -2.9905984e-01
  -2.2239269e-01 -1.7484915e-01 -4.5807254e-01 -9.5280057e-01
   4.3234727e-01 -2.1985644e-01 -5.9898657e-01  3.0690169e-01
   3.6221781e-01  1.3506745e+00 -4.1983504e-02  8.4667683e-01
   6.6099262e-01 -5.7591784e-01 -4.9112433e-01 -5.4189658e-01
   6.8133777e-01 -3.6690351e-01  1.2303945e-01 -2.7334759e-01
  -3.2567173e-01 -6.2470347e-01  3.6668980e-01  2.0147574e-01
   1.3439769e-01 -4.3153715e-01 -4.2530054e-01 -8.3028205e-02
   2.8348127e-01  7.1938390e-01 -8.4466636e-01 -4.2002743e-01
  -3.7956122e-01 -3.4704420e-01 -4.6260870e-01  1.5472025e+00
   1.3846809e+00  1.4011631e+00 -4.0086684e-01 -2.4206567e-01
  -3.0188905e-02  1.2759498e-01  2.3403184e+00  2.1839173e+00
   2.4588820e-02 -2.0094536e-01 -6.8905824e-01 -6.0987473e-01
  -6.2920094e-01  4.8958746e-01 -4.4152984e-01  3.4375548e-02
  -1.3105925e-02 -3.2626939e-01  7.9035379e-02 -4.1342011e-01
  -3.9699176e-01 -2.6828590e-01 -7.3685205e-01 -5.3567129e-01
  -4.8442799e-01 -5.4428136e-01 -4.4554782e-01 -6.5253758e-01
  -4.3219361e-01  1.8448256e+00  4.3613622e-01 -5.3905869e-01
   4.8832595e-04 -3.5068706e-01 -3.3264625e-01 -1.5506433e-01
   6.7661536e-01 -3.6984703e-01 -3.6623314e-01 -6.1648351e-01
  -4.1703659e-01 -7.3140031e-01 -4.8046133e-01  5.5294371e-01
   2.0786726e-01  6.0466188e-01 -3.6001897e-01  1.8718226e-01
  -2.9540321e-01  1.0965024e+00 -2.4849021e-01 -3.2746661e-01
  -1.8328638e-01  9.6195757e-01  7.8826763e-02 -3.0569363e-01]]