[[ 0.7663447   0.8092431   0.70526576 -0.06968381 -0.71036196 -0.90385044
  -0.80313694 -0.34621188 -0.04039603 -0.30794856 -0.5714008  -1.0109334
   0.18145837 -0.24022761 -0.60239255  0.95530444 -0.6130339   0.4530082
  -0.33664453  1.2688439   2.0553617  -0.4697782  -0.6165587  -0.57948816
  -0.05373202 -0.37266237 -0.34032077 -0.28701264 -0.4009904  -0.71191615
  -0.42108616 -0.70480317  0.13967592  0.15772215 -0.4431273  -0.33049557
   0.20153344  0.31292596 -0.9156499  -0.5640682  -0.52564025 -0.2996253
  -0.46570328  1.6409409   1.8450104   0.4015392  -0.288905   -0.40207377
   0.09296384  0.11948323  0.8195675   2.4856017   0.19849308 -0.2768545
  -0.7082625  -0.81122434 -0.86290187  0.00985144 -0.38139948  0.34197056
  -0.18358932 -0.30489698  0.10286444 -0.3756864  -0.49971628 -0.6188846
  -0.8914773  -0.47414285 -0.41716665 -0.6985677   0.3410157  -0.58697855
  -0.43849653  1.668416    1.1206578  -0.47959965 -0.22666708 -0.5470772
  -0.08589443 -0.03607677  0.6801742  -0.33061907 -0.50718796 -0.6211106
  -0.39271453 -0.8162044  -0.42985624  0.9005913   0.47369084  0.898231
  -0.52033615  0.5342763  -0.14892572  0.45540318  0.09686314 -0.42682117
  -0.12612411  1.0627584  -0.16891427 -0.36047512]]