[[ 1.6276958   0.84559894  0.24684072 -0.19544375 -0.677599   -0.93545395
  -0.8796943  -0.5844063  -0.27568153 -0.09936533 -0.52107376 -0.9208117
   0.5204466  -0.22391099 -0.5383954   0.5654937   0.03881008  0.92847794
  -0.30737054  1.3226966   1.2699808  -0.56702405 -0.5550589  -0.71386766
   0.45821086 -0.3775345  -0.3471196   0.0910578  -0.4206546  -0.6163062
   0.01505041 -0.5732008   0.28755453 -0.25922796 -0.3017936  -0.3014802
   0.37586936  0.24942346 -0.7578204  -0.6420355  -0.4914492  -0.4320507
  -0.36902398  0.5985385   2.1745675   1.4735166  -0.360059   -0.4286722
  -0.34240445  0.2997133   1.6306857   2.9129846   0.1909712  -0.33253017
  -0.56720537 -0.6856031  -0.93143535  0.01291842 -0.411892    0.11829448
  -0.2624574  -0.3706582   0.45650455 -0.34479353 -0.4768238  -0.58413684
  -0.80666536 -0.45152277 -0.39569676 -0.75485843  0.27106994 -0.57121223
  -0.3593415   2.5449684   1.2788203  -0.20986034 -0.1326091  -0.40836206
  -0.09984393 -0.11593249  0.7495767  -0.15259938 -0.4098085  -0.6792744
  -0.35792512 -0.7281168  -0.435581    1.3128955   0.06588905  0.90178716
  -0.41632605  0.40873778  0.02996883  1.6171163  -0.21495876 -0.32571188
  -0.01404772  1.3415984   0.7109074  -0.4940803 ]]