[[ 0.6524572   1.1377455   0.6655293  -0.25090507 -0.68012846 -0.92542773
  -0.95600235 -0.4569851  -0.12050372 -0.31244546 -0.55087185 -1.1657264
   0.3758128  -0.27363542 -0.73761046  1.0260512  -0.26836202  0.810664
  -0.41323516  0.40870434  2.8113437  -0.57138294 -0.7214652  -0.57089317
   0.6868203  -0.8337245  -0.08782256  0.21471389 -0.42024314 -0.74866307
   0.17856634  0.34304133 -0.099573   -0.06988418 -0.35989928 -0.50340223
  -0.07601414  0.56258374 -1.00309    -0.7505532  -0.51332504 -0.03535807
  -0.3947518   2.244059    1.3010876   0.6389468  -0.3216651   0.3080773
  -0.24669734 -0.15104145  1.662386    1.4449972  -0.18308046 -0.11302732
  -0.05010687 -0.46361545 -0.83892065  0.29873517 -0.27379653  0.2077572
   0.09270728 -0.35949332 -0.14687768 -0.3772219  -0.5258304  -0.6184001
  -0.8647705  -0.62014216 -0.4344554  -0.60975516  0.45912868 -0.79033756
  -0.5380936   1.2336596   0.8993452  -0.4993837  -0.30089065 -0.48521265
  -0.27733976  0.16261119  0.24077426 -0.39908025 -0.47915035 -0.74174064
  -0.7518662  -0.90674764 -0.50555545  0.41927528  0.0266448   0.0782752
  -0.7092048   0.45596036 -0.40908042  1.0795814   0.8107943  -0.4472573
  -0.03707687  0.6102665  -0.22332723 -0.4763696 ]]