[[ 0.49196187  0.7868107   0.853103   -0.24106568 -0.6709852  -0.8968392
  -0.7820371  -0.44663295 -0.1651281  -0.38712725 -0.4283239  -1.1431925
   0.3927318  -0.29030302 -0.75890553  1.1192095  -0.42759082  0.39506048
  -0.4272591   0.43536395  2.9209359  -0.49520084 -0.62476045 -0.55353194
   0.13015552 -0.72344476 -0.16191553  0.09533238 -0.42394716 -0.6713743
  -0.10831469 -0.15511772 -0.10724968  0.10507786 -0.4006351  -0.49519882
  -0.20418     0.43307394 -0.9336455  -0.6953369  -0.5089515  -0.19972442
  -0.40691793  2.1087532   1.1389347   0.45325097 -0.48184323 -0.02426613
  -0.0235776  -0.21753779  1.5512937   1.5009449  -0.09993181 -0.15732996
  -0.33580884 -0.61921495 -0.8754864   0.21752872 -0.36974943  0.25338462
   0.07826281 -0.3542284  -0.11063669 -0.37972978 -0.52267814 -0.536642
  -0.83909017 -0.62485635 -0.45899343 -0.60358393  0.5255069  -0.72120625
  -0.51358825  1.1303194   0.82352114 -0.38693866 -0.19431883 -0.45547742
  -0.26871395  0.07140586  0.37913337 -0.48276404 -0.5035223  -0.6831157
  -0.6719073  -0.85052925 -0.5064843   0.42355537  0.10668773  0.11681663
  -0.67079353  0.418363   -0.36717096  0.96525794  0.5437121  -0.4644626
  -0.11236852  0.5146048  -0.1066105  -0.55098003]]