[[ 0.679324    0.63948137  0.60461974  0.15319301 -0.7140789  -0.9005534
  -0.8539341  -0.3617464  -0.09593845 -0.3331744  -0.5852801  -0.9824787
   0.15402417 -0.25409248 -0.65469867  0.7772783  -0.62662303  0.43232954
  -0.32543454  1.0018156   2.1081593  -0.46200612 -0.63508856 -0.6042426
  -0.08399826 -0.4488881  -0.36433354 -0.17461228 -0.3934839  -0.7229519
  -0.39362228 -0.6806301   0.18594548  0.05851067 -0.3613604  -0.3293513
   0.40425786  0.2594125  -0.8462779  -0.5921165  -0.5452206  -0.37968558
  -0.4641546   1.3899608   1.5329708   0.46537906 -0.34724024 -0.3513923
   0.0378473   0.06532258  1.1477543   2.1707208   0.17265025 -0.26550803
  -0.69919175 -0.8205973  -0.917359   -0.01856245 -0.39747435  0.2335535
  -0.23784925 -0.28705725  0.00722325 -0.4260613  -0.5213166  -0.63231397
  -0.93098545 -0.5233535  -0.42667726 -0.7271554   0.3449368  -0.6253274
  -0.4712354   1.3055422   0.9079559  -0.3236555  -0.3656269  -0.5098317
  -0.06969569 -0.06701656  0.40159756 -0.38338682 -0.45936695 -0.6111302
  -0.37173235 -0.8452804  -0.4715622   0.7069213   0.45200238  0.9663954
  -0.5112561   0.46682286 -0.08890308  0.7564263   0.11674747 -0.46873793
   0.01923178  0.91640383 -0.11751749 -0.4019483 ]]