[[ 0.7905506   0.7273588   0.75195265 -0.21775547 -0.52985084 -0.8947409
  -0.8806704  -0.41623846 -0.10631568 -0.14620858 -0.54141307 -0.94903266
   0.2176331  -0.1947113  -0.61950487  1.0893493  -0.42762077  0.6080033
  -0.38113183  1.267065    2.1094124  -0.47977248 -0.6764625  -0.6452842
   0.10182174 -0.55914825 -0.4365642   0.10494642 -0.4357216  -0.5966639
  -0.24745534 -0.66322845  0.1613356   0.14696816 -0.5068626  -0.43623322
   0.19706967  0.02611429 -0.84945685 -0.57520956 -0.4985954  -0.22586945
  -0.35457206  1.5109733   1.9404491   0.9501872  -0.47956458 -0.05505062
  -0.28163922  0.10051407  1.2867212   2.646446    0.09449431 -0.23915842
  -0.35532245 -0.5785983  -0.80326575 -0.0358417  -0.32587457  0.32380018
   0.0872724  -0.25007123  0.23672043 -0.37110245 -0.50418556 -0.6055869
  -0.899723   -0.5116864  -0.46593052 -0.63554263  0.6316815  -0.5927876
  -0.43273148  1.8602519   1.2919054  -0.3989614   0.01197144 -0.41360885
  -0.2971844   0.12242231  0.5828925  -0.35447353 -0.48283616 -0.7062768
  -0.634036   -0.74574894 -0.48647052  1.0468404  -0.12778324  0.7846885
  -0.5504267   0.7301533  -0.04519999  1.2902948   0.42158458 -0.42376816
  -0.01280484  1.070932    0.19048351 -0.5447064 ]]