[[ 0.48381928  0.61974096  0.50657135 -0.22682044 -0.5921371  -0.89573145
  -0.7956369  -0.53736335 -0.07566108 -0.30287382 -0.39200246 -0.999733
   0.7280187  -0.24595194 -0.5604004   0.9070266  -0.5196625   0.41464636
  -0.30863753  0.5188991   2.4560812  -0.52476645 -0.7430643  -0.63092273
   0.04089183 -0.5730173  -0.4070485   0.04528806 -0.3332716  -0.6676649
  -0.38285238 -0.31906235 -0.07277821 -0.244964   -0.35906944 -0.47707194
   0.01322236  0.40770438 -0.8665511  -0.7008543  -0.5713421   0.10485114
  -0.40235293  0.8611792   1.6293917   0.19498304 -0.23209178 -0.22579214
   0.01747509  0.04006779  1.155186    1.5163406   0.06460688  0.08154218
   0.26153672 -0.27460364 -0.7956328   0.22656898 -0.14427572  0.30569407
  -0.15521325 -0.25148335 -0.02209586 -0.2837898  -0.4947316  -0.56759423
  -0.81325114 -0.5149214  -0.36810693 -0.64382637  0.5304894  -0.6423023
  -0.44276878  1.1321199   0.8522788  -0.40124047 -0.34580463 -0.5265564
  -0.18657541 -0.10547816  0.26790926 -0.26368424 -0.45603    -0.6283997
  -0.53138137 -0.7647869  -0.46451718  0.55425686  0.15099731  0.16920368
  -0.5933482   0.1860639  -0.396536    0.81162345  0.3756518  -0.40106794
   0.10877139  0.60740525 -0.28905162 -0.42500743]]