[[ 8.18003356e-01  9.35816348e-01  3.80794674e-01  9.52271745e-04
  -6.07309997e-01 -7.47671366e-01 -8.05715501e-01 -4.86068308e-01
  -2.26561263e-01 -3.01010847e-01 -4.34733033e-01 -8.79519939e-01
   7.61467457e-01 -2.62059301e-01 -5.76757908e-01  2.80162096e-01
  -1.23685159e-01  5.74779987e-01 -1.70899466e-01  5.64798594e-01
   1.89630473e+00 -5.03747463e-01 -5.97882390e-01 -5.64893067e-01
   1.96247637e-01 -5.64037025e-01 -3.74944955e-01 -3.24479714e-02
  -2.31192932e-01 -5.57612360e-01 -1.12937778e-01 -1.85367733e-01
  -1.91441514e-02 -1.82106540e-01  1.09245092e-01 -3.18848789e-01
   1.17129736e-01  1.69275656e-01 -7.06337810e-01 -5.71194887e-01
  -4.80812103e-01 -3.62152964e-01 -3.99382830e-01  9.77304757e-01
   1.20659721e+00  6.54303193e-01 -4.69663262e-01 -3.34231287e-01
  -3.81418049e-01 -2.70824842e-02  1.48670626e+00  1.60048163e+00
   2.26042464e-01  5.24489917e-02 -5.95641553e-01 -6.67857826e-01
  -7.82092988e-01  2.59217352e-01 -3.03587258e-01  2.57496953e-01
  -2.61543721e-01 -3.89707446e-01 -1.32919773e-02 -2.84432411e-01
  -4.24947083e-01 -4.45800394e-01 -7.21273720e-01 -3.39021415e-01
  -4.14537579e-01 -6.24862373e-01  9.83082503e-02 -4.86797750e-01
  -4.33705181e-01  1.47686303e+00  1.00357461e+00 -2.88393646e-01
  -3.46796095e-01 -4.15969819e-01  3.11722159e-01 -1.91573203e-01
   3.56849790e-01 -3.86552632e-01 -3.51127237e-01 -5.79024374e-01
  -3.43959361e-01 -6.65054739e-01 -4.91735846e-01  6.84635282e-01
  -3.87097687e-01  3.30766261e-01 -4.08302963e-01  3.02069128e-01
  -1.46029830e-01  8.43604982e-01  2.54604518e-01 -3.67366940e-01
   2.98944682e-01  7.69475996e-01  1.27760500e-01 -4.67343658e-01]]