[[ 1.21626723e+00  9.94072258e-01  1.43799067e-01  8.45055357e-02
  -5.73742926e-01 -7.69583464e-01 -9.81641471e-01 -6.11949086e-01
  -3.51431549e-01 -1.04988098e-01 -4.55014884e-01 -8.49269629e-01
   6.93356514e-01 -2.49219149e-01 -5.85704207e-01 -7.87657052e-02
  -1.24751806e-01  1.00737357e+00 -1.46491468e-01  1.07891774e+00
   1.64702761e+00 -5.13871908e-01 -5.24196863e-01 -6.63127303e-01
   2.04155743e-01 -5.89399874e-01 -4.25857067e-01 -2.61426717e-01
  -2.25306138e-01 -5.79808056e-01  1.69983864e-01 -2.34695658e-01
   8.58066082e-02 -4.33253676e-01  8.08326751e-02 -3.45329553e-01
   4.02100027e-01  1.46492749e-01 -7.19523847e-01 -6.20297372e-01
  -5.14133453e-01 -4.60042655e-01 -3.93610537e-01  5.33960164e-01
   1.65763819e+00  1.16051710e+00 -5.18106401e-01 -4.10088748e-01
  -4.99361664e-01  5.92966005e-02  2.02813244e+00  2.28948951e+00
   2.39443064e-01 -1.37248989e-02 -6.03916109e-01 -6.67863250e-01
  -8.16990674e-01  2.29412809e-01 -3.96039575e-01  2.31403142e-01
  -2.79189706e-01 -2.70206809e-01  3.47526640e-01 -2.86417216e-01
  -4.25629467e-01 -4.95669901e-01 -7.38933146e-01 -3.62456590e-01
  -4.17627275e-01 -6.96243286e-01 -4.82652150e-03 -5.05767465e-01
  -3.85525256e-01  1.86345422e+00  1.11266351e+00 -3.67106438e-01
  -2.20569521e-01 -2.06893697e-01  2.39670336e-01 -1.93161190e-01
   5.53347409e-01 -3.53869766e-01 -3.00113440e-01 -6.34627759e-01
  -3.51782650e-01 -7.22553790e-01 -5.09791553e-01  1.12381124e+00
  -3.60290408e-01  8.89973998e-01 -3.94750595e-01  2.94262171e-01
  -1.13855496e-01  1.35979307e+00  1.28017087e-03 -3.36949378e-01
   2.90337503e-01  1.07638538e+00  5.25891662e-01 -5.44749379e-01]]