[[ 1.3199537   0.8867135   0.40068626  0.03981121 -0.55151063 -0.71902764
  -0.84236753 -0.3561251  -0.12331186 -0.19969569 -0.45188338 -0.75243723
   0.19264895 -0.21166795 -0.4405436   0.21652547 -0.47938278  0.11190145
  -0.13766484  1.6611428   0.51368743 -0.4878785  -0.34575126 -0.6148743
   0.19392712 -0.33834338 -0.4329965  -0.2136783  -0.29581705 -0.6375701
  -0.2347179  -0.618911    0.3342428  -0.26583028 -0.47451437 -0.32649443
   0.03407397 -0.10746959 -0.7313707  -0.43246678 -0.47870177 -0.37259173
  -0.40285495  0.61791396  2.8362467   0.2969471  -0.35156834 -0.43024445
  -0.28580296  0.04322268  0.27889848  3.3991923   0.4546298  -0.19964291
  -0.54742    -0.5937829  -0.8104766   0.22808151 -0.29934943  0.51059407
  -0.2721031  -0.19635995  0.45162237 -0.04075918 -0.375275   -0.55916053
  -0.7644934  -0.23477557 -0.37961876 -0.669487   -0.10776789 -0.4685409
  -0.27971098  2.5048618   1.2066988  -0.15110207  0.14830978 -0.38103124
  -0.13301517 -0.08603761  1.0232986  -0.2751734  -0.37747285 -0.54510266
  -0.2541074  -0.6744199  -0.36022556  1.6885859   0.01669802  1.3625482
  -0.32000726  0.5360165   0.08536613  0.4214144  -0.20924984 -0.36366582
  -0.13009912  1.659       0.08360996 -0.31351233]]