[[ 0.6375246   1.0306733   0.06524731  0.3232919  -0.56132424 -0.8441162
  -0.9223234  -0.48011824 -0.22695473  0.0954635  -0.58261806 -0.7713543
   0.31548822 -0.2400293  -0.48779207 -0.28545982 -0.49386263  0.6900673
  -0.19280526  1.313579    1.0814495  -0.5064359  -0.17215374 -0.6112114
   0.2514922  -0.21147248 -0.39031133 -0.6009604  -0.3305704  -0.71089137
  -0.2108337  -0.4941984   0.03160936 -0.31460863 -0.33724904 -0.18424672
   0.5158302   0.01551908 -0.916808   -0.6156458  -0.4697436  -0.41381052
  -0.4240688   0.01847445  2.0788558   0.13032487 -0.3818524  -0.47616163
  -0.11801268  1.0069209   0.6282368   2.5753725   0.31603104 -0.2892569
  -0.6199761  -0.62010723 -0.77475464  0.17081621 -0.37870145  0.12534377
  -0.15299307 -0.25101703  0.12798576 -0.18375826 -0.38539088 -0.48695597
  -0.8209305  -0.5532915  -0.3456731  -0.79047984 -0.41151407 -0.57289124
  -0.388855    1.7218382   0.707241   -0.5707805   0.33531046 -0.43796697
   0.04186689 -0.26385245  1.333129   -0.33012226 -0.35970685 -0.394551
  -0.06875761 -0.63955253 -0.40798086  1.5994948   1.0750167   0.70693696
  -0.24712765  0.3069216  -0.01870597 -0.03705863 -0.27167276 -0.41980803
   0.05549489  0.96754104 -0.22689861 -0.36747476]]