[[ 0.22181444  0.56867146  0.15053633 -0.49482402 -0.63682365 -1.1780565
  -0.8493141  -0.86152756 -0.38115403  0.02362779 -0.48676747 -1.0471957
   1.1915939  -0.2847372  -0.4844577   1.5436695  -0.5238621   0.81851935
  -0.48872486  0.35144606  2.6513836  -0.6286016  -0.85032666 -0.75805396
  -0.02337164 -0.57915807 -0.40016386  0.45511264 -0.45599854 -0.6345708
  -0.4321881  -0.32238913 -0.28997687 -0.55214125 -0.42175466 -0.4802685
   0.3521102   0.04566599 -0.67922527 -0.85122395 -0.6859378  -0.13849378
  -0.3476235   0.4403944   0.8876817   0.10101812 -0.12792517 -0.06250189
  -0.3819914   0.6014406   0.78805727  1.0636808  -0.10946915 -0.33242533
   0.1278007  -0.4552826  -1.0565015  -0.00329874 -0.21310645 -0.12408897
  -0.25703302 -0.3065377   0.03844851 -0.38985193 -0.5798329  -0.65196025
  -0.6202285  -0.5986067  -0.31356424 -0.72115535  1.3368584  -0.72575295
  -0.44692573  0.46394926  0.9915794   0.23870155 -0.49003044 -0.50294274
  -0.34178618  0.01935533  0.01454137  0.20218891 -0.4369622  -0.6289477
  -0.59153986 -0.8046255  -0.37547344  0.2658265   0.1422264  -0.00641664
  -0.70055825  0.0116077  -0.13530703  1.777917   -0.01023209 -0.3806787
   0.34164438  0.3496153   0.10996962 -0.576401  ]]