[[ 0.77028376  0.8193647   0.7700778  -0.06255691 -0.71027875 -0.8788365
  -0.78444624 -0.33248624 -0.02943889 -0.31837043 -0.5647337  -1.0014266
   0.21523306 -0.23925056 -0.58768684  1.0188015  -0.6087235   0.42799896
  -0.34188968  1.137359    2.1538675  -0.46182436 -0.6367089  -0.5645054
  -0.04986028 -0.35012558 -0.33980966 -0.25428668 -0.38990507 -0.7092215
  -0.4184133  -0.6981857   0.13127892  0.171258   -0.4170661  -0.31482953
   0.1771376   0.36083722 -0.90674275 -0.5645071  -0.52289146 -0.27895027
  -0.47114724  1.6546295   1.7586095   0.34510344 -0.27218947 -0.38611084
   0.14020179  0.13369279  0.79524785  2.3034077   0.24115399 -0.25730044
  -0.695742   -0.8097989  -0.8570557   0.01812323 -0.37684765  0.354899
  -0.21647595 -0.30447137  0.08487745 -0.37151152 -0.49307764 -0.6167706
  -0.8689986  -0.43553033 -0.41679066 -0.68499595  0.36708617 -0.5753387
  -0.43372664  1.5015644   1.0585693  -0.4671615  -0.2598833  -0.570852
  -0.07936188 -0.02476457  0.6117667  -0.29725137 -0.52020913 -0.6330949
  -0.38033947 -0.82099545 -0.42333832  0.88585925  0.5278293   0.8649707
  -0.5276379   0.5319173  -0.13464889  0.44983262  0.127329   -0.4172889
  -0.1114858   1.019927   -0.16778277 -0.35859746]]