[[ 0.6547781   0.4672684   0.7068839  -0.07170352 -0.50270724 -0.7328215
  -0.66348606 -0.30444404 -0.16272461 -0.34554628 -0.34280038 -0.9326024
   0.60393083 -0.2865003  -0.57106763  0.49169073 -0.46134347  0.3537029
  -0.21635567  0.7278216   1.8504823  -0.43249422 -0.60481876 -0.5554446
  -0.04563036 -0.4462626  -0.3166156  -0.22365212 -0.24096148 -0.6148505
  -0.34579104 -0.32478976  0.1169601  -0.02389594 -0.51109356 -0.35421804
   0.02553285  0.24074897 -0.8403308  -0.53907996 -0.48078784 -0.0562213
  -0.4163682   1.217878    1.6337996   0.21634732 -0.4408666   0.02719699
   0.10933976 -0.00626168  1.0350375   1.8527911   0.36008137  0.29807237
  -0.6182314  -0.6974886  -0.68986666  0.40659046 -0.3356456   0.6005063
  -0.12498871 -0.34735566 -0.05324342 -0.19027683 -0.42104518 -0.48208484
  -0.82534873 -0.34952405 -0.42630658 -0.5535382   0.3310303  -0.5635099
  -0.44271055  1.2562742   0.7160726  -0.38308063 -0.15235728 -0.4961184
  -0.33255857 -0.23480323  0.4199356  -0.4267606  -0.52832365 -0.57266206
  -0.477591   -0.67721176 -0.42358977  0.8128187   0.05926947  0.34563878
  -0.4681692   0.38114464 -0.22435112  0.45023653  0.21419324 -0.39888895
  -0.01579298  0.8362502  -0.26570928 -0.41363305]]