[[ 0.794924    1.0744355  -0.21158157 -0.14558843 -0.5501145  -0.82512987
  -1.0541607  -0.55008835 -0.20932053 -0.08848374 -0.46897924 -0.92976874
   0.04391342 -0.28147793 -0.4981177   0.01488889 -0.27768147  1.50239
  -0.29363948  0.60364527  1.5109606  -0.7068977  -0.5675053  -0.5690296
   0.99923074 -0.6642287  -0.16650106 -0.03764129 -0.3320505  -0.8468478
   0.3168257   0.8523133  -0.11033532 -0.57225764 -0.41284066 -0.42076385
   0.16361439  0.3743178  -0.86264014 -0.55609816 -0.57330453 -0.23680459
  -0.46368608  0.82342386  1.2958869   0.33793625  0.12919344  0.22225262
  -0.46712917  0.18005557  1.2555909   1.3908727  -0.37453502 -0.36262116
  -0.23053277 -0.43680587 -0.60185647  0.7341664  -0.0115773  -0.24918091
  -0.06732179 -0.24657373 -0.1022291  -0.41587862 -0.37727854 -0.5952165
  -0.8200134  -0.6166958  -0.34542444 -0.574569   -0.17706276 -0.77515775
  -0.49588314  1.2466294   0.5235162   0.29336843 -0.19144376 -0.06450822
  -0.3877944   0.03085645  0.52240384 -0.29779238 -0.15736666 -0.39208394
  -0.5976368  -0.9106807  -0.45097315  0.7013152  -0.03749655  0.6165216
  -0.5379433   0.1864179  -0.13180785  0.72880673  0.21172458 -0.36676916
  -0.10199074  0.6026572  -0.2987876  -0.460185  ]]