[[ 8.5290730e-01  1.0017008e+00  4.7563791e-01 -6.3893750e-02
  -5.5623537e-01 -9.3121111e-01 -8.8786560e-01 -5.5439323e-01
   2.2675348e-02 -1.0813201e-01 -4.7141626e-01 -9.1524178e-01
   6.1019379e-01 -2.4586377e-01 -4.4659647e-01  6.8649054e-01
  -5.7141149e-01  2.1711414e-01 -3.7795663e-01  1.1637725e+00
   1.8336946e+00 -5.8069634e-01 -6.9229579e-01 -7.2655904e-01
   1.7160529e-01 -5.0184405e-01 -5.1147163e-01 -2.3135468e-02
  -4.1149622e-01 -7.4523199e-01 -3.7560156e-01 -4.5636743e-01
   8.8893041e-02 -4.6408281e-01 -4.6957251e-01 -5.0746751e-01
   1.2755530e-02  5.1616383e-01 -9.2912138e-01 -6.9859582e-01
  -5.4724413e-01  1.5742792e-01 -4.2017844e-01  3.0985042e-01
   2.7568336e+00  2.2676888e-01 -1.1200036e-01 -3.2579350e-01
   4.9560118e-02  1.2049457e-01  8.4360766e-01  2.5375700e+00
   4.0976924e-01 -8.7164067e-02  5.9910285e-01 -7.5553671e-02
  -8.5867113e-01  4.1786879e-01 -5.4617662e-02  6.2439114e-01
  -2.3243175e-01 -1.9639811e-01  1.7254660e-01 -2.5307657e-03
  -4.7059256e-01 -6.9577265e-01 -8.6500567e-01 -2.8177211e-01
  -2.8176960e-01 -6.9436347e-01  2.3716745e-01 -6.4564914e-01
  -3.4940946e-01  1.6710641e+00  1.1037991e+00 -4.6831900e-01
  -4.2581210e-01 -5.2550858e-01 -2.2143248e-01 -1.4297923e-01
   3.5598618e-01 -4.3506842e-02 -4.9412483e-01 -6.7770523e-01
  -3.9030194e-01 -8.1159502e-01 -3.9589193e-01  1.0831268e+00
   4.3741274e-01  7.9033601e-01 -5.5432683e-01  1.4251827e-01
  -3.9810970e-01  8.9878702e-01  2.7824038e-01 -3.5400349e-01
   6.5250412e-02  1.1997452e+00 -1.8270802e-01 -3.9352888e-01]]