[[ 0.88327765  0.62516904  0.81867033 -0.06831102 -0.65709543 -0.82469416
  -0.6687272  -0.5144505  -0.10294417 -0.38598576 -0.323557   -0.9985417
   0.92663383 -0.29660624 -0.56002307  0.99823135 -0.27208066  0.44400218
  -0.31970215  0.47099492  2.5581017  -0.511058   -0.7899913  -0.59369457
   0.19309469 -0.5810111  -0.3287887   0.15563908 -0.28739202 -0.6046532
  -0.22591844 -0.23769039  0.0403506  -0.04742273 -0.19566354 -0.4031086
   0.0600705   0.47903576 -0.83769107 -0.6694535  -0.51933056 -0.09691674
  -0.4290219   1.4998192   1.2247097   0.7121411  -0.38215566 -0.31782317
  -0.06227738 -0.10627544  1.6237216   1.299024    0.325011    0.10217287
   0.04402822 -0.39690316 -0.8728222   0.42644367 -0.19262512  0.52821666
  -0.26023746 -0.31212896 -0.0063021  -0.2689582  -0.46539402 -0.5092403
  -0.79642874 -0.29982677 -0.40697345 -0.59432775  0.40753824 -0.6054297
  -0.44623637  1.1358902   1.1194048  -0.3218238  -0.6632154  -0.52727956
  -0.03840184 -0.11280211  0.07757802 -0.22812496 -0.4837058  -0.6887673
  -0.52320296 -0.764085   -0.50360876  0.42008758 -0.19946624  0.2585076
  -0.5617062   0.23626502 -0.35062632  1.0685887   0.4931933  -0.34519494
   0.06975628  0.7931905   0.04198427 -0.5323389 ]]