[[ 1.0685736e+00  7.6576352e-01  1.8098684e-01 -1.4982785e-01
  -4.9048156e-01 -6.9517702e-01 -7.0531154e-01 -4.1104978e-01
  -2.0067669e-01 -2.3561905e-01 -2.1447629e-01 -8.8285464e-01
   6.3499522e-01 -2.8001162e-01 -5.5508411e-01 -1.3130283e-01
  -1.2298078e-01  4.4679675e-01 -5.6177601e-02  1.0754625e+00
   9.7770846e-01 -5.0855207e-01 -5.2644032e-01 -5.8961082e-01
   1.7839810e-01 -4.1961995e-01 -3.1904879e-01 -1.6231552e-01
  -1.5385890e-01 -5.9510416e-01 -7.6005943e-02 -1.4966351e-01
   2.0156054e-01 -3.6625162e-01 -4.1918278e-01 -3.7144610e-01
  -7.9417445e-02  5.3135097e-01 -7.1841300e-01 -5.3178954e-01
  -4.3927932e-01 -3.0654052e-01 -3.9344883e-01  3.8384455e-01
   2.1438725e+00  6.6977942e-01 -4.7426939e-01 -2.2064982e-01
   3.8166262e-02 -5.1518429e-02  1.4376392e+00  2.5261817e+00
   1.9923657e-01  1.1450716e-02 -5.7818270e-01 -5.8812433e-01
  -6.9953334e-01  4.0399531e-01 -3.6180189e-01  3.6521485e-01
  -1.7146723e-01 -3.4608728e-01  1.6364291e-01 -2.3201361e-01
  -3.6315873e-01 -5.0511479e-01 -7.8041470e-01 -3.4228939e-01
  -4.0009373e-01 -6.0239947e-01 -2.2030871e-01 -5.3986406e-01
  -3.7178439e-01  2.0554020e+00  7.6751184e-01 -1.8878847e-01
  -8.3468653e-02 -3.5816684e-01 -2.3650898e-01 -2.8670099e-01
   5.7845366e-01 -3.8493833e-01 -3.9588758e-01 -5.7733136e-01
  -2.9664642e-01 -6.4716381e-01 -4.1548097e-01  1.1422706e+00
   6.2837265e-05  6.0150641e-01 -3.6071065e-01  2.5080147e-01
  -1.7538430e-01  7.3767757e-01 -2.1029358e-01 -3.2494962e-01
  -1.6426215e-01  1.1113322e+00  1.2820008e-01 -3.4646016e-01]]