[[ 0.30848196  1.7100606   0.16294694 -0.12896477 -0.54253334 -0.8198999
  -1.139537   -0.48505417 -0.13473892  0.09855703 -0.5707456  -0.94763756
   0.3413335  -0.23396762 -0.6326767   0.10568514 -0.5129269   1.5510758
  -0.3290131   1.1051083   1.6508322  -0.6423511  -0.6219444  -0.63044107
   0.74736977 -0.6677733  -0.03703009 -0.18099466 -0.3877473  -0.7666648
   0.2807805   0.4847083  -0.12033518 -0.52708316 -0.4519972  -0.38160798
   0.6266626   0.33040544 -0.97258115 -0.6651666  -0.45373395 -0.09018579
  -0.4192631   1.5294489   1.514162    0.43402582 -0.21840492  0.4858818
  -0.22745031  0.33064583  1.3131444   2.1866295   0.07575639 -0.17314348
  -0.07860291 -0.3104193  -0.72457963  0.3721319  -0.34349725  0.19742556
  -0.07092144 -0.21600094 -0.06665558 -0.33089727 -0.43176112 -0.63518256
  -0.8462672  -0.5627694  -0.44215444 -0.6066695  -0.14969933 -0.7541733
  -0.484955    1.0414109   0.6766627  -0.587732   -0.22383851 -0.3937281
  -0.3594283   0.09730408  0.26479656 -0.256701   -0.3418955  -0.7104666
  -0.5563695  -0.83999443 -0.45143595  0.7422328   0.38936108  0.32623565
  -0.5895214   0.43262276 -0.10251978  0.33400235  0.5160964  -0.39671427
  -0.02342544  0.75496185 -0.49401677 -0.35127366]]