[[ 9.3259442e-01  7.6985145e-01  6.5114117e-01 -1.6176260e-01
  -6.9975889e-01 -8.9121705e-01 -8.3208305e-01 -4.5891440e-01
  -3.0599080e-02 -3.2269171e-01 -5.4262269e-01 -9.8302865e-01
   3.0245388e-01 -2.4320112e-01 -5.1492715e-01  1.2028472e+00
  -3.0159691e-01  4.4731775e-01 -3.6841890e-01  8.1271839e-01
   2.2471297e+00 -5.1048064e-01 -6.9771510e-01 -5.8778405e-01
   3.2694066e-01 -4.8112547e-01 -4.4214040e-01  4.8534337e-02
  -4.1403115e-01 -6.7516774e-01 -2.4853186e-01 -6.0198909e-01
   2.5542554e-02  1.8082481e-02 -2.2756881e-01 -3.5436776e-01
   6.9276147e-02  3.0782923e-01 -8.7575006e-01 -6.4712709e-01
  -5.2073145e-01 -1.3460979e-01 -4.2544225e-01  1.3665931e+00
   1.6115023e+00  6.8730110e-01 -3.1406230e-01 -5.1832926e-01
  -1.6580868e-01  2.9500064e-02  1.0962604e+00  1.9140390e+00
   8.8046879e-02 -2.7732188e-01  5.7694674e-02 -3.8516510e-01
  -9.5094788e-01 -7.7041406e-03 -1.8363914e-01  1.8232994e-01
  -2.5196609e-01 -2.3808855e-01  1.0065795e-01 -3.8446206e-01
  -5.0318819e-01 -6.0636353e-01 -8.3437210e-01 -4.4491979e-01
  -3.8818085e-01 -6.7731899e-01  4.0910172e-01 -5.8830422e-01
  -3.9274120e-01  1.4889408e+00  1.1675898e+00 -4.8793912e-01
  -3.9928728e-01 -5.5302465e-01  6.5349285e-03 -1.9650497e-03
   4.5141444e-01 -2.3870665e-01 -4.9263215e-01 -6.6586375e-01
  -4.9930659e-01 -8.0397898e-01 -4.6530074e-01  7.2825015e-01
   6.3986301e-02  6.2938452e-01 -5.1109225e-01  3.9188850e-01
  -2.6335710e-01  9.8977774e-01  3.9293692e-01 -3.8624465e-01
   9.2097014e-02  9.5813233e-01 -6.9286957e-02 -4.6890730e-01]]