[[ 0.648975    0.60301787  0.98015344 -0.24669145 -0.73457843 -0.87183
  -0.6774817  -0.3479487  -0.1042862  -0.39385945 -0.5029219  -1.0771441
   0.27256173 -0.28661925 -0.68438435  1.4023647  -0.19968963  0.47656196
  -0.44885406  0.39496508  2.8616943  -0.45919672 -0.9375448  -0.48192957
   0.23560622 -0.6792515  -0.26302958  0.18189663 -0.42283168 -0.5884568
  -0.12999249 -0.26425073 -0.02942517  0.36734796 -0.36615077 -0.42292228
  -0.15511794  0.4137186  -0.8588521  -0.6266157  -0.48272943 -0.17536299
  -0.38667452  2.300157    0.910904    0.8254602  -0.48274505 -0.17258781
  -0.09016588 -0.2014899   1.4327788   1.2071148  -0.10583641 -0.12064052
  -0.56105936 -0.7557405  -0.9869773   0.04582644 -0.3359398   0.21397126
  -0.1139916  -0.4431645  -0.08088372 -0.5102015  -0.49343455 -0.56459635
  -0.8292242  -0.48640162 -0.44881678 -0.5236438   0.74141735 -0.666751
  -0.50585496  0.9451871   0.9794154  -0.39211798 -0.57721454 -0.5241668
  -0.2785578   0.01764229 -0.03056964 -0.4161088  -0.5578721  -0.7358559
  -0.72724444 -0.7811703  -0.48874566  0.33011    -0.22555088  0.02229623
  -0.6547539   0.5109419  -0.27827486  1.1947634   0.49399298 -0.42078477
  -0.12108263  0.62471145 -0.00736501 -0.52989966]]