[[ 0.9340649   0.6961294   0.46693555 -0.25276262 -0.61871964 -0.8315724
  -0.801218   -0.42774916 -0.17929776 -0.22967774 -0.4749068  -0.98843604
   0.5187038  -0.25592375 -0.5396298   0.98591655 -0.22161254  0.44489583
  -0.2726346   0.74337304  1.5996665  -0.5007563  -0.6104318  -0.554046
   0.2783875  -0.4167139  -0.38069013 -0.22110818 -0.33963725 -0.6446954
  -0.17834716 -0.5029501  -0.01488665 -0.17492285 -0.4051853  -0.35706636
  -0.05820544  0.40280196 -0.818331   -0.6591166  -0.5240104  -0.2774657
  -0.4246206   1.023699    1.4976798   0.5666556  -0.28775677 -0.44466686
  -0.11938893  0.16826673  0.9675535   1.85038     0.08331421 -0.29438993
  -0.45703813 -0.6583545  -0.8805903   0.04807603 -0.34367168  0.19956863
  -0.23857576 -0.34093145  0.13433765 -0.311006   -0.45101425 -0.53891695
  -0.6968585  -0.41679162 -0.38831607 -0.705005    0.2217193  -0.6091795
  -0.36940193  1.3818947   0.7943821  -0.46142846 -0.2515796  -0.5545845
  -0.25053674 -0.13871574  0.36445686 -0.14082636 -0.4884349  -0.6306944
  -0.41729978 -0.77820605 -0.3981369   0.7502403   0.37564522  0.5303848
  -0.4913005   0.26196542 -0.33073804  0.9019785  -0.06745881 -0.3680995
  -0.01787665  0.8848776  -0.06486049 -0.36984047]]