[[ 0.88474154  0.66547954  0.679427    0.00357244 -0.65658724 -0.96459
  -0.855766   -0.5370985  -0.2574995  -0.30368438 -0.43244    -1.0650226
   0.76331216 -0.30021828 -0.7035242   0.98035586 -0.5295024   0.74446917
  -0.32621267  0.72924167  2.8719347  -0.481718   -0.7823146  -0.6891452
  -0.04203762 -0.6557726  -0.28968728 -0.13130082 -0.32488477 -0.68420213
  -0.3903196  -0.33663478  0.12233087 -0.03755794 -0.27846152 -0.41870385
   0.42590868  0.27077636 -0.9667201  -0.6100033  -0.6195127  -0.06408142
  -0.4280701   1.9032035   1.4138651   0.8534002  -0.4005652  -0.08401566
  -0.04267987  0.02067648  1.9914061   1.7935259   0.17380875  0.15063874
  -0.41525584 -0.71423346 -0.9290496   0.5252655  -0.2953765   0.4421452
  -0.18276052 -0.17425773  0.01526767 -0.3655683  -0.5411826  -0.59886366
  -0.93264335 -0.5568722  -0.44309112 -0.6890782   0.717712   -0.70516264
  -0.51439434  1.1942137   1.0985457  -0.3869244  -0.38688776 -0.5345244
  -0.15907346 -0.04062038  0.27032855 -0.34044328 -0.5263291  -0.67284673
  -0.61826646 -0.8392807  -0.49754903  0.5649138   0.12656555  0.46710008
  -0.6394592   0.39049542 -0.37109134  1.1115882   0.3853394  -0.40213767
   0.21811411  0.7960915  -0.19145758 -0.5707593 ]]