[[ 9.2771286e-01  6.2056828e-01  4.4389060e-01 -1.4738148e-02
  -4.7755516e-01 -7.1029001e-01 -6.9032699e-01 -4.6675372e-01
  -1.2935662e-01 -2.8293520e-01 -2.8163365e-01 -8.0110157e-01
   7.7949071e-01 -2.6627165e-01 -4.7954503e-01  1.2265760e-01
  -2.3813112e-01  2.1235698e-01 -1.7618002e-01  9.8729444e-01
   1.1217098e+00 -5.2075666e-01 -5.4824913e-01 -6.2123603e-01
   1.6862161e-01 -4.6491355e-01 -3.9488065e-01 -4.7700986e-02
  -2.6387250e-01 -5.7506621e-01 -1.8328939e-01 -2.5013545e-01
   1.1216331e-01 -3.6126089e-01 -4.5713910e-01 -4.1557693e-01
  -1.4049019e-01  2.9394037e-01 -7.6939595e-01 -5.4419965e-01
  -4.5158809e-01 -1.4707433e-01 -3.7109283e-01  2.7295831e-01
   2.2636845e+00  4.6173191e-01 -4.4096857e-01 -3.3367026e-01
  -1.3247153e-01 -5.3748898e-02  1.1261836e+00  2.3192759e+00
   4.0380716e-01  1.1526694e-01 -1.5364587e-04 -2.8178731e-01
  -7.2844058e-01  4.7354013e-01 -2.3783907e-01  5.1736498e-01
  -2.0241420e-01 -2.5135905e-01  1.4783786e-01 -3.1424735e-02
  -3.6141035e-01 -4.3378657e-01 -7.4641198e-01 -2.6159200e-01
  -3.6438963e-01 -5.7590634e-01 -1.3286516e-01 -5.2453548e-01
  -3.6094218e-01  1.8829818e+00  9.0802395e-01 -3.0574861e-01
  -2.2172537e-01 -3.9898404e-01 -2.5331208e-01 -2.3775677e-01
   6.0932130e-01 -3.4043282e-01 -3.9712986e-01 -5.6889760e-01
  -3.3395234e-01 -6.1471450e-01 -4.3048316e-01  1.0689149e+00
  -1.6010532e-01  4.8720428e-01 -3.7789842e-01  2.0897251e-01
  -2.2478978e-01  7.0808035e-01  5.9329625e-02 -3.5488817e-01
  -1.3111718e-01  1.1460600e+00  5.6723896e-03 -4.4693249e-01]]