[[ 1.1296389   0.8449892   0.4818412   0.21982735 -0.6295272  -0.8091197
  -0.8390016  -0.36385536 -0.04955596 -0.18608116 -0.5273917  -0.84267306
   0.40673843 -0.20549764 -0.5014411   0.26176104 -0.49912235  0.5874305
  -0.21451311  1.6299263   1.0416642  -0.4748181  -0.44528472 -0.6483604
   0.14637311 -0.28748065 -0.36024445 -0.40919834 -0.32758003 -0.7112338
  -0.24415173 -0.6262024   0.4216975  -0.0969022  -0.51524746 -0.23170467
   0.52137643  0.16824785 -0.87372875 -0.49398237 -0.4736598  -0.33448672
  -0.4007254   0.63682795  2.5221827   0.56151915 -0.27643225 -0.40600544
   0.00889578  0.31970394  0.8868785   3.1746993   0.5227517  -0.12619781
  -0.62973213 -0.6984095  -0.819485    0.21816635 -0.32414356  0.40628526
  -0.25642234 -0.23232263  0.2626397  -0.16279244 -0.41918126 -0.57062626
  -0.8921443  -0.34556237 -0.37336493 -0.6893599  -0.07301769 -0.5669758
  -0.38073662  2.249907    1.0466949  -0.49558496 -0.04407708 -0.4494042
  -0.22782694 -0.21907926  0.8672214  -0.2559669  -0.41826975 -0.5676988
  -0.32023185 -0.7354582  -0.41386077  1.4717593   0.38944092  1.2592232
  -0.37441245  0.6026314  -0.03685897  0.50205636 -0.05209976 -0.40197098
  -0.0459985   1.5104382  -0.1571106  -0.34058452]]