[[ 0.8018276   0.6786773   0.76811653 -0.12190193 -0.6722317  -0.8860495
  -0.7519226  -0.4942021  -0.10468271 -0.38756025 -0.35320583 -1.0827622
   0.8477309  -0.29860875 -0.5926942   1.0419914  -0.53982747  0.42611253
  -0.32926676  0.5354115   3.043001   -0.47699064 -0.83381045 -0.654298
   0.08995712 -0.6330706  -0.339498    0.08169885 -0.27272025 -0.68275386
  -0.38835773 -0.23406102  0.11891484 -0.04503991 -0.24709919 -0.43202147
   0.13444765  0.4474905  -0.91848534 -0.6819923  -0.5926323   0.15277159
  -0.4385597   1.6943063   1.426043    0.4719746  -0.319503   -0.14583346
   0.13440074 -0.10095656  1.6072818   1.4069301   0.2503035   0.34558052
   0.03681773 -0.46731693 -0.90801084  0.44700128 -0.16055709  0.61162823
  -0.26863873 -0.28880948 -0.04379341 -0.31759092 -0.5145316  -0.5662726
  -0.9028205  -0.3896647  -0.4064234  -0.59114915  0.7798257  -0.670155
  -0.48035714  1.0514299   1.1508121  -0.31219232 -0.687791   -0.5438415
  -0.06424061 -0.09133098  0.07255612 -0.27463832 -0.53359866 -0.68665606
  -0.599803   -0.8319073  -0.4868666   0.44866818 -0.02761949  0.28268355
  -0.63886607  0.29370373 -0.35420027  0.94674504  0.5776117  -0.3636806
   0.1752481   0.77566946 -0.18688887 -0.49879035]]