[[ 3.2462415e-01  6.7837399e-01  1.6263589e-01 -5.5917710e-01
  -6.6665483e-01 -1.1865134e+00 -7.9483163e-01 -8.8655025e-01
  -4.4367063e-01  6.6336602e-02 -4.9626088e-01 -1.0441461e+00
   1.3479052e+00 -2.7728975e-01 -5.0000590e-01  1.6110452e+00
  -3.3525330e-01  9.4101888e-01 -4.6525043e-01  4.2971668e-01
   2.4601786e+00 -6.2850124e-01 -8.4235984e-01 -7.3207420e-01
  -5.1057909e-02 -5.0441003e-01 -3.4841233e-01  4.5611188e-01
  -4.5578548e-01 -5.7288885e-01 -3.2314864e-01 -4.4019470e-01
  -2.9734555e-01 -5.0299484e-01 -3.7321723e-01 -4.1546634e-01
   4.4802555e-01  9.5621578e-02 -6.1814141e-01 -8.6745644e-01
  -6.3382429e-01 -3.5942152e-01 -3.2423708e-01  4.7784874e-01
   7.1276289e-01  3.8110301e-01 -2.5872007e-01 -1.0884097e-01
  -4.1228968e-01  7.0678180e-01  9.3830174e-01  1.1964428e+00
  -4.5301601e-02 -5.1505250e-01 -1.6337267e-01 -6.0847718e-01
  -1.0604495e+00 -1.9931337e-01 -3.5781008e-01 -2.1313578e-01
  -2.3968275e-01 -3.8034806e-01  1.2183479e-01 -4.5170116e-01
  -5.8036238e-01 -6.0729033e-01 -5.3033966e-01 -5.8137614e-01
  -3.3730116e-01 -7.4635673e-01  1.2441375e+00 -7.0166785e-01
  -4.3355146e-01  6.2196475e-01  1.0274903e+00  1.3446014e-01
  -4.0672705e-01 -5.4228514e-01 -3.0570948e-01  3.7041940e-02
   7.7128828e-02  2.9449970e-01 -4.2244634e-01 -6.7733389e-01
  -5.3525293e-01 -7.6691079e-01 -3.7103075e-01  3.2399619e-01
   1.2694228e-01  1.2676301e-03 -6.6513145e-01  5.4067548e-02
  -7.8929842e-02  1.9410610e+00 -1.4476444e-01 -3.5865167e-01
   3.3781281e-01  3.9665923e-01  3.3403057e-01 -6.0573900e-01]]