[[ 0.47623712  0.93818474  0.01540132 -0.11382268 -0.60706514 -1.0358746
  -0.9763248  -0.65432715 -0.04468597 -0.13608493 -0.5213204  -0.88980454
   0.3822694  -0.26946825 -0.5243383   0.66553295 -0.58781934  0.79019547
  -0.47028488  0.8454822   2.365074   -0.67407316 -0.73973846 -0.72474796
   0.14632174 -0.5689042  -0.43850344  0.26522794 -0.4720418  -0.7984849
  -0.34114993 -0.30340958 -0.06428743 -0.6269424  -0.28885368 -0.5476454
   0.25109658  0.4817127  -0.8653853  -0.7347569  -0.6238153   0.0027772
  -0.45371476  0.09541274  1.6795056   0.14292027  0.02757834  0.14398532
  -0.09284554  0.16119985  1.1014246   1.6805159  -0.20325702 -0.3909888
   0.47587574 -0.12608567 -0.73714966  0.32442817 -0.05076531 -0.04894917
  -0.11692219  0.15214734  0.03563916 -0.3150304  -0.51867527 -0.7456571
  -0.87904286 -0.5915923  -0.31265458 -0.72535974  0.47866082 -0.70969737
  -0.4455583   1.2325115   1.0568224  -0.0139611  -0.4018973  -0.41772714
  -0.09388485  0.14485458  0.32267502 -0.10248574 -0.35108158 -0.5663489
  -0.51473206 -0.8938344  -0.44587156  0.5999333   0.52920926  0.7943011
  -0.65245175  0.07789473 -0.24229638  1.0989493   0.3726095  -0.39159766
   0.2544194   0.60671103 -0.10369132 -0.44814247]]