[[ 0.72345275  0.70547396  0.7412842  -0.05681072 -0.69330156 -0.83728355
  -0.7649592  -0.3810955  -0.07820717 -0.30857888 -0.5496147  -0.96364284
   0.338358   -0.24148594 -0.4912967   0.9788643  -0.57494056  0.44850218
  -0.3108425   1.0396267   2.0445826  -0.46375966 -0.56018543 -0.5634762
   0.0380284  -0.29250133 -0.36572453 -0.25675157 -0.35549843 -0.6883341
  -0.37050998 -0.6825965   0.07018615  0.15198223 -0.40509847 -0.23970358
   0.22073518  0.22109726 -0.88211757 -0.559187   -0.5208317  -0.31686682
  -0.4650194   1.5586159   1.5695137   0.28829122 -0.3443316  -0.45296624
   0.07131263  0.2648877   0.7223739   2.0463514   0.3418976  -0.25687632
  -0.63901544 -0.78047305 -0.88749313  0.03269375 -0.32777545  0.31679264
  -0.26102424 -0.29886454  0.05533643 -0.35976166 -0.47527984 -0.5533064
  -0.8117783  -0.40325117 -0.4059595  -0.6750227   0.33781135 -0.555564
  -0.4154335   1.3564386   0.98212194 -0.48512882 -0.23478308 -0.57755846
  -0.08643541 -0.04664494  0.6770633  -0.24125622 -0.50608873 -0.5903526
  -0.35359657 -0.7830085  -0.42708647  0.84287286  0.4044427   0.7855857
  -0.46226853  0.47355348 -0.05598337  0.4086762   0.10874947 -0.4110567
  -0.07390685  0.94542956 -0.1829177  -0.42473644]]