[[ 1.3324096   0.33176175  0.83489686 -0.26959926 -0.73431146 -0.8804456
  -0.8046302  -0.41217726 -0.21807185 -0.16959599 -0.53858346 -0.97405785
   0.05459288 -0.26509273 -0.63948417  1.2443365  -0.03908938  0.8507276
  -0.40365714  0.7139801   2.2623727  -0.4488247  -0.7681395  -0.51563716
   0.29222813 -0.6034273  -0.38493654  0.12641945 -0.4302862  -0.53454614
   0.08839689 -0.62573075  0.07315734  0.25297788 -0.40435687 -0.40601358
   0.09373885  0.16750965 -0.7647352  -0.6260006  -0.50490624 -0.3491808
  -0.3732506   1.9438348   1.3219345   1.4114754  -0.50032246 -0.5078829
  -0.43672833 -0.12268224  1.5173564   1.8939294  -0.16314268 -0.26873133
  -0.7011202  -0.8067433  -1.0346974  -0.13433288 -0.40480915  0.11074832
  -0.19246677 -0.39436263  0.3019093  -0.46233225 -0.46649158 -0.58006
  -0.82350063 -0.52473176 -0.4739114  -0.6351871   0.6873717  -0.62926304
  -0.41069993  1.5086901   1.1163628  -0.24044752 -0.31109458 -0.29010993
  -0.34656397 -0.0589492   0.28742048 -0.41863966 -0.5066093  -0.7812066
  -0.7250971  -0.768992   -0.49784788  0.9185839  -0.33949333  0.75378644
  -0.5778507   0.53993523 -0.13059169  1.8352265   0.00304762 -0.3849844
  -0.1640091   1.0014768   0.5853162  -0.5687695 ]]