[[ 0.76459557  0.6270752   0.8636809  -0.22805236 -0.70295    -0.84756607
  -0.7226285  -0.39063028 -0.12396918 -0.3519878  -0.467434   -1.0524231
   0.34067163 -0.28458482 -0.6723063   1.1790189  -0.18343358  0.5335899
  -0.4107959   0.47968018  2.7360508  -0.46850342 -0.89080656 -0.5155516
   0.22170055 -0.66906047 -0.3040864   0.12281833 -0.3858081  -0.5823286
  -0.07157915 -0.2814891  -0.01754112  0.22828798 -0.31797975 -0.4313175
  -0.13778765  0.4457111  -0.84353465 -0.64496875 -0.48787463 -0.17886397
  -0.38988343  1.958519    1.0796138   0.88716066 -0.46897388 -0.24384624
  -0.10725561 -0.17590186  1.58168     1.38064    -0.06458686 -0.0962704
  -0.48366618 -0.6965353  -0.96028435  0.08979267 -0.32248604  0.23484695
  -0.13702692 -0.42627072  0.00444996 -0.477824   -0.48431137 -0.5636553
  -0.82625115 -0.46781185 -0.44140276 -0.5537002   0.62683904 -0.65105975
  -0.47670665  1.0715057   0.94952255 -0.3933142  -0.5409585  -0.46083733
  -0.23514009 -0.04104117  0.01922444 -0.39807644 -0.53282386 -0.73823756
  -0.6792857  -0.78071195 -0.49307966  0.46411398 -0.21103652  0.16662428
  -0.6258714   0.44644475 -0.28234687  1.3007303   0.3928778  -0.40056354
  -0.08550004  0.6637133   0.10452696 -0.5246098 ]]