[[ 1.0031351   1.173102    0.4546582  -0.04039614 -0.63191086 -0.8321389
  -0.8677346  -0.42744535 -0.09478997 -0.2528986  -0.42442855 -0.97565734
   0.1361022  -0.24530981 -0.6174566   0.4856235  -0.5917677   0.13611773
  -0.26400632  1.4335561   1.6739274  -0.47570994 -0.56967    -0.60502553
  -0.01336502 -0.3952309  -0.33417976 -0.41545328 -0.3556672  -0.73224556
  -0.37013093 -0.61570644  0.22528312 -0.07935325 -0.34745878 -0.36545107
  -0.02036515  0.38174087 -0.8843731  -0.54572356 -0.52313644 -0.35573077
  -0.460501    1.07583     2.3137078   0.3158718  -0.35764122 -0.357289
   0.21001759  0.007343    0.7781971   2.9547646   0.20612222 -0.32669747
  -0.65614635 -0.74683243 -0.8617006   0.1612132  -0.36400318  0.364139
  -0.23698673 -0.26627216  0.24790104 -0.3176937  -0.4578056  -0.6569576
  -0.880468   -0.41547477 -0.39371765 -0.7322573  -0.02225325 -0.54016066
  -0.3655966   2.0383978   1.0416123  -0.42709947 -0.06547227 -0.5162708
   0.05233442 -0.06579742  0.71384454 -0.32844886 -0.4719427  -0.59476316
  -0.1772746  -0.80914736 -0.40035385  1.2468512   0.60673857  1.0335866
  -0.4701037   0.49292144 -0.22536397  0.2652764  -0.04081221 -0.3900418
  -0.11833401  1.2402741  -0.16641672 -0.3612004 ]]