[[ 0.90068215  0.78797674  0.66572016 -0.21870722 -0.63708794 -0.9215503
  -0.86882746 -0.44292498 -0.07494247 -0.18727854 -0.5330071  -1.0023377
   0.20639417 -0.23256277 -0.64521396  0.95597243 -0.33963135  0.5952963
  -0.4496122   1.2036406   2.2812707  -0.5124367  -0.77682936 -0.6777693
   0.16776907 -0.5985793  -0.4497023   0.18691343 -0.4483626  -0.62057525
  -0.17661586 -0.59488636  0.09684913  0.02923252 -0.45234045 -0.4797961
   0.13592851  0.32227388 -0.8699453  -0.6748052  -0.51879954 -0.12297981
  -0.37171814  1.3404113   2.027592    1.0849575  -0.41685662 -0.2267446
  -0.12912437  0.03482919  1.5981961   2.5686889   0.05936417 -0.2212288
  -0.18842089 -0.50086117 -0.92243433  0.06669794 -0.307706    0.38757157
  -0.04222712 -0.33937103  0.14921167 -0.40653476 -0.49118754 -0.64319056
  -0.9410372  -0.5071253  -0.41806433 -0.6251254   0.6308298  -0.6612857
  -0.42743525  1.641195    1.1396358  -0.32125714 -0.29659656 -0.39379922
  -0.2745163   0.0482289   0.37140176 -0.29959184 -0.50663364 -0.7635217
  -0.6040046  -0.7909563  -0.47208086  0.9737257  -0.01031044  0.74935675
  -0.58863837  0.49679098 -0.09193974  1.5549649   0.26843983 -0.38974497
  -0.06988288  1.0204544   0.3411848  -0.5148011 ]]