[[ 1.2431691   0.40084875  0.64406335 -0.27215922 -0.7039516  -0.8776262
  -0.9177482  -0.38649666 -0.22826865 -0.2144903  -0.5677662  -1.0094513
   0.03607437 -0.2398836  -0.5539187   1.0242709  -0.51788     0.7293411
  -0.3369641   1.0552129   2.4342687  -0.41582727 -0.6372686  -0.628531
   0.13125987 -0.4942524  -0.42380437 -0.09563537 -0.350578   -0.66134125
  -0.08297427 -0.7082851   0.16523176  0.09712464 -0.47331575 -0.3494826
   0.18026775 -0.00411525 -0.8349483  -0.6062665  -0.587748   -0.11534434
  -0.40850344  1.6867089   1.865401    0.7839674  -0.38884333 -0.3266658
  -0.2023673   0.09654402  1.1505014   2.3177402  -0.01397252 -0.04262339
  -0.6702578  -0.850579   -0.99235964 -0.10278621 -0.3642311   0.25823346
  -0.24814036 -0.3229384   0.3611504  -0.49319547 -0.5073493  -0.60780084
  -0.8857654  -0.5308155  -0.44022548 -0.6595394   0.9831389  -0.6325339
  -0.38641384  1.5760025   1.1087749  -0.24890456 -0.22285427 -0.2825213
  -0.31924903 -0.03143812  0.64783466 -0.34691912 -0.5250339  -0.7069901
  -0.7169745  -0.84802514 -0.43585706  1.2017218  -0.04696394  1.1851029
  -0.5557159   0.56135327  0.03923987  1.5006231  -0.03021615 -0.38936055
  -0.00433846  1.0925633   0.33477738 -0.48354048]]