[[ 0.21351834  0.7922801  -0.19791107 -0.29039305 -0.5825872  -0.89296204
  -0.827328   -0.6018144  -0.14112796 -0.1766106  -0.47328115 -0.7347059
   0.01685879 -0.25858468 -0.3359706   0.0902009  -0.50524074  0.2357046
  -0.39999092  0.85082835  1.7265861  -0.6085917  -0.6562867  -0.63954556
   0.01607735 -0.37695563 -0.38125485  1.0187187  -0.4772013  -0.6023555
  -0.36292797 -0.5811884  -0.07184739 -0.49028805 -0.1661501  -0.36790365
   0.4676179  -0.04977922 -0.38318625 -0.5657992  -0.51115    -0.2812014
  -0.34301612 -0.13244982  1.1728641   0.14740166 -0.37500387  0.06518066
  -0.1799929   0.08389265  0.5154562   1.4811909  -0.256213   -0.50265515
  -0.06694198 -0.35815027 -0.755966   -0.25960222 -0.23244624 -0.32071897
  -0.2371761  -0.19459902 -0.01051741 -0.5500367  -0.40341946 -0.6524836
  -0.7645993  -0.5217552  -0.34492207 -0.5626484   0.84689665 -0.42042622
  -0.40318668  1.1222665   1.1676066   0.7554886  -0.33644873 -0.27022058
   0.17979376  0.10339916  0.38969982 -0.2171801  -0.25140843 -0.5181759
  -0.25591376 -0.63141614 -0.40082487  0.59326625  0.10543265  0.3037743
  -0.42192325  0.19159245  0.6827352   1.3530529  -0.01232883 -0.35886738
   0.07086878  0.4871222   0.7016856  -0.39274287]]