[[ 0.43625614  0.35724363  0.5874358  -0.14350455 -0.4949488  -0.7365437
  -0.6611149  -0.24635014 -0.22093536 -0.29448262 -0.3511724  -0.97226745
   0.6981019  -0.32776505 -0.61182916  0.47642434 -0.31180274  0.80694866
  -0.17536652  0.45711815  1.9063824  -0.46538883 -0.6132922  -0.518138
   0.07625954 -0.49020097  0.04187366 -0.18389659 -0.21450484 -0.6196884
  -0.13674688  0.20290625  0.01623474 -0.08556486 -0.52613556 -0.18031889
   0.21026304  0.37140992 -0.8664228  -0.5661485  -0.4642652  -0.0632559
  -0.44784918  1.8875357   1.0747998   0.27262938 -0.4597163   0.21327378
   0.09506428  0.06892736  1.4070567   1.39117     0.21834417  0.30414525
  -0.70448315 -0.70511955 -0.6622353   0.6853711  -0.38539708  0.4557114
  -0.10423376 -0.3839982  -0.22664376 -0.32021424 -0.41586512 -0.34127086
  -0.8385123  -0.46689063 -0.46284646 -0.47703728  0.29905564 -0.64439
  -0.49352074  0.7970971   0.5220962  -0.353851   -0.26740792 -0.45715615
  -0.4205339  -0.28788337  0.1807375  -0.48638412 -0.5091726  -0.58633196
  -0.57459575 -0.6989394  -0.45875615  0.49710304  0.09993761  0.18361817
  -0.4854513   0.26167932 -0.24535844  0.5489361   0.118963   -0.4186112
  -0.02085371  0.6652884  -0.36480385 -0.39188978]]