[[ 0.6417156   0.6079876   0.46695513 -0.27828044 -0.6214911  -0.90118146
  -0.8187113  -0.501327   -0.14375465 -0.27969608 -0.42679483 -1.0455016
   0.59235007 -0.2567138  -0.5459087   0.7912972  -0.3850284   0.5781873
  -0.31389445  0.58734965  2.4911451  -0.5043275  -0.76270103 -0.6374517
   0.14976028 -0.53527516 -0.39720505  0.02983136 -0.35407808 -0.6861638
  -0.3115005  -0.34969395 -0.01128441 -0.20045385 -0.36705348 -0.43308318
   0.09995367  0.5245308  -0.8872835  -0.71132165 -0.5734173   0.17649855
  -0.39383638  0.9544872   1.688986    0.539196   -0.24718016 -0.2000439
   0.12758797  0.06058258  1.4876692   1.5911216   0.0440858   0.13269974
   0.03493849 -0.46544528 -0.83050764  0.16135788 -0.17194396  0.30054787
  -0.15515026 -0.33582273  0.01417247 -0.34414947 -0.49460378 -0.5750762
  -0.8361421  -0.53156626 -0.36460194 -0.6393792   0.65674055 -0.6699651
  -0.45146492  1.191196    0.76447517 -0.42154178 -0.32013258 -0.51941913
  -0.22435735 -0.1076377   0.29006526 -0.24464132 -0.48874453 -0.6507992
  -0.56689525 -0.782104   -0.44859615  0.54613966  0.24987541  0.11814983
  -0.5894294   0.22088625 -0.3497202   1.024497    0.30715662 -0.37394914
   0.11576296  0.5936748  -0.1451417  -0.42885017]]