[[ 0.4777036   0.43421093  0.8077071  -0.28632072 -0.6859965  -0.9660791
  -0.6746711  -0.4487258   0.06550049 -0.33007386 -0.46715283 -1.0371054
   0.6588138  -0.2812937  -0.53836775  1.6712644  -0.43003607  0.31389952
  -0.39480084  0.45627883  2.879083   -0.52181786 -0.8885673  -0.57757986
   0.07498921 -0.62059337 -0.48705807  0.32240653 -0.39609197 -0.62299144
  -0.40820998 -0.43555644 -0.02756703  0.04307364 -0.40284315 -0.51353407
  -0.07719649  0.47050005 -0.871346   -0.7249985  -0.554819    0.13351464
  -0.378666    1.3777354   1.5311725   0.36946514 -0.24410109 -0.38628146
  -0.0339805  -0.04077433  0.9553337   1.4097861  -0.05051877 -0.11123732
   0.44193685 -0.2015124  -0.9240946   0.05349723 -0.05945031  0.19672704
  -0.05930781 -0.26446655  0.03505461 -0.32912555 -0.54973763 -0.6089075
  -0.78782696 -0.49549788 -0.3713812  -0.5953205   0.86196035 -0.65053755
  -0.44901547  1.096397    1.1785771  -0.3798595  -0.43917075 -0.59026504
  -0.2382892  -0.01501952  0.14119382 -0.17874907 -0.54028934 -0.69715965
  -0.7107534  -0.7770484  -0.4806583   0.47764045 -0.16916014  0.07123071
  -0.65413153  0.32827747 -0.44003397  1.1768544   0.57058954 -0.41643235
   0.04429819  0.66329026 -0.17732593 -0.45114145]]