[[ 0.9640448   0.73461735  0.64278877 -0.20976776 -0.6214622  -0.8781681
  -0.88762397 -0.45081452 -0.15428916 -0.17230673 -0.530604   -0.9652113
   0.24031684 -0.20809457 -0.71791834  0.89531124 -0.23218752  0.8602517
  -0.4239692   1.338448    1.8398451  -0.50778997 -0.67546993 -0.6869255
   0.1951776  -0.61049694 -0.39662674  0.12159628 -0.43165666 -0.54372567
  -0.06049701 -0.6247706   0.08988918  0.02781915 -0.43373203 -0.45850897
   0.25685102  0.02619265 -0.8147801  -0.65093446 -0.49341142 -0.31453612
  -0.35384482  1.4345787   1.861973    1.3948182  -0.49124396 -0.18913029
  -0.42229632  0.11129761  1.798878    2.805738    0.09160317 -0.25110734
  -0.46848413 -0.5822593  -0.86410034  0.02637866 -0.44489014  0.39742404
   0.05853948 -0.35164672  0.18200895 -0.4561849  -0.4638854  -0.5677338
  -0.8995078  -0.55864036 -0.4818952  -0.62115306  0.5319102  -0.6156742
  -0.43530247  1.8258637   1.0950918  -0.3214815  -0.11599082 -0.32757893
  -0.28324506  0.13905513  0.5180216  -0.35003665 -0.4565942  -0.7664808
  -0.61327225 -0.74663776 -0.4953564   1.0414507  -0.29919267  0.90071476
  -0.5353228   0.6087225   0.01010948  1.6588612   0.1716288  -0.39832473
  -0.09149444  1.0827823   0.519456   -0.5518736 ]]