[[ 0.72356886  1.0893565   0.16784397 -0.22498548 -0.5643794  -0.88612324
  -0.9475658  -0.47418815  0.08993888 -0.1835667  -0.46590227 -0.91756535
   0.26003167 -0.22263923 -0.35478726  0.35564193 -0.5654084   0.25433835
  -0.31652558  1.3221047   1.7139685  -0.5715023  -0.6428859  -0.68252844
   0.30373883 -0.36178198 -0.47278863  0.17044556 -0.38990268 -0.80409336
  -0.33796832 -0.4854157   0.1291437  -0.45361173 -0.48817465 -0.4218325
   0.13765301  0.69144136 -0.8776758  -0.6530164  -0.5284362   0.15494385
  -0.40331182  0.02515574  2.6662002   0.18304682 -0.06339964 -0.31383666
   0.22399981  0.13945998  0.7609264   2.5726647   0.09456573 -0.24610002
   0.59586126 -0.07518224 -0.7898413   0.14590086 -0.0513384   0.21849306
  -0.22162557 -0.11740667  0.17436281 -0.20817289 -0.43311793 -0.7287903
  -0.9026209  -0.40589312 -0.28160128 -0.68079424  0.23098612 -0.62190986
  -0.3367705   1.8555168   1.1220406  -0.2866848  -0.26955664 -0.4706291
  -0.19614375 -0.10052071  0.6237348  -0.10485112 -0.45295838 -0.61353487
  -0.38893497 -0.8084987  -0.37416142  1.129065    0.85101515  0.6528367
  -0.49672967  0.26379722 -0.11240772  0.7517056   0.24750811 -0.3439811
  -0.02774571  1.0708551  -0.13038109 -0.26588798]]