[[ 1.0648036   1.3178087   0.2795728  -0.01931791 -0.5701359  -0.8046063
  -0.98449564 -0.4596785  -0.2160381   0.0317944  -0.3798697  -0.96231437
   0.5304992  -0.25578025 -0.7240679  -0.01874462 -0.28015733  1.0532454
  -0.14124492  1.2708788   1.4470502  -0.52264714 -0.54536235 -0.62622494
   0.21349823 -0.5537318  -0.312114   -0.49461132 -0.26026782 -0.6896385
  -0.11366799 -0.1957761   0.0841557  -0.36156118 -0.26589727 -0.37171423
   0.36233604  0.55992645 -0.8920057  -0.58399117 -0.4702845  -0.3369165
  -0.45608222  1.092364    1.9396847   0.9001053  -0.39485285 -0.33495915
   0.00598802  0.01981179  1.7421032   2.8387232   0.24359328 -0.02483797
  -0.73394364 -0.7281133  -0.81353897  0.42804465 -0.40449566  0.4457853
  -0.21099162 -0.29735094  0.142409   -0.21234754 -0.4316199  -0.6187834
  -0.8889056  -0.44560018 -0.4505451  -0.7275205  -0.37690964 -0.6299755
  -0.4020555   1.9235511   0.85888404 -0.49571848 -0.12608503 -0.41401798
  -0.0794254  -0.24442242  0.3758387  -0.4666414  -0.41026142 -0.6602015
  -0.26806772 -0.7566927  -0.46385124  1.0816972   0.4568467   0.740088
  -0.47600645  0.3613828  -0.3462666   0.41351753 -0.0975035  -0.35414398
   0.01254227  1.180398   -0.15391532 -0.35303953]]