[[ 0.398932    0.93425256  0.6729617  -0.2826765  -0.6655666  -0.8958741
  -0.7971756  -0.3812914  -0.09814065 -0.36893415 -0.4880746  -1.127458
   0.24584109 -0.29002005 -0.68912834  1.0382318  -0.45776132  0.4095544
  -0.40740833  0.45347452  2.85603    -0.5079586  -0.76178676 -0.5351884
   0.28228378 -0.70104456 -0.17980495  0.11008959 -0.41712117 -0.7179463
  -0.13545135 -0.00574128 -0.05484102  0.06187754 -0.42861545 -0.47396109
  -0.1515753   0.51586914 -0.94035155 -0.67427    -0.512641   -0.04052217
  -0.40887445  2.0326624   1.2096977   0.32634518 -0.42612234  0.14677048
   0.09693015 -0.16679436  1.3151616   1.3694112  -0.1911465  -0.12752882
  -0.26441917 -0.58629954 -0.86842704  0.1572238  -0.29774046  0.17410694
   0.04813442 -0.3561559  -0.18141074 -0.45265624 -0.51959497 -0.5870539
  -0.857006   -0.6003273  -0.43017298 -0.5621853   0.57154185 -0.73422074
  -0.5219189   1.031951    0.84699255 -0.4210239  -0.36103523 -0.5245021
  -0.2871973   0.08976587  0.22526711 -0.41934386 -0.5076292  -0.6667566
  -0.667145   -0.85224855 -0.47519213  0.37861565  0.16525365  0.01328939
  -0.66481185  0.41184458 -0.3447298   0.76440567  0.62030613 -0.44583645
  -0.07610161  0.52018654 -0.32225043 -0.4689681 ]]