[[ 1.2822794   0.44300535  0.6006621  -0.08736515 -0.6194369  -0.717719
  -0.7054959  -0.33716598 -0.15486662 -0.2807731  -0.4755079  -0.85361755
   0.4096491  -0.23128062 -0.4374296   0.71310914 -0.0942693   0.71494
  -0.1875833   1.064185    0.9087807  -0.4848843  -0.405547   -0.54147494
   0.42362773 -0.2559685  -0.36093605 -0.26730102 -0.30873764 -0.58553755
  -0.04103663 -0.6068629   0.12701958 -0.03431946 -0.43742445 -0.2171755
   0.17889579  0.08894794 -0.800508   -0.52852595 -0.44749755 -0.34988114
  -0.43240047  1.1889241   1.8297597   0.90250987 -0.37166926 -0.5559511
  -0.31857914  0.24139374  0.9908818   2.354219    0.38537425 -0.21820103
  -0.56144226 -0.64137846 -0.7956097   0.07811598 -0.34378743  0.31695652
  -0.25586742 -0.31908     0.22454654 -0.2549917  -0.40110123 -0.41782892
  -0.70690364 -0.33262584 -0.42522278 -0.659462   -0.02716474 -0.51782286
  -0.35193565  1.8544333   0.9036945  -0.50560325 -0.07572685 -0.4689876
  -0.2420397  -0.16573797  0.8593765  -0.22971722 -0.4293087  -0.5975445
  -0.41170922 -0.69102085 -0.43027923  1.0818726  -0.09696506  0.98207724
  -0.3186786   0.41211817 -0.09749576  0.8163268  -0.1109255  -0.357882
  -0.11866678  1.2299502   0.0823693  -0.40996307]]