[[ 0.3469379   0.7125744   0.20527706 -0.20228621 -0.5259621  -0.8780045
  -0.8442125  -0.3482592   0.00589873 -0.11103246 -0.49203336 -0.9330991
   0.69176745 -0.32249752 -0.5062015   0.46367487 -0.20271829  1.3077016
  -0.27063918  0.60445     1.6429709  -0.638445   -0.66879714 -0.5715214
   0.45351642 -0.4834268   0.36741337  0.10038177 -0.35752618 -0.76360255
   0.12704661  0.64957035 -0.10489579 -0.56808317 -0.52677655 -0.04866199
   0.5259427   0.83965474 -0.9468022  -0.6741491  -0.4371655   0.12466394
  -0.4853537   1.5703064   1.3010465   0.2991068  -0.0973676   0.11952482
   0.06720831  0.22355956  1.5911547   1.4326019   0.07112197 -0.04440483
   0.43860227  0.01592427 -0.6296869   0.95543957 -0.22628304  0.16988042
  -0.1529485  -0.14984325 -0.22632353 -0.32303426 -0.40295538 -0.3464891
  -0.8893224  -0.5597546  -0.39116612 -0.4612229  -0.0476413  -0.75334555
  -0.47286165  0.7833799   0.6333167  -0.43898496 -0.5815926  -0.39429823
  -0.42456368 -0.23793918  0.04402217 -0.25766885 -0.41961658 -0.6593691
  -0.6045177  -0.8241665  -0.4774078   0.36641487  0.65124816  0.37710023
  -0.54086614 -0.01825617 -0.32660592  0.81025344  0.13895099 -0.3959866
  -0.05902957  0.80676657 -0.42547068 -0.321611  ]]