[[ 0.50903684  1.1349747   0.5870764  -0.22845644 -0.6442021  -0.8723689
  -0.90342474 -0.4221144  -0.13776696 -0.31713268 -0.53491884 -1.1073656
   0.3724765  -0.27319807 -0.69590867  0.8712483  -0.37554705  0.60547507
  -0.35098433  0.54467124  2.5576322  -0.54548025 -0.6413008  -0.55781317
   0.5102077  -0.75459594 -0.14922771  0.06058843 -0.38414592 -0.72581565
   0.07621535  0.22752063 -0.07272933 -0.06363191 -0.38850185 -0.4632034
  -0.11095358  0.43922827 -0.9698832  -0.6883905  -0.49950638 -0.13021165
  -0.39375955  2.0031867   1.3547208   0.40399775 -0.44618732  0.19743122
  -0.14452468 -0.1078445   1.4016521   1.6182432  -0.12726434 -0.14014363
  -0.1987446  -0.5047512  -0.83648366  0.23834915 -0.31928733  0.17317668
   0.07750139 -0.3352726  -0.13292131 -0.36247903 -0.50591785 -0.5480134
  -0.82129705 -0.58906543 -0.43393716 -0.5868324   0.3213525  -0.7457295
  -0.5120054   1.2680527   0.862531   -0.5199889  -0.2060866  -0.48342118
  -0.2624082   0.13324767  0.41195777 -0.4066633  -0.45020443 -0.6667758
  -0.6545533  -0.8534426  -0.48724434  0.544227    0.02499184  0.09654773
  -0.6314747   0.45008686 -0.33860204  0.7412935   0.6803791  -0.45052472
  -0.05181747  0.6405934  -0.31755754 -0.48791385]]