[[ 0.6046245   0.9774819   0.22511652 -0.04260343 -0.5767727  -0.81567305
  -0.9289203  -0.49713063 -0.18479784 -0.28708148 -0.5043213  -0.9358639
   0.5271874  -0.2676053  -0.5977039   0.28850272 -0.4562302   0.39555278
  -0.2991894   0.55976695  2.1964421  -0.4938427  -0.6554911  -0.6322893
   0.0550123  -0.5810676  -0.41805112 -0.2641506  -0.34222743 -0.67525166
  -0.34935343 -0.33511257 -0.03906475 -0.39350817 -0.02156023 -0.41875005
   0.06362867  0.23252003 -0.8324373  -0.6394751  -0.56532955  0.06698928
  -0.4342166   0.5690439   1.514104    0.23574878 -0.28645203 -0.15245272
  -0.02923477 -0.02756042  1.2761666   1.5563619   0.1047134   0.26351538
  -0.26274586 -0.5294137  -0.75895303  0.2343433  -0.26750296  0.33606756
  -0.22940393 -0.30233842 -0.088548   -0.2539489  -0.4675329  -0.53728396
  -0.8109356  -0.43219075 -0.37864637 -0.65998936  0.3599999  -0.521316
  -0.447334    1.206202    0.79835254 -0.5036182  -0.4227883  -0.49172994
   0.23180133 -0.20614368  0.23584917 -0.34289888 -0.43412152 -0.56211656
  -0.28120238 -0.7600316  -0.443483    0.584661    0.23623046  0.2367736
  -0.5037263   0.17020273 -0.35486805  0.59158325  0.27227125 -0.3792348
   0.33749342  0.61712474 -0.27488667 -0.41809914]]