[[ 6.85047150e-01  9.37204778e-01  6.66757822e-01 -2.59223461e-01
  -6.63335085e-01 -8.88987124e-01 -7.94423997e-01 -4.44881678e-01
  -1.20988488e-01 -2.73259133e-01 -4.48009044e-01 -1.08582437e+00
   3.92815262e-01 -3.00570667e-01 -7.02981949e-01  1.04187369e+00
  -1.43299952e-01  8.12922299e-01 -4.30598617e-01  2.78447539e-01
   2.65811491e+00 -5.61883271e-01 -9.10169065e-01 -5.30602813e-01
   6.13036454e-01 -7.27035701e-01 -6.75299019e-02  2.29795218e-01
  -4.07404929e-01 -6.75174117e-01  1.52408063e-01  1.91647246e-01
  -1.09278575e-01 -4.60399268e-03 -3.27871829e-01 -4.36896622e-01
  -2.53484049e-03  5.36723971e-01 -8.88763428e-01 -6.96706831e-01
  -4.82503861e-01 -1.33536115e-01 -4.10331428e-01  2.15856290e+00
   9.05206978e-01  8.58351469e-01 -4.01222378e-01  3.21385205e-01
  -1.44186437e-01 -9.83049199e-02  1.65622854e+00  1.00304306e+00
  -1.38061985e-01 -1.77569300e-01 -2.77656913e-01 -5.32393813e-01
  -8.34874511e-01  3.19272399e-01 -3.41596305e-01  2.20943466e-01
  -8.45851973e-02 -4.13235098e-01 -2.17471331e-01 -5.44588923e-01
  -4.69066560e-01 -5.79140663e-01 -8.60004485e-01 -5.37728429e-01
  -4.47149456e-01 -5.53762913e-01  4.77618128e-01 -7.35287964e-01
  -5.22439122e-01  8.58300686e-01  7.98292339e-01 -3.75493139e-01
  -6.56955957e-01 -4.84656155e-01 -2.67901927e-01  7.93315694e-02
  -1.03739023e-01 -3.61529469e-01 -4.80702579e-01 -7.54898310e-01
  -7.09896088e-01 -8.51922393e-01 -4.98001993e-01  2.81283051e-01
  -1.11959271e-01  1.37527600e-01 -6.67750061e-01  2.93943882e-01
  -3.26954484e-01  1.27230990e+00  6.06671154e-01 -4.01651919e-01
  -4.88202125e-02  5.94714344e-01 -3.59855779e-02 -5.00346124e-01]]