[[ 1.023584    0.9482875   0.08995896 -0.27810013 -0.5470425  -0.8292727
  -0.8384563  -0.55391866 -0.2593748  -0.08826075 -0.44044286 -0.9355928
   0.73366106 -0.24363528 -0.4961086   0.42252052 -0.04258379  0.6471131
  -0.24142873  0.9524542   1.1187557  -0.5447335  -0.5533438  -0.6254266
   0.37978745 -0.36108455 -0.39958113 -0.29474038 -0.34802023 -0.6353567
  -0.04711688 -0.41231275  0.01172307 -0.44944644 -0.36296755 -0.3353725
   0.07311189  0.4486918  -0.79517215 -0.6683434  -0.5047731  -0.30586028
  -0.37602416  0.10149413  1.8173803   0.7955761  -0.31163964 -0.4224102
  -0.09057664  0.33579025  1.2627162   2.242482    0.10406446 -0.28541014
  -0.37908792 -0.5683585  -0.8447009   0.10445644 -0.3566875   0.0764135
  -0.24532996 -0.34596792  0.1936506  -0.23480427 -0.4125918  -0.516635
  -0.66978467 -0.38508025 -0.35121417 -0.7243967  -0.01224199 -0.59722495
  -0.3405832   1.771915    0.7580981  -0.4889923  -0.11689015 -0.47507513
  -0.23156919 -0.27389002  0.52525014 -0.04219    -0.42701524 -0.59846795
  -0.33172894 -0.7168133  -0.37769973  0.97428346  0.43048006  0.4056486
  -0.4181905   0.1721496  -0.31944856  1.0242934  -0.20816618 -0.31091842
   0.07198907  0.92774993  0.0453186  -0.38939813]]