[[ 0.98360896  0.67801243  0.6609155  -0.19476391 -0.61729944 -0.87419814
  -0.8702793  -0.44513577 -0.15964656 -0.1521784  -0.5297605  -0.9452424
   0.25216582 -0.22186399 -0.6918053   0.9170079  -0.22503388  0.8470037
  -0.42470443  1.2496992   1.870591   -0.51281506 -0.6734355  -0.67985857
   0.20845541 -0.5991269  -0.40045306  0.1364592  -0.4230305  -0.541278
  -0.05064502 -0.62721634  0.09095918  0.02786792 -0.4276543  -0.4409711
   0.28013733  0.02016685 -0.8013338  -0.6468725  -0.49323878 -0.31365183
  -0.36411858  1.4228814   1.8043158   1.3493217  -0.4948656  -0.18981072
  -0.42513448  0.1248071   1.6942099   2.6743748   0.11094395 -0.24515864
  -0.45746082 -0.5624086  -0.88089865  0.05604485 -0.43914935  0.39384636
  -0.0228797  -0.35117552  0.17803171 -0.44002983 -0.46455374 -0.56670433
  -0.9076159  -0.52563554 -0.47320318 -0.6241649   0.54875416 -0.61553186
  -0.42397916  1.6881908   1.0806097  -0.2970541  -0.16885412 -0.32635668
  -0.29143074  0.07059642  0.45320562 -0.34266654 -0.46385425 -0.76709765
  -0.6171762  -0.7439194  -0.49093974  1.0476942  -0.29398072  0.90716493
  -0.53281826  0.54631215  0.02119278  1.7118852   0.1439735  -0.3898084
  -0.07418481  1.0811094   0.5338106  -0.5553951 ]]