[[ 1.00597405e+00  9.57691967e-01  1.78595051e-01 -3.64058584e-01
  -6.15517020e-01 -9.89925921e-01 -7.95904577e-01 -6.32929206e-01
  -2.71452814e-01 -6.91062808e-02 -4.93560791e-01 -1.04530156e+00
   8.73080015e-01 -2.72638559e-01 -5.96042454e-01  8.52039039e-01
  -3.22993062e-02  7.57852554e-01 -3.54148209e-01  7.83182323e-01
   1.84561861e+00 -5.72373569e-01 -7.65172541e-01 -6.64692283e-01
   2.17581123e-01 -4.50818211e-01 -4.01046932e-01 -1.06713884e-01
  -4.29232717e-01 -6.41168833e-01 -1.09405786e-01 -4.46952075e-01
  -4.08921205e-02 -4.19835448e-01 -3.61311287e-01 -4.06390697e-01
   9.10233334e-02  6.66976452e-01 -8.06679606e-01 -7.66540527e-01
  -5.24026036e-01 -2.83857107e-01 -3.72482806e-01  3.04106861e-01
   1.50406396e+00  9.59215283e-01 -3.74947667e-01 -3.50398809e-01
   7.60650262e-02  3.20723683e-01  1.68737411e+00  2.00419831e+00
   2.50608046e-02 -3.28386098e-01 -3.69194478e-01 -6.22362673e-01
  -9.22360182e-01 -1.99422007e-03 -4.03922945e-01  2.23780610e-02
  -1.75612316e-01 -3.88020962e-01  1.71458676e-01 -3.43720496e-01
  -5.04411042e-01 -5.72175920e-01 -6.84672773e-01 -4.66586024e-01
  -3.58305275e-01 -7.19568491e-01  3.14388573e-01 -6.83349073e-01
  -4.02085721e-01  1.52276886e+00  7.93433607e-01 -4.32332605e-01
  -2.94319630e-01 -5.17687738e-01 -2.71079689e-01 -1.65649593e-01
   3.11353713e-01  1.42648770e-02 -4.61490393e-01 -6.73097312e-01
  -3.71453196e-01 -7.75505364e-01 -4.02728021e-01  7.05389261e-01
   4.13128436e-01  2.68188000e-01 -5.43778479e-01  1.14593886e-01
  -3.95945698e-01  1.43204594e+00 -1.56701237e-01 -3.20272058e-01
   1.10324517e-01  7.69029200e-01  1.61717206e-01 -4.86288548e-01]]