[[ 0.88865095  0.8048018   0.6529859  -0.22528149 -0.6389176  -0.92564136
  -0.8794849  -0.4373985  -0.06314874 -0.1856787  -0.53724056 -1.0049396
   0.19947058 -0.22886378 -0.6504235   0.9352095  -0.34444687  0.6621387
  -0.4526601   1.1945343   2.2544386  -0.5172107  -0.7749396  -0.67368215
   0.17195372 -0.58692926 -0.41860938  0.18235675 -0.4499726  -0.63085973
  -0.1783632  -0.5922708   0.09143765  0.01006123 -0.45273513 -0.47663423
   0.18136467  0.35585645 -0.8677342  -0.67767817 -0.514273   -0.11322703
  -0.38005757  1.3258411   1.9957472   1.0734732  -0.35652983 -0.19901916
  -0.13104582  0.05682479  1.5978161   2.5375032   0.05384809 -0.225125
  -0.20566276 -0.5103389  -0.8835215   0.06422485 -0.3123415   0.38392025
  -0.04391574 -0.33942115  0.13871945 -0.41619408 -0.48718572 -0.6512949
  -0.9446225  -0.52048886 -0.41966495 -0.63276774  0.61487067 -0.6624727
  -0.43417078  1.6225557   1.1092614  -0.32363492 -0.30026928 -0.3944541
  -0.2812767   0.04358102  0.3608074  -0.29862216 -0.5019881  -0.7665873
  -0.604602   -0.8005589  -0.4691818   0.9525492   0.08232687  0.7679997
  -0.5965194   0.49195537 -0.09327058  1.5355828   0.2593827  -0.38819712
  -0.07220572  1.0040288   0.3317546  -0.48049027]]