[[ 6.3400561e-01  8.2824934e-01  5.8490843e-01 -3.9252859e-01
  -7.5234264e-01 -9.9889868e-01 -8.0580145e-01 -4.1005409e-01
   9.7952373e-02 -3.5728085e-01 -5.4721379e-01 -1.1187118e+00
   8.6524397e-02 -2.4649794e-01 -5.4716218e-01  1.4864494e+00
  -4.0798107e-01  6.5341753e-01 -4.5588216e-01  6.0656613e-01
   2.9626341e+00 -5.2790725e-01 -8.8197178e-01 -5.5024207e-01
   2.2647196e-01 -4.2112607e-01 -3.4958875e-01  2.5115487e-01
  -4.4395483e-01 -7.5261074e-01 -3.4796882e-01 -5.8955908e-01
  -2.1042954e-03  7.6431267e-02 -2.6529819e-01 -3.9500073e-01
   2.0862779e-01  8.1230009e-01 -8.9397186e-01 -7.3919165e-01
  -5.5350327e-01  5.9367392e-02 -4.6392110e-01  1.6417700e+00
   1.2531577e+00  5.9442353e-01 -3.6675412e-02 -3.1575933e-01
   2.1237627e-01  6.3134842e-02  1.1934538e+00  1.4256979e+00
  -2.6688117e-01 -4.2448851e-01  1.8697746e-01 -4.0436947e-01
  -8.4690458e-01 -2.2819296e-01 -1.6174325e-01 -3.2322746e-02
  -1.9456159e-01 -2.7758911e-01 -4.5182426e-02 -6.5164715e-01
  -5.4194695e-01 -7.2772551e-01 -9.1100675e-01 -6.3961196e-01
  -3.8545427e-01 -6.7403984e-01  7.4488693e-01 -6.7816997e-01
  -4.6140474e-01  1.0010672e+00  1.0706354e+00 -3.2095134e-01
  -6.0144103e-01 -5.9530705e-01 -4.1356586e-02  6.1836272e-02
   1.7317596e-01 -1.9037907e-01 -5.2717316e-01 -7.3518085e-01
  -5.9892249e-01 -9.1880298e-01 -4.5479986e-01  3.5913184e-01
   6.5075928e-01  4.9665737e-01 -6.5733474e-01  3.4351680e-01
  -3.0174798e-01  1.1681684e+00  4.7837505e-01 -3.8513544e-01
   5.4191284e-02  6.0652250e-01 -9.8904632e-02 -2.6418182e-01]]