[[ 1.0987726   0.91386306  0.25552022 -0.11396289 -0.6416875  -0.804181
  -0.83258504 -0.5261365  -0.25012794 -0.2706743  -0.42096856 -0.9903128
   0.66806597 -0.2783264  -0.62488586  0.34244466  0.13734423  0.8304351
  -0.18999101  0.5532086   2.0955868  -0.5245269  -0.708764   -0.57924885
   0.3517275  -0.5125948  -0.37077558  0.04233522 -0.2226644  -0.59092283
   0.04436692 -0.15419659 -0.01205699 -0.20801428  0.07229947 -0.30724043
   0.11401754  0.6497252  -0.7258006  -0.6632962  -0.5029955  -0.36906067
  -0.40540084  0.92588794  1.1236432   1.1802127  -0.49221927 -0.3180217
  -0.13619071 -0.00417745  2.0799515   1.5560116   0.03477797 -0.05100421
  -0.64612705 -0.7211725  -0.85668784  0.16047707 -0.40352163  0.13528621
  -0.25449702 -0.43677825  0.00967476 -0.46237874 -0.4394909  -0.55817723
  -0.79938495 -0.41373992 -0.41202095 -0.66896176  0.1595342  -0.5185492
  -0.4379586   1.4943566   0.8727837  -0.2497013  -0.41537526 -0.42998528
   0.2659713  -0.1879556   0.19634424 -0.33929476 -0.4276492  -0.6647202
  -0.2425596  -0.73213345 -0.4906006   0.61335254 -0.03437723  0.28804648
  -0.4528041   0.22516398 -0.17631908  1.3472109   0.03014638 -0.32259655
   0.1269069   0.7038007   0.4065502  -0.46617767]]