[[ 0.25867832  0.6965729   0.17030758 -0.44687974 -0.6554453  -1.1532661
  -0.8901769  -0.84875315 -0.37981978  0.00275587 -0.5167952  -1.0578058
   1.2047753  -0.2755878  -0.47037998  1.4624859  -0.5364216   0.7695689
  -0.44872892  0.53417605  2.6680026  -0.60812056 -0.8014032  -0.7790376
  -0.01405907 -0.517823   -0.43104124  0.33680162 -0.44095063 -0.65234035
  -0.4140638  -0.46100312 -0.2727429  -0.5211926  -0.3648421  -0.41846448
   0.39497945  0.09454372 -0.7385348  -0.85985434 -0.6732102  -0.15884194
  -0.3560077   0.47178176  1.0756761   0.18566002 -0.2677265  -0.16002333
  -0.26132497  0.6280805   0.9229175   1.3411957   0.02821906 -0.32899135
   0.12257183 -0.46184504 -1.0975955  -0.09689459 -0.27328292 -0.07073738
  -0.2810995  -0.29215473  0.06627759 -0.40069303 -0.5932484  -0.632768
  -0.6407266  -0.5699782  -0.32548353 -0.7650678   1.2302082  -0.69510853
  -0.42534763  0.63258976  1.0331055  -0.01790234 -0.4503436  -0.57169473
  -0.21157205  0.02948901  0.18841504  0.2020792  -0.4663436  -0.6490776
  -0.47595477 -0.8115598  -0.3826279   0.3813685   0.28361666  0.0519195
  -0.6481562   0.0505498  -0.10496029  1.6371205   0.01192965 -0.3823229
   0.3580437   0.43295142  0.08243212 -0.60069734]]