[[ 0.9130108   0.6175897   0.28782004 -0.19337963 -0.61526984 -0.820951
  -0.8437333  -0.3991795  -0.23549673 -0.2873206  -0.37229472 -1.0199221
   0.53825057 -0.27319166 -0.6229256   0.4747623  -0.42742163  0.5586372
  -0.08427107  0.9981267   2.1721592  -0.43081567 -0.6570662  -0.6470298
   0.02583569 -0.5864434  -0.43811834 -0.12392307 -0.09148708 -0.62490934
  -0.31625605 -0.13972287  0.27373794 -0.07822674 -0.32353127 -0.38997954
   0.04918562  0.24844915 -0.8100196  -0.56365305 -0.5996802  -0.00546374
  -0.38458595  1.2749304   2.1059656   0.48257294 -0.4384551  -0.12065184
  -0.0543325  -0.06418096  1.2917815   2.401192   -0.03102643  0.39620122
  -0.6831147  -0.78141606 -0.89351076  0.23050758 -0.3229415   0.38028127
  -0.2213958  -0.3695925   0.09666492 -0.40228683 -0.4770314  -0.5859436
  -0.9219495  -0.50458497 -0.4151048  -0.60153025  0.72424185 -0.5580183
  -0.44841972  1.754261    1.0858929  -0.1527518  -0.21249901 -0.41506556
  -0.04176313 -0.17429195  0.47147915 -0.48924404 -0.4998285  -0.61396796
  -0.41429573 -0.7295022  -0.42819536  1.0986865  -0.22718795  0.5504466
  -0.5089961   0.48709503 -0.1332498   0.8888958  -0.02673062 -0.38214937
   0.00951699  1.0703688  -0.04903477 -0.38879007]]