[[ 1.3789232   0.77368927 -0.02374316 -0.17772643 -0.6855138  -1.0518613
  -0.9776181  -0.6202557  -0.06672199 -0.15147606 -0.49286118 -0.9433373
  -0.03229833 -0.25915447 -0.53120315  0.18347436 -0.5510473   0.69280326
  -0.42007884  1.1962762   1.8019365  -0.6596716  -0.72876364 -0.6869601
   0.25278223 -0.68751854 -0.14505976  0.31202352 -0.44786158 -0.89943016
  -0.27495128 -0.01621843  0.10657817 -0.4353155  -0.5292455  -0.5204594
   0.02156444  0.5669584  -0.9129147  -0.54776025 -0.5928115  -0.0677838
  -0.45982775  0.7345036   2.4366484   0.4034138   0.04341947 -0.22945678
  -0.29490453 -0.05044382  1.5620457   2.4711246  -0.1933648  -0.14904237
   0.01875642 -0.4403282  -0.74147063  1.1826215  -0.01698611  0.31833747
  -0.24559225 -0.22683336  0.16741909 -0.33792415 -0.3669846  -0.71813226
  -0.9774043  -0.5665873  -0.2942649  -0.6058507   0.23650068 -0.7913167
  -0.45153472  1.9917942   1.0850216   0.70882064 -0.3747043  -0.1444989
  -0.28174382 -0.07519668  0.58394974 -0.29617715 -0.26491043 -0.54431546
  -0.5491347  -0.9204014  -0.43069673  1.089402    0.08362011  1.4741107
  -0.6072125   0.2564119  -0.06202917  1.3829569  -0.02981815 -0.41481933
  -0.1834184   1.2562704   0.01998517 -0.46045104]]