[[ 0.6546358   0.5731885   0.82153356 -0.1318473  -0.6860185  -0.90724295
  -0.79764044 -0.38276932 -0.015326   -0.37259427 -0.48339623 -1.0698798
   0.557439   -0.27444452 -0.6270793   1.1531514  -0.5412315   0.4767413
  -0.30473918  0.5641205   2.901979   -0.4610568  -0.80413306 -0.6045425
   0.05956689 -0.6121617  -0.40875113  0.01947711 -0.30203128 -0.6952336
  -0.40331253 -0.34375364  0.06292439  0.07171118 -0.3392547  -0.4354644
   0.05474114  0.45064732 -0.9346995  -0.64718837 -0.57844764  0.14121725
  -0.42331514  1.6739397   1.6692269   0.34634852 -0.21673656 -0.22688851
   0.07901996 -0.08320379  1.2962757   1.600303    0.133652    0.26187006
  -0.13578734 -0.5384657  -0.87111676  0.27209246 -0.16577867  0.49175116
  -0.14318703 -0.2967028  -0.03726662 -0.3044402  -0.5257225  -0.64073795
  -0.9239429  -0.4958099  -0.4128709  -0.6154574   0.781732   -0.6609814
  -0.48823333  1.2372403   1.0177708  -0.39385086 -0.37888646 -0.5469084
  -0.1544031  -0.0843982   0.21326849 -0.39875606 -0.5739078  -0.6762706
  -0.6533212  -0.8167646  -0.47750586  0.6029821   0.08327161  0.2848027
  -0.6406968   0.4209537  -0.33673745  0.80940187  0.52670103 -0.42458874
   0.10226356  0.7375161  -0.29022813 -0.38155362]]