[[ 0.97177476  0.97369397 -0.06709759 -0.3202434  -0.6841523  -1.1666251
  -0.98516107 -0.80721647 -0.33740082  0.03611367 -0.5337414  -1.0116194
   0.66763204 -0.25318024 -0.6046329   0.5703774  -0.53447914  0.98287606
  -0.4363271   1.0742569   2.001566   -0.6544307  -0.75316876 -0.7532733
  -0.01270567 -0.61222035 -0.14950404  0.20451474 -0.46321562 -0.79233193
  -0.30882573 -0.16614315 -0.07928529 -0.52540874 -0.46983021 -0.4592494
   0.33052984  0.32920668 -0.7988366  -0.6624779  -0.62787354 -0.37983578
  -0.40144372  0.53276914  1.7473135   0.36720303 -0.0682916  -0.0947354
  -0.36205366  0.40864542  1.4578574   2.2773666  -0.0824274  -0.32060197
  -0.53561264 -0.7873901  -0.8640568   0.69612294 -0.2912779   0.10778007
  -0.26504236 -0.33493257  0.17964752 -0.38337463 -0.45805293 -0.6829652
  -0.79087454 -0.60011685 -0.3222066  -0.71770865  0.60537666 -0.7891297
  -0.46624568  1.5881878   1.0338997   0.5322832  -0.28168446 -0.26892462
  -0.28658113 -0.04286442  0.48478767 -0.03698835 -0.2990647  -0.5802903
  -0.48502955 -0.87618864 -0.38291866  0.90717554  0.30114216  0.9912768
  -0.6516395   0.2112405   0.00591294  1.5400238  -0.26824236 -0.39570603
   0.07758317  0.9416609   0.17650393 -0.5506378 ]]