[[ 0.3845536   1.8399563   0.09999849 -0.12431605 -0.48264465 -0.7617945
  -1.1267393  -0.45539048 -0.21599117 -0.04413077 -0.5465156  -0.96012574
   0.2995458  -0.20272887 -0.67621696 -0.05943359 -0.48637652  1.1864891
  -0.2355414   1.1052514   1.3797039  -0.6345344  -0.5582232  -0.61915475
   0.90660286 -0.7473584   0.08988884 -0.27799004 -0.35477284 -0.7784488
   0.4524166   0.769079   -0.01758578 -0.5138176  -0.4456262  -0.4061043
   0.20246777  0.11435196 -0.9675964  -0.57490647 -0.43790638 -0.25765944
  -0.38733244  1.686053    1.7997407   0.3378549  -0.3937953   0.8354072
  -0.3891829   0.25022304  1.3025352   2.2505927   0.06966622 -0.21773681
  -0.42388973 -0.48401606 -0.6475238   0.4531941  -0.41428974  0.2507947
   0.20626494 -0.2801468  -0.06626347 -0.3629755  -0.42330283 -0.5659704
  -0.77831894 -0.5523097  -0.4663256  -0.5807318  -0.28119278 -0.7314187
  -0.5066892   1.6570715   0.7086855  -0.6589696  -0.03705744 -0.38351706
  -0.3225498   0.31581998  0.5834096  -0.31622556 -0.2895599  -0.64006764
  -0.56432134 -0.84464645 -0.45263514  0.8911284  -0.01015629  0.45893613
  -0.5297806   0.5468701  -0.12357385  0.20863935  0.6839487  -0.42214274
  -0.03512181  0.8343994  -0.51552683 -0.39276344]]