[[ 0.9546262   1.04291    -0.27244076 -0.30935612 -0.47895974 -0.6199598
  -0.74107796 -0.40743524 -0.16394828 -0.00833564 -0.41941726 -0.65253866
   0.5161391  -0.13358279 -0.0455911  -0.15010372 -0.22417416  1.0923215
   0.09212936  1.9757526  -0.31835192 -0.503536    0.0248929  -0.57446575
   0.4365909   0.19934595 -0.36679858 -0.56337607 -0.0941601  -0.59497124
   0.00433243 -0.55668205  0.33986533 -0.29954934 -0.44591302  0.0906423
   0.8185609  -0.24319054 -0.67898846 -0.39198264 -0.39064005 -0.44482613
  -0.34224087 -0.15942934  2.5372999   0.35758153 -0.3375288  -0.5252393
  -0.27464783  1.0859569  -0.05250028  3.487709    0.3691794  -0.50928056
  -0.43817255 -0.45675817 -0.6674213  -0.22621675 -0.29118156 -0.24644095
  -0.26512372 -0.1940101   0.4436259  -0.36231914 -0.29754242 -0.31927693
  -0.5757188  -0.38475534 -0.32456034 -0.62406063 -0.42520836 -0.38218194
  -0.2296331   2.609745    1.0802026  -0.5456343   0.64326835 -0.36604327
  -0.15156876 -0.29763067  1.8348007   0.1039104  -0.24768536 -0.38943
  -0.25889248 -0.5330151  -0.32463726  2.1063902   0.09222019  1.214385
  -0.01801258  0.5767853   0.34381628  0.05597891 -0.41446036 -0.27037293
   0.05598679  1.509816   -0.12723672 -0.32268548]]