[[ 1.0151743   0.8368856   0.5718319  -0.02291909 -0.6313953  -0.8363198
  -0.8563478  -0.31270418 -0.02434518 -0.26420817 -0.54793245 -0.9337501
   0.18974072 -0.23508129 -0.56000495  0.5417579  -0.5682234   0.40836352
  -0.2557805   1.4471178   1.2822121  -0.4859864  -0.47342053 -0.57966244
   0.04690003 -0.34989804 -0.3173189  -0.4125012  -0.36212805 -0.72561425
  -0.33412418 -0.6587462   0.20491678 -0.07874362 -0.5327799  -0.34497076
   0.19222887  0.2848644  -0.881341   -0.53262424 -0.48804358 -0.27579865
  -0.46852463  1.2031338   2.208824    0.36296147 -0.2010192  -0.3677749
  -0.02294717  0.10790085  0.68939644  2.809169    0.33084786 -0.20659268
  -0.67279947 -0.7277617  -0.72524065  0.1797513  -0.3637199   0.50125617
  -0.1619927  -0.26336026  0.21773185 -0.19635093 -0.44445407 -0.5919666
  -0.8629198  -0.40447912 -0.40236568 -0.7062199  -0.02372496 -0.5768815
  -0.39668837  2.0252507   1.0297545  -0.53360814 -0.06709161 -0.48527738
  -0.21222655 -0.12156869  0.77658975 -0.31636158 -0.45841572 -0.5893017
  -0.37779313 -0.7891514  -0.40926996  1.1183554   0.5074073   1.162002
  -0.45013613  0.48302495 -0.16906598  0.30898926 -0.0301811  -0.41144446
  -0.15482312  1.2799165  -0.16249324 -0.3022299 ]]