[[ 8.41430843e-01  1.05195630e+00  7.19192624e-02 -1.04342386e-01
  -5.72927594e-01 -7.93467999e-01 -9.39802587e-01 -3.62318039e-01
  -2.08560884e-01 -1.10319145e-01 -5.20739436e-01 -9.65185344e-01
   2.96984673e-01 -2.88885742e-01 -7.04153240e-01 -4.37651873e-02
  -1.16688877e-01  1.23427212e+00 -2.06713066e-01  1.00593865e+00
   1.22863472e+00 -5.66350400e-01 -5.36172509e-01 -5.92530966e-01
   3.50919127e-01 -4.23607528e-01  4.99620996e-02 -3.93799812e-01
  -3.74052107e-01 -7.06910372e-01  6.78845719e-02  1.94763020e-02
   5.92490770e-02 -4.50208336e-01 -2.43206739e-01 -1.65377334e-01
   4.65427607e-01  6.52584612e-01 -8.77306998e-01 -6.20119274e-01
  -4.53285664e-01 -3.31928492e-01 -5.02966821e-01  1.24061918e+00
   1.37890971e+00  9.54973519e-01 -2.69227922e-01 -1.44612879e-01
   6.84078112e-02  1.35240763e-01  1.96261775e+00  2.28374124e+00
   6.41514808e-02 -2.10345149e-01 -7.58387327e-01 -6.93490505e-01
  -6.58430040e-01  4.63770241e-01 -4.66539711e-01  1.55067280e-01
  -1.98892221e-01 -3.36308986e-01  5.63920662e-03 -4.22849029e-01
  -4.20292795e-01 -4.38326001e-01 -8.46724629e-01 -5.62677860e-01
  -4.57303703e-01 -6.44996881e-01 -3.70084584e-01 -6.46230876e-01
  -4.34057117e-01  1.43812788e+00  4.22913909e-01 -5.08593619e-01
  -2.35721484e-01 -4.05104548e-01 -6.07095510e-02 -1.24915093e-01
   4.11319643e-01 -3.97079587e-01 -3.78235400e-01 -6.25206113e-01
  -3.31137210e-01 -7.94429779e-01 -4.53138173e-01  5.78360796e-01
   6.65265262e-01  6.82988524e-01 -4.37363803e-01  1.57457665e-01
  -2.79707640e-01  6.50277674e-01 -2.02302933e-01 -3.56435895e-01
   8.69932212e-03  8.71262193e-01 -4.07904387e-04 -2.62909234e-01]]