[[ 1.0085485   1.2735778   0.31401604 -0.108766   -0.63241816 -0.8273467
  -1.0372058  -0.40436843 -0.21512423 -0.1483888  -0.58454895 -1.0368938
   0.25246578 -0.23994201 -0.67064506  0.27892983 -0.31688207  1.2387228
  -0.23799744  1.372087    1.406715   -0.57461125 -0.5369529  -0.6441342
   0.745885   -0.49385417 -0.06455456 -0.35239086 -0.37346357 -0.7654824
   0.25752938  0.08639202  0.17429627 -0.26636732 -0.46684995 -0.31143934
   0.37053415  0.33070138 -0.98813593 -0.63069874 -0.49178493 -0.3456938
  -0.43193564  1.6708522   1.9244436   0.91284496 -0.28984866  0.22368851
  -0.20874803  0.26493478  1.473208    2.7289257   0.17220217 -0.26150644
  -0.7503131  -0.76342314 -0.74918264  0.2550887  -0.46308064  0.2888292
  -0.08429123 -0.34537092  0.17917177 -0.40523246 -0.45787862 -0.576416
  -0.8383435  -0.5391776  -0.44969097 -0.6934691  -0.10116525 -0.70560956
  -0.43329147  1.919118    0.70219386 -0.6139552  -0.04658329 -0.44700733
  -0.26202342  0.22909272  0.8742435  -0.300277   -0.40402335 -0.6617455
  -0.53867763 -0.85565287 -0.4180183   0.95399016  0.27940267  0.85041845
  -0.4908208   0.50715965 -0.12716067  0.6375125   0.21726477 -0.38665015
  -0.10315136  1.1305012  -0.02961528 -0.32047752]]