[[ 0.70444226  1.1496308   0.48107165 -0.18867056 -0.6274969  -0.84249127
  -0.90613157 -0.49413276 -0.10749057 -0.26389435 -0.4268068  -1.0595214
   0.58071    -0.2806924  -0.5965253   0.74497527 -0.32524854  0.72440505
  -0.2843346   0.52602303  2.5186584  -0.56941557 -0.7973982  -0.5825608
   0.6849582  -0.74361485 -0.1669038   0.12723412 -0.29502138 -0.7236011
   0.13254735  0.37337625 -0.02400112 -0.18997546 -0.26363415 -0.43240225
  -0.0240046   0.4674255  -0.9347748  -0.69229406 -0.5135892  -0.04091637
  -0.40223733  1.7893912   1.4518772   0.4643429  -0.35059807  0.21546037
  -0.21194817 -0.04656537  1.3794943   1.4615968  -0.01047409 -0.06051993
   0.05644661 -0.38091552 -0.8403947   0.4083832  -0.14866133  0.24149722
  -0.11016591 -0.32924265 -0.06317747 -0.39435923 -0.47962266 -0.59019077
  -0.81724334 -0.46502608 -0.40207046 -0.5914163   0.30663788 -0.7113275
  -0.4710707   1.2432482   0.9848018  -0.44575408 -0.49034905 -0.48471484
  -0.13739891  0.07064066  0.18824238 -0.2990937  -0.43565196 -0.6889897
  -0.6345251  -0.84589595 -0.4851      0.58886075 -0.19674762  0.23990625
  -0.6034663   0.3657286  -0.3438334   0.8662825   0.7071946  -0.39882195
   0.07421029  0.7678694  -0.27815393 -0.45001405]]