[[ 0.6011081   0.67930895  0.4256785  -0.23938014 -0.5997613  -0.8695705
  -0.8429294  -0.51483047 -0.12634066 -0.27322108 -0.40141597 -1.007801
   0.6802807  -0.2478813  -0.55168796  0.74572384 -0.3859049   0.566951
  -0.2727167   0.66656995  2.1937456  -0.5284246  -0.6918751  -0.63708556
   0.16552147 -0.50904536 -0.39120993 -0.02227424 -0.32705373 -0.6803227
  -0.27518663 -0.3509255  -0.03621653 -0.28743598 -0.35363486 -0.4261582
   0.09323379  0.51112247 -0.8757523  -0.7064012  -0.55716294  0.03072679
  -0.40410098  0.76261026  1.698664    0.4783949  -0.24982303 -0.27776465
   0.04228217  0.08841842  1.3851143   1.7284501   0.09493622  0.01433211
   0.11323763 -0.34884235 -0.7990944   0.18884112 -0.22185512  0.2782067
  -0.16655982 -0.26830506  0.042624   -0.30751094 -0.47579068 -0.56136876
  -0.8090019  -0.5139144  -0.37513354 -0.674046    0.38956782 -0.6425237
  -0.41971213  1.2878402   0.75117856 -0.45144254 -0.25136    -0.52007675
  -0.19302844 -0.08547124  0.3824571  -0.23401865 -0.45660475 -0.6343555
  -0.50479406 -0.7733251  -0.4494542   0.6153044   0.31621248  0.19067007
  -0.5503704   0.1940127  -0.3465209   0.8892833   0.2713385  -0.37727135
   0.08223069  0.65634143 -0.14833559 -0.41015488]]