[[ 0.7172884   0.3891914   1.1107719  -0.18393856 -0.78324413 -0.91412276
  -0.67229825 -0.2959459  -0.09597862 -0.37190562 -0.549041   -0.9906849
   0.22309645 -0.21997884 -0.5146148   1.7327693  -0.60175246  0.38507062
  -0.35297397  1.1311643   2.3691869  -0.42202196 -0.66688883 -0.5446415
  -0.03034808 -0.4149245  -0.36907935  0.10378228 -0.3877113  -0.6015964
  -0.4598671  -0.76977617  0.15078844  0.55672574 -0.561257   -0.28856367
   0.17302825 -0.12906589 -0.85566026 -0.5077364  -0.53670406 -0.33010018
  -0.40150514  2.4798844   1.7062291   0.4345536  -0.42446518 -0.48055702
  -0.26360896  0.1303944   0.41871417  2.327655    0.19916913 -0.29401308
  -0.669181   -0.84198594 -1.0803365  -0.15068495 -0.33971432  0.29500273
  -0.2314465  -0.30773523  0.150669   -0.4364155  -0.50839716 -0.5613799
  -0.83468884 -0.46002218 -0.4435328  -0.60842204  0.93938935 -0.6071408
  -0.4287872   1.4855334   1.4628242  -0.20225424 -0.24452893 -0.55835
  -0.27596536  0.10743193  0.7336752  -0.3173421  -0.5404713  -0.66044617
  -0.67145693 -0.75069827 -0.42918947  0.96641546 -0.18925999  0.8182544
  -0.5431508   0.7591021   0.07896431  0.8337452   0.26781598 -0.44467688
  -0.13917798  1.1847185  -0.04866492 -0.48413184]]