[[ 0.6425841   0.9259144   0.39406002 -0.29071772 -0.58355105 -1.0385544
  -0.8196887  -0.75833863 -0.20463814 -0.04424954 -0.38734898 -0.99149925
   1.3001543  -0.2501453  -0.50984186  1.324909   -0.508186    0.58755326
  -0.36512664  0.92283744  1.9112865  -0.60001564 -0.7036382  -0.7342235
   0.01547984 -0.49480975 -0.35411376 -0.0994801  -0.40374088 -0.6501171
  -0.36555538 -0.42326695 -0.08295871 -0.5410911  -0.45313406 -0.47947824
   0.14300106  0.23966724 -0.8671409  -0.7847652  -0.58469725 -0.12328581
  -0.3768751   0.39578265  1.9622386   0.13669908 -0.12100251 -0.30536473
  -0.23448928  0.45732442  0.71830785  2.235971    0.30727857 -0.28923723
   0.38136384 -0.23187071 -0.8850029   0.20879295 -0.21251169  0.26510778
  -0.2332703  -0.21814872  0.2700286  -0.1372664  -0.5286162  -0.54506785
  -0.61620915 -0.43231267 -0.32765815 -0.76442665  0.46059227 -0.66942316
  -0.36537442  1.4033694   1.0860243  -0.43361962 -0.27658728 -0.5856607
  -0.2728899  -0.05812725  0.47942254  0.16282487 -0.43229204 -0.6549833
  -0.4524315  -0.7977594  -0.38213897  0.87615585  0.2660745   0.49680153
  -0.597871    0.14844257 -0.5012957   1.0559652   0.10845459 -0.37875983
   0.21785007  0.9873375  -0.23893557 -0.49490622]]