[[ 1.1304281   0.71440345  0.03091838 -0.16723381 -0.30983248 -0.5850279
  -0.76596713 -0.38005382 -0.23592408 -0.1386137  -0.43981743 -0.7345626
   0.40273675 -0.18794996 -0.3103804  -0.13947606 -0.2967097   0.5970807
   0.00394406  1.5450584   0.02121171 -0.49480796  0.06537494 -0.64419365
   0.21681009 -0.03989822 -0.40804544 -0.5205397  -0.22415715 -0.5533058
  -0.08061854 -0.68220544  0.43380132 -0.2847938  -0.49926296 -0.16465919
   0.44672227 -0.31626165 -0.7440838  -0.38276726 -0.4297005  -0.48774937
  -0.40311804  0.112675    2.6441054   0.43591213 -0.41374496 -0.00475987
  -0.3178419   0.58039206  0.24139754  3.7710528   0.43259013 -0.30805105
  -0.46681812 -0.5013834  -0.39159465 -0.0380783  -0.31933925  0.06660051
  -0.06411885 -0.2728208   0.6427273   0.05580494 -0.4062884  -0.337271
  -0.67933464 -0.37097144 -0.3979231  -0.7544044  -0.47022524 -0.39858738
  -0.24723409  2.8907886   0.93005246 -0.6539115   1.1423496  -0.34319323
  -0.18772848 -0.2914898   1.8467411  -0.17818941 -0.3369498  -0.38965702
  -0.2732847  -0.5250426  -0.37725702  1.9894657  -0.10832466  1.0122066
  -0.07768898  0.6109295   0.10786726  0.32317328 -0.02225758 -0.3623198
   0.13375849  1.4057733  -0.10605537 -0.4058957 ]]