[[ 0.998194    1.003312    0.04243071 -0.28163275 -0.54961306 -0.78436714
  -0.80130935 -0.35995042 -0.09658205 -0.16676477 -0.44528085 -0.95117414
   0.36860088 -0.2509813  -0.50184494  0.37208575 -0.23256926  0.45273456
  -0.16729346  1.0753194   1.0942919  -0.5276478  -0.5101744  -0.5680265
   0.2866564  -0.2923601  -0.40520298 -0.36097336 -0.29424557 -0.6929172
  -0.14321575 -0.48586226  0.14442995 -0.4164431  -0.4011475  -0.33649266
   0.01037823  0.65135944 -0.79683965 -0.627985   -0.47952518 -0.25457615
  -0.4361593   0.28347328  1.9149364   0.5121655  -0.2819208  -0.4017857
   0.22469334  0.23251465  0.9991215   2.399166    0.01335934 -0.36384016
  -0.46935534 -0.58149046 -0.7509797   0.01507677 -0.35422865  0.07221019
  -0.17377692 -0.30115223  0.19544464 -0.33156586 -0.4227064  -0.5591898
  -0.723375   -0.42585692 -0.37023634 -0.6907714  -0.15281561 -0.58564854
  -0.3368914   1.7894299   0.68416566 -0.45149738 -0.07239072 -0.49698046
  -0.20631371 -0.2105993   0.5982565  -0.12231681 -0.42516434 -0.5722318
  -0.2605757  -0.7657565  -0.37225547  1.0392814   0.6695683   0.69071573
  -0.3995377   0.21134505 -0.2895273   0.63348925 -0.25165337 -0.32765785
  -0.03123323  0.9772439  -0.09152323 -0.20435554]]