[[ 1.79959202e+00  8.45490277e-01  2.23709732e-01 -2.26211265e-01
  -6.80594862e-01 -9.39871192e-01 -8.84985864e-01 -5.86537182e-01
  -2.88645715e-01 -1.03945047e-01 -5.13092697e-01 -9.32705462e-01
   4.81037974e-01 -2.30162963e-01 -5.77333748e-01  5.58946848e-01
   1.89776853e-01  9.55734611e-01 -3.20263892e-01  1.29942811e+00
   1.24132204e+00 -5.66167355e-01 -5.98725915e-01 -7.06912935e-01
   5.54883838e-01 -4.18875098e-01 -3.50663900e-01  1.23863272e-01
  -4.32311922e-01 -5.95410585e-01  9.18252841e-02 -5.56514800e-01
   3.08919013e-01 -2.58069605e-01 -2.76190937e-01 -3.26261222e-01
   3.13267171e-01  3.34732920e-01 -7.52725363e-01 -6.56850219e-01
  -4.84995365e-01 -4.19063628e-01 -3.55981499e-01  5.95403373e-01
   2.18435168e+00  1.73385203e+00 -3.80421728e-01 -4.47366953e-01
  -3.71689469e-01  2.15481922e-01  1.87550735e+00  2.94260406e+00
   1.04106136e-01 -3.32825184e-01 -5.79090178e-01 -6.91286087e-01
  -9.40612674e-01  5.26539050e-04 -4.16265309e-01  8.38889554e-02
  -2.55211562e-01 -3.79862398e-01  4.99498963e-01 -3.54362309e-01
  -4.70915496e-01 -5.90839803e-01 -8.18499863e-01 -4.60353762e-01
  -4.00505185e-01 -7.57176578e-01  2.50791937e-01 -5.82509160e-01
  -3.58303547e-01  2.66369224e+00  1.27875209e+00 -2.17971131e-01
  -1.38402909e-01 -3.86002511e-01 -1.03483744e-01 -1.14949510e-01
   6.84413850e-01 -1.65726393e-01 -3.99969757e-01 -7.06152201e-01
  -3.67895186e-01 -7.21360385e-01 -4.40652549e-01  1.30648589e+00
  -6.06708229e-04  8.77319515e-01 -4.27436650e-01  4.14209366e-01
  -3.25395949e-02  1.82198191e+00 -2.35828191e-01 -3.04378152e-01
  -3.66669521e-02  1.37321913e+00  8.06683183e-01 -4.91626352e-01]]