[[ 0.54318374  0.47840905  0.422315   -0.23932739 -0.6327212  -0.9719441
  -0.79012096 -0.5378636  -0.1696508  -0.23577999 -0.4704807  -1.0438069
   0.6549749  -0.26103002 -0.59932554  1.0727949  -0.49379918  0.68933666
  -0.3614499   0.4847139   2.5894365  -0.5037359  -0.79503477 -0.6477707
   0.02425818 -0.6211751  -0.39932206 -0.00762794 -0.39515513 -0.6650587
  -0.400007   -0.39825878 -0.00600939 -0.23560697 -0.33790976 -0.4781792
   0.2989588   0.26180166 -0.8561823  -0.7216509  -0.6123511   0.18707341
  -0.40056103  1.0958595   1.28697     0.51641554 -0.25864807 -0.1052825
   0.03968234  0.05847984  1.4690864   1.293956   -0.04328486  0.1910987
  -0.06318331 -0.50170124 -0.8427649   0.11709289 -0.20163609  0.24041286
  -0.14566642 -0.25652027 -0.03166989 -0.37972736 -0.53671855 -0.5643589
  -0.8132018  -0.57491636 -0.39262113 -0.6193024   0.93459034 -0.6711555
  -0.50129926  0.89365304  0.8741996  -0.39857385 -0.4001534  -0.5316639
  -0.2151218  -0.09147056  0.10918781 -0.24414589 -0.456525   -0.6411452
  -0.6210815  -0.79039425 -0.47419402  0.32997414  0.01625357  0.09375271
  -0.64254785  0.20847368 -0.4034881   1.0923634   0.3241817  -0.40073174
   0.23783736  0.544062   -0.24124953 -0.45614752]]