[[ 1.0580759   0.53649414  0.9146847  -0.25750515 -0.7695921  -0.93994325
  -0.7085533  -0.3305329  -0.11196507 -0.24852356 -0.5565415  -1.0305912
   0.1425452  -0.25863066 -0.630807    1.4373299  -0.14822155  0.66309035
  -0.39554092  0.8819934   2.3216405  -0.44970948 -0.8045536  -0.51759464
   0.23031613 -0.5163561  -0.34902826  0.14104986 -0.44910786 -0.59261876
  -0.21605432 -0.6357416   0.15111442  0.403732   -0.48189518 -0.35713512
   0.16867492  0.3232281  -0.845847   -0.5818243  -0.49806154 -0.2876048
  -0.37853354  2.1770148   1.4475493   1.1628995  -0.46988043 -0.4608915
  -0.12579547 -0.0437571   1.2992321   2.0671391  -0.06276493 -0.2679105
  -0.73095226 -0.8484824  -1.0569226  -0.12381069 -0.3881304   0.16124228
  -0.16910754 -0.38020137  0.12704793 -0.4551876  -0.491685   -0.59159124
  -0.8746252  -0.5204359  -0.45541176 -0.60749584  0.7087696  -0.6658921
  -0.4570145   1.5584145   1.2346139  -0.27956244 -0.30989957 -0.49865815
  -0.32981467 -0.00850192  0.3801265  -0.38847256 -0.543437   -0.7323405
  -0.6617119  -0.7612747  -0.4680779   0.80455285 -0.04031032  0.47192207
  -0.5878532   0.6360218  -0.12946916  1.2765791   0.16371357 -0.40353543
  -0.17432162  1.0445863   0.1773929  -0.5006221 ]]