[[ 0.83416724  0.662605    0.848726    0.0954046  -0.76085234 -0.90095437
  -0.7887639  -0.36741826 -0.08343034 -0.36268726 -0.58217037 -1.0012064
   0.22601348 -0.26014912 -0.63448375  1.0774068  -0.64716816  0.35494494
  -0.40834796  0.9591803   2.424527   -0.46291697 -0.7127901  -0.5926964
  -0.05500197 -0.47685364 -0.3556594  -0.03115207 -0.42971155 -0.6954683
  -0.43232805 -0.71610844  0.16971217  0.18135338 -0.332596   -0.34241244
   0.33021197  0.22676398 -0.8442886  -0.59495497 -0.5494844  -0.33243427
  -0.47497037  1.8211876   1.3689398   0.5408772  -0.3580485  -0.35395584
   0.0386051   0.00661415  1.1097027   1.9566602   0.26848632 -0.20864387
  -0.70051014 -0.8480378  -0.9732159   0.05014747 -0.36248606  0.41695952
  -0.2673307  -0.30992502  0.04951014 -0.39253783 -0.51860327 -0.65195465
  -0.9019298  -0.39998487 -0.43074805 -0.68248963  0.5589765  -0.6020889
  -0.46296322  1.2267205   1.1620928  -0.2722081  -0.5207331  -0.55188596
  -0.03770583  0.00332296  0.25909713 -0.2830521  -0.50584143 -0.6595655
  -0.4059565  -0.84400433 -0.46355414  0.6192255   0.3165041   0.86920947
  -0.56601316  0.49463144 -0.06467269  0.7939369   0.21388547 -0.4129364
  -0.03101403  0.9488287   0.01747787 -0.44748992]]