[[ 9.2862141e-01  4.7264516e-01  9.1593295e-01  6.1970532e-02
  -7.2507346e-01 -9.1177070e-01 -7.4604297e-01 -3.6886019e-01
  -4.4926111e-02 -3.7587374e-01 -5.9510881e-01 -9.9663925e-01
   1.6603959e-01 -2.6306868e-01 -7.0184219e-01  1.1293147e+00
  -6.3257188e-01  2.6989439e-01 -4.1715014e-01  1.0007488e+00
   2.2297344e+00 -4.5701760e-01 -6.8643147e-01 -5.8695197e-01
  -1.5465353e-01 -4.7727033e-01 -3.7355381e-01 -2.4399666e-01
  -4.4274452e-01 -6.5020424e-01 -4.6391606e-01 -7.5692618e-01
   1.0292429e-01  2.8956461e-01 -4.4617438e-01 -4.6524000e-01
   8.1579335e-02  1.7078869e-01 -9.4884992e-01 -5.8992052e-01
  -5.7300645e-01 -3.4318453e-01 -4.9037233e-01  1.8248130e+00
   1.9258597e+00  6.7231649e-01 -3.0291650e-01 -4.3802586e-01
  -7.9141527e-02 -4.6918586e-02  1.0940611e+00  2.3241348e+00
   1.8637678e-01 -1.9215128e-01 -7.3496681e-01 -8.5209978e-01
  -8.5359877e-01  2.2801384e-02 -3.7057418e-01  3.7825730e-01
  -1.9158849e-01 -3.4309840e-01  1.4477241e-01 -2.9591966e-01
  -5.2391058e-01 -5.7549751e-01 -8.9849889e-01 -4.7896212e-01
  -4.6975175e-01 -7.3469806e-01  4.4240198e-01 -6.1913353e-01
  -4.9670228e-01  1.6880957e+00  1.1949912e+00 -4.8538321e-01
  -2.4772605e-01 -5.3261381e-01 -8.9252681e-02 -4.4379499e-02
   7.3532796e-01 -4.2169106e-01 -5.0356901e-01 -6.4085197e-01
  -4.4142610e-01 -8.3553553e-01 -4.9891192e-01  9.2544252e-01
   1.2377395e-01  8.7647289e-01 -5.6285501e-01  5.6240475e-01
  -2.3714097e-01  7.1302366e-01  2.1371970e-01 -4.6536896e-01
  -1.4955400e-01  9.8285264e-01 -4.0786574e-04 -4.5860136e-01]]