[[ 0.7355408   0.9833573   0.6998897  -0.08909433 -0.70328796 -0.88267297
  -0.8331141  -0.34928468 -0.06380498 -0.30622512 -0.5824057  -0.9990305
   0.18531393 -0.23139583 -0.6023585   0.9200018  -0.59210944  0.40435058
  -0.33904943  1.1195338   2.162584   -0.46016735 -0.63576996 -0.5698881
  -0.04514816 -0.40170655 -0.34398127 -0.27200532 -0.40154716 -0.71554613
  -0.41498807 -0.6760865   0.11110221  0.14053771 -0.33212867 -0.32470086
   0.18038458  0.2998381  -0.8949983  -0.5603543  -0.51393694 -0.29747176
  -0.46038312  1.5862335   1.7391449   0.35134956 -0.29720035 -0.38319477
   0.06555352  0.10600801  0.85689     2.3419816   0.19359252 -0.26536757
  -0.6900483  -0.80408734 -0.8723762  -0.00793005 -0.3750324   0.30275786
  -0.21739867 -0.30334762  0.0808747  -0.3720145  -0.49755684 -0.6214739
  -0.8647264  -0.44961902 -0.41371378 -0.68849736  0.31907082 -0.59270877
  -0.43207446  1.5644177   1.0970255  -0.4968804  -0.23621632 -0.5526373
  -0.03319654 -0.03693639  0.5965477  -0.32109946 -0.49770606 -0.6240639
  -0.43521017 -0.81485915 -0.42675602  0.8981233   0.47560337  0.8093586
  -0.5207655   0.54175687 -0.15538025  0.4167387   0.22211117 -0.41514143
   0.01998945  0.996822   -0.20862013 -0.38167053]]