[[ 1.05735302e+00  8.26089740e-01  5.80317318e-01 -1.91002816e-01
  -5.51108897e-01 -8.47394168e-01 -7.16127098e-01 -3.09711158e-01
  -5.67464754e-02 -2.43180931e-01 -5.23916185e-01 -8.83720815e-01
   1.51690423e-01 -2.22496733e-01 -5.51544666e-01  6.98999703e-01
  -2.49187857e-01  4.23278987e-01 -2.87221700e-01  1.31615770e+00
   1.56553888e+00 -4.67730075e-01 -5.77111125e-01 -5.72183311e-01
   1.41898483e-01 -3.72397035e-01 -3.60498428e-01  3.92341465e-02
  -4.19564784e-01 -6.25653863e-01 -2.37137556e-01 -6.28276825e-01
   2.77337193e-01  9.12914798e-02 -4.95261192e-01 -3.69484574e-01
   1.09980717e-01  3.15731198e-01 -8.02691638e-01 -5.09610593e-01
  -4.65815187e-01 -2.40098417e-01 -3.67845416e-01  1.07764661e+00
   2.27409458e+00  8.17272246e-01 -3.62008154e-01 -3.97727750e-02
   2.50886921e-02  3.72169390e-02  9.74476874e-01  2.75746155e+00
   6.67178780e-02 -2.27438167e-01 -6.64721131e-01 -7.20322728e-01
  -7.00433135e-01 -1.90685503e-04 -3.70939016e-01  2.18718708e-01
  -5.19556515e-02 -3.17548424e-01  2.14546755e-01 -2.63052374e-01
  -4.45731670e-01 -5.88537693e-01 -8.57143104e-01 -4.00020421e-01
  -4.03619200e-01 -6.13223970e-01  3.66624773e-01 -5.77201426e-01
  -4.05761480e-01  2.21998167e+00  1.23644614e+00 -2.90099651e-01
   7.27533996e-02 -4.43234086e-01 -2.55645573e-01 -1.01549245e-01
   7.80482352e-01 -3.14400882e-01 -4.70494717e-01 -6.24565244e-01
  -5.24705887e-01 -7.02791929e-01 -4.07461971e-01  1.29185188e+00
   1.11030318e-01  7.01110661e-01 -4.71418142e-01  5.95665574e-01
  -4.63490635e-02  8.87141168e-01  1.89423636e-01 -3.59636247e-01
  -8.05096105e-02  1.21066236e+00  1.50113627e-01 -3.92940015e-01]]