[[ 0.8286216   1.0984033   0.37703896 -0.18187207 -0.5862243  -0.9799341
  -0.88551795 -0.60334414 -0.08337589 -0.0935993  -0.48864475 -0.97786576
   0.8429936  -0.24064821 -0.52664137  0.9551394  -0.5428867   0.40436307
  -0.33975893  1.1571445   1.8221473  -0.5699427  -0.68932277 -0.7133624
   0.05008535 -0.45737067 -0.44793767 -0.19349185 -0.39868087 -0.72591907
  -0.3677358  -0.49708486  0.06286123 -0.48080868 -0.461199   -0.46961543
   0.05988993  0.49035865 -0.9046607  -0.72073495 -0.5582206  -0.08113626
  -0.40465546  0.3077304   2.3192542   0.18250321 -0.14902371 -0.36002934
   0.05284086  0.2701856   0.8292618   2.577807    0.29881448 -0.21930613
   0.21646667 -0.28255558 -0.8758096   0.20352963 -0.23589097  0.36557773
  -0.21361434 -0.185593    0.26658696 -0.1075611  -0.5076993  -0.65724415
  -0.74906415 -0.36806163 -0.3204043  -0.7393719   0.25173438 -0.64899004
  -0.35330358  1.7077624   1.0669682  -0.49681872 -0.25279406 -0.5664888
  -0.2324939  -0.07755821  0.5005164   0.02583615 -0.48042187 -0.6539234
  -0.3675675  -0.81975657 -0.3736317   1.0532792   0.5605311   0.680527
  -0.5684629   0.22845052 -0.42841464  0.7955657   0.10837932 -0.36355525
   0.1101346   1.1259389  -0.23878132 -0.39077434]]