[[ 0.6428795   0.9261804   0.39372692 -0.2904545  -0.5835247  -1.0398543
  -0.8193833  -0.7585129  -0.20407586 -0.04447897 -0.38810122 -0.99142694
   1.2993072  -0.250578   -0.50994927  1.3245276  -0.5080155   0.5879084
  -0.36491546  0.9230975   1.9114941  -0.5999103  -0.7033737  -0.73518103
   0.0156849  -0.49464852 -0.35404456 -0.09950735 -0.40451172 -0.6507371
  -0.36555982 -0.423701   -0.083785   -0.54236376 -0.45401505 -0.47927454
   0.14306833  0.24011359 -0.86712956 -0.78443944 -0.5846006  -0.12415619
  -0.37677783  0.3959406   1.9625098   0.1368019  -0.12061098 -0.30574074
  -0.23413846  0.45724592  0.7173358   2.236673    0.30724058 -0.29015505
   0.38071507 -0.23230375 -0.8848643   0.20898344 -0.21243992  0.2648758
  -0.2331617  -0.21946345  0.27042758 -0.13770649 -0.5285557  -0.5450083
  -0.6161459  -0.4321584  -0.32758778 -0.7644764   0.4605349  -0.6692221
  -0.36523643  1.4038337   1.0854058  -0.43453825 -0.27642432 -0.58589
  -0.27459714 -0.05786412  0.47971967  0.16180348 -0.4333036  -0.6547628
  -0.45351562 -0.7989133  -0.38215068  0.87644017  0.26652777  0.49725622
  -0.59790033  0.14849219 -0.5014873   1.056306    0.10798033 -0.37963694
   0.21808144  0.98740005 -0.23921078 -0.49491534]]