[[ 1.0588303   0.6930063   0.31306136 -0.29262555 -0.65511554 -0.89342016
  -0.8951222  -0.55274993 -0.17856456 -0.22756945 -0.43333662 -1.0219787
   0.4546434  -0.2699285  -0.5590002   0.5057082  -0.21850517  0.84403354
  -0.34085009  0.71002465  2.3882647  -0.53637946 -0.76487863 -0.64639026
   0.27316496 -0.57275766 -0.25842348  0.1689591  -0.32433355 -0.68785685
  -0.02963907 -0.26859927 -0.0198852  -0.2584246  -0.28707233 -0.3879711
   0.15741043  0.6036394  -0.8355097  -0.7002112  -0.53260344 -0.02538435
  -0.41026184  1.0437413   1.5141262   0.9095532  -0.3011614  -0.22028697
  -0.09389421  0.08330056  2.0101824   1.6905558  -0.01695614  0.02504264
  -0.14788374 -0.5330544  -0.8419632   0.38082522 -0.2589925   0.2643093
  -0.25547007 -0.35491744  0.11081216 -0.48544803 -0.44026783 -0.58842784
  -0.87207854 -0.53777385 -0.38788924 -0.6255717   0.5179701  -0.687256
  -0.44170952  1.297096    0.820221   -0.1199704  -0.47265202 -0.33527598
  -0.18033107 -0.149024    0.24272752 -0.27402258 -0.4436616  -0.71261466
  -0.5608067  -0.8300548  -0.47266844  0.6976511   0.13174705  0.62598264
  -0.5672769   0.23245053 -0.11779591  1.6179053   0.11440976 -0.3653243
   0.03799633  0.74263483  0.26539886 -0.48452216]]