[[ 1.0810751   0.6325918   0.4775787  -0.24474321 -0.63306755 -0.8255408
  -0.81401473 -0.55943584 -0.22120155 -0.23815092 -0.37483677 -0.96466666
   0.6141813  -0.27523524 -0.58030254  0.6546283   0.03891791  0.80308825
  -0.3215596   0.6653293   2.2169616  -0.5276681  -0.77463424 -0.62107235
   0.35422048 -0.5993309  -0.36373618  0.28112063 -0.32059413 -0.5447542
   0.11616412 -0.29594848 -0.02300707 -0.16981727 -0.19690472 -0.40187845
   0.07326591  0.45801884 -0.73700017 -0.6925602  -0.49390122 -0.22132473
  -0.3569445   0.99550045  1.350835    1.2640803  -0.46258938 -0.36006927
  -0.28094566 -0.03168132  2.019464    1.7232442   0.01777363 -0.09438718
  -0.16868158 -0.4770009  -0.90285623  0.13746992 -0.31007227  0.16158809
  -0.24176326 -0.36755317  0.19690861 -0.439495   -0.44075665 -0.5169777
  -0.79482657 -0.4572734  -0.41793832 -0.61332864  0.45175764 -0.61043507
  -0.4116994   1.3960142   0.94687253 -0.17985852 -0.43698788 -0.30426633
  -0.12832355 -0.12443867  0.22037937 -0.30208948 -0.42582226 -0.73861593
  -0.55883163 -0.7393086  -0.49945983  0.7127652  -0.27213904  0.37290305
  -0.5267758   0.28523114 -0.10338014  1.8411944   0.13394333 -0.34255886
   0.00826219  0.7647378   0.55799735 -0.5585325 ]]