[[ 8.1538975e-01  6.5096426e-01  3.3077061e-01 -3.8295005e-02
  -4.6689123e-01 -6.8364358e-01 -6.4480293e-01 -3.3165234e-01
  -1.3245133e-01 -3.2821751e-01 -3.2463318e-01 -8.1678683e-01
   7.0021290e-01 -2.9260135e-01 -5.4891342e-01  7.0271129e-04
  -1.9054337e-01  2.5433728e-01 -1.3061294e-01  9.2288649e-01
   9.5658267e-01 -5.1819324e-01 -5.3050667e-01 -5.6387222e-01
   1.2911212e-01 -4.4981045e-01 -1.4328171e-01 -1.7727187e-01
  -2.5880983e-01 -5.8874005e-01 -8.5833043e-02  2.0553311e-03
   1.3567644e-01 -3.6151186e-01 -4.7308725e-01 -2.9420167e-01
  -1.6353284e-01  4.1332442e-01 -7.8091753e-01 -5.0622833e-01
  -4.1549334e-01 -2.4045135e-01 -4.0082413e-01  5.9386247e-01
   2.0090656e+00  3.5753247e-01 -4.9114940e-01 -2.0441578e-01
   2.4933010e-02 -7.9326451e-02  1.2492372e+00  2.2386878e+00
   2.9675430e-01  7.8826271e-02 -3.6740950e-01 -4.1608393e-01
  -6.4189863e-01  6.0536194e-01 -3.6681685e-01  4.1109785e-01
  -1.5199098e-01 -2.8654465e-01  5.3309307e-02 -1.2171478e-01
  -3.4586236e-01 -3.0635557e-01 -7.4320108e-01 -3.1559741e-01
  -3.9852399e-01 -5.0301802e-01 -2.9472998e-01 -5.5640316e-01
  -3.9442101e-01  1.7744637e+00  7.2365725e-01 -3.3747488e-01
  -2.1349132e-01 -3.7190157e-01 -2.7838156e-01 -2.6939645e-01
   5.9887660e-01 -4.1124368e-01 -3.7078148e-01 -5.3323841e-01
  -3.2910031e-01 -6.3060004e-01 -4.2985114e-01  9.7578311e-01
  -1.8212853e-02  4.8287088e-01 -3.6296222e-01  1.7558050e-01
  -2.3726177e-01  5.2344072e-01 -8.2924321e-02 -3.7352866e-01
  -1.7198464e-01  1.0916417e+00 -1.0513275e-01 -3.7301448e-01]]