[[ 1.4852972   1.0068809   0.17304151 -0.14628816 -0.56943977 -0.7635357
  -0.8391514  -0.35642645 -0.1000829  -0.19728929 -0.46384773 -0.87202793
   0.08134238 -0.23735671 -0.5281974   0.12970284 -0.13525222  0.3225909
  -0.18416038  1.4161744   0.81454813 -0.51230615 -0.5104162  -0.5908448
   0.37146536 -0.3516897  -0.4145109  -0.15585878 -0.34208775 -0.66779995
  -0.06765179 -0.5586667   0.2987942  -0.3162478  -0.4073089  -0.35501978
  -0.01894462  0.4785785  -0.74737215 -0.5288886  -0.45570382 -0.31696227
  -0.402041    0.39651138  2.4387648   0.87055945 -0.37837523 -0.39419562
   0.05189086 -0.03330855  1.1301227   3.0238428   0.10854854 -0.28705218
  -0.593167   -0.6314826  -0.7728951   0.09087621 -0.35911843  0.24497403
  -0.19927913 -0.27774793  0.36077148 -0.25391656 -0.38929695 -0.59228253
  -0.8107883  -0.35154375 -0.38364637 -0.66259587 -0.16789742 -0.542106
  -0.32079166  2.4233692   0.96707994 -0.24726665  0.00374869 -0.38100544
  -0.15765479 -0.14135143  0.7582969  -0.28287014 -0.39942476 -0.60309607
  -0.24816881 -0.7247225  -0.38582167  1.3887138   0.3352919   1.0503328
  -0.37273592  0.3992435  -0.07811287  0.8527799  -0.26098788 -0.3209523
  -0.15896536  1.3844372   0.25169432 -0.28848287]]