[[ 1.1977973   0.9441216   0.40679103 -0.16698311 -0.61014456 -0.81196934
  -0.86818606 -0.26938596 -0.04486107 -0.24501656 -0.5391353  -0.9683305
   0.09365402 -0.22151679 -0.5533864   0.49321496 -0.50517726  0.47003263
  -0.22673213  1.371128    1.4662969  -0.4454938  -0.53717    -0.6059248
   0.17199177 -0.32322735 -0.285691   -0.4186754  -0.3261995  -0.75329304
  -0.31160086 -0.5837458   0.31911635 -0.12424934 -0.517932   -0.31033647
   0.16289453  0.372442   -0.9060022  -0.521112   -0.51320726  0.02305343
  -0.43639842  1.0959711   2.4161148   0.41646805 -0.16355635 -0.11026643
   0.27600753  0.13770294  0.84342927  2.8385859   0.19441305  0.04154927
  -0.67499125 -0.7619274  -0.70305896  0.15187766 -0.3311791   0.4625453
  -0.21052018 -0.26762107  0.21954674 -0.30207333 -0.4394237  -0.5708526
  -0.90302855 -0.43731415 -0.39773035 -0.64327323  0.2995385  -0.59287494
  -0.38908616  2.059779    0.9422339  -0.4998819  -0.05566956 -0.48671067
  -0.24771315 -0.1445392   0.7474497  -0.3199501  -0.5038393  -0.6016832
  -0.42859992 -0.80459267 -0.36489242  1.3104093   0.6509179   1.0477904
  -0.4719487   0.53194463 -0.16224147  0.42242798 -0.02515606 -0.36531514
  -0.04447759  1.3102554  -0.25965288 -0.22497128]]