[[ 1.0509461   1.3390845   0.50800437 -0.00491707 -0.6739071  -0.8524965
  -0.97240126 -0.41653723 -0.12521122 -0.24466328 -0.5796724  -0.96069056
   0.13979599 -0.21660565 -0.60874975  0.6062272  -0.56239057  0.20408851
  -0.26000255  1.4194667   1.7965136  -0.46168792 -0.5381929  -0.613016
   0.04424479 -0.4731784  -0.4230453  -0.44207135 -0.36410108 -0.7283207
  -0.3559076  -0.64300686  0.22566421 -0.01780436 -0.17691831 -0.3445387
   0.07713176  0.15958582 -0.8914868  -0.5417536  -0.53329515 -0.38109756
  -0.4445209   1.2605498   2.28612     0.3904015  -0.3747369  -0.4861176
  -0.0854218   0.0356428   0.763033    3.0207713   0.23979685 -0.28067845
  -0.65596586 -0.75960696 -0.94251555  0.06170716 -0.35550544  0.35029534
  -0.26280692 -0.2617839   0.28358084 -0.25799233 -0.49064195 -0.65105224
  -0.86565363 -0.39844975 -0.39183557 -0.7505618   0.0312607  -0.5518452
  -0.3636133   2.141491    1.2629268  -0.5400715  -0.0388542  -0.5141246
   0.17962964 -0.04979822  0.7456696  -0.32943362 -0.45394573 -0.60254836
  -0.30308688 -0.806267   -0.41964698  1.3153906   0.35686246  1.0737826
  -0.45946732  0.60341734 -0.21057406  0.30352882  0.17515534 -0.402839
   0.13678972  1.3125011  -0.19529876 -0.40716666]]