[[ 0.9007419   0.64413667  1.0044259  -0.0256664  -0.781414   -0.89272785
  -0.7320221  -0.35359234 -0.08397033 -0.37550062 -0.56927603 -1.0328629
   0.23906557 -0.25461966 -0.60968626  1.4297099  -0.6370884   0.3309112
  -0.3928158   1.0731901   2.493888   -0.4388488  -0.6829187  -0.56478775
  -0.07014947 -0.44140273 -0.38108644 -0.16809875 -0.40409553 -0.65971255
  -0.4604312  -0.7618762   0.19028814  0.3689468  -0.37000778 -0.33470058
   0.18340813  0.14685136 -0.90220594 -0.57969826 -0.5643325  -0.32745445
  -0.4798854   2.2501364   1.5527099   0.54886734 -0.3928085  -0.48215356
  -0.01188453  0.0409203   0.82593524  2.1961749   0.26088354 -0.24935468
  -0.69932806 -0.8550657  -1.0190005  -0.00605192 -0.3660172   0.44081417
  -0.2534755  -0.3268224   0.1411045  -0.39110696 -0.53441894 -0.61371493
  -0.865844   -0.3868311  -0.4408961  -0.6837811   0.6156057  -0.57059973
  -0.43902478  1.3864924   1.3295152  -0.419406   -0.38346463 -0.60107064
  -0.02196348  0.03567708  0.4717452  -0.25418288 -0.5503388  -0.6750644
  -0.4411945  -0.82983994 -0.45598438  0.777449    0.14319749  0.8943677
  -0.5621737   0.6033194  -0.15584992  0.6529031   0.22509238 -0.40511495
  -0.11568536  1.0721183  -0.04677489 -0.48051167]]