[[ 0.34512708  0.70155597  0.17054377 -0.55996674 -0.67254496 -1.1948938
  -0.8219127  -0.8653216  -0.454259    0.06499277 -0.4984494  -1.0742139
   1.3308263  -0.28049994 -0.52248067  1.6744702  -0.34687808  0.7943473
  -0.44917932  0.4871965   2.5333033  -0.61916065 -0.8560767  -0.7487724
  -0.02006364 -0.57083416 -0.40033245  0.4568944  -0.4547332  -0.5797304
  -0.3397627  -0.43309063 -0.26846159 -0.48171854 -0.38249645 -0.45002565
   0.32504672  0.08471215 -0.6503318  -0.873435   -0.6530625  -0.36064243
  -0.31230545  0.5404997   0.8871473   0.4012643  -0.32505673 -0.17530489
  -0.42464992  0.63584775  0.92516863  1.3755096  -0.09124424 -0.5167502
  -0.14997554 -0.61292213 -1.1549975  -0.18679047 -0.34896046 -0.20359848
  -0.23628542 -0.37853044  0.15824914 -0.42849773 -0.5999058  -0.62298447
  -0.5494477  -0.57631236 -0.33533284 -0.7625068   1.2862695  -0.719613
  -0.41907918  0.7385513   1.1179489   0.133621   -0.39522305 -0.55459833
  -0.305332    0.03832506  0.08199693  0.26426488 -0.44577903 -0.68135947
  -0.5542767  -0.77710736 -0.3717887   0.39504158  0.07697046 -0.03798723
  -0.67537737  0.0901117  -0.11682683  1.9740456  -0.12808923 -0.37267584
   0.3424713   0.4623122   0.3058564  -0.60999155]]