[[ 0.80019623  0.87988675  0.66607374 -0.19630846 -0.68305904 -0.8716044
  -0.87850046 -0.48838207 -0.17288977 -0.23801921 -0.5009398  -0.9882762
   0.30213252 -0.25467503 -0.6275267   0.8758456  -0.31506658  0.618998
  -0.40144026  0.8337964   2.4908636  -0.50018394 -0.8151993  -0.5940988
   0.27253413 -0.6810625  -0.30396137  0.18383895 -0.3988877  -0.60988617
  -0.02152135 -0.2532862   0.01324947  0.06322898 -0.28842884 -0.4206605
   0.03718041  0.20360708 -0.81540996 -0.62820995 -0.5072249  -0.22782172
  -0.3596862   1.6447664   1.5147558   0.7859286  -0.42846242 -0.15872677
  -0.29881784 -0.06110801  1.3876749   1.9137818  -0.0142887  -0.14988655
  -0.40161112 -0.64106524 -0.9711549   0.09570843 -0.2976615   0.20963123
  -0.19245128 -0.36551762  0.13631816 -0.43250987 -0.4706843  -0.61471146
  -0.84127694 -0.46952227 -0.41795933 -0.5906912   0.62860465 -0.64042413
  -0.4418707   1.3734833   1.127956   -0.25549713 -0.4023549  -0.3658095
  -0.15796587  0.01657776  0.23668878 -0.35522014 -0.46381703 -0.72645074
  -0.65028745 -0.7772923  -0.4692397   0.81278384 -0.22703907  0.42687452
  -0.60171324  0.51529646 -0.07897994  1.3142623   0.36210275 -0.39303154
  -0.00617972  0.84590435  0.20446686 -0.5282325 ]]