[[ 0.9314766   0.66257405  0.53397566 -0.1891508  -0.6066983  -0.7852256
  -0.7620758  -0.40039966 -0.05268504 -0.30725387 -0.40973973 -0.95308787
   0.5856554  -0.25619242 -0.41346785  0.8379728  -0.46895334  0.5388727
  -0.24313743  0.889566    2.022157   -0.49568698 -0.5771837  -0.5981554
   0.2763457  -0.4016612  -0.37051734 -0.01494161 -0.25055498 -0.6558318
  -0.286245   -0.41226888  0.19642195 -0.08178702 -0.33875915 -0.3018847
   0.34453887  0.24161641 -0.838068   -0.62533677 -0.52107763  0.01799314
  -0.43399617  1.2732382   1.6060426   0.43053377 -0.27693105 -0.19094011
  -0.03691747  0.22460502  0.924045    1.8815882   0.25076017  0.01137635
  -0.04697851 -0.43960235 -0.76783186  0.20067404 -0.11869442  0.36284012
  -0.20709206 -0.26770726  0.11743847 -0.33390474 -0.46261388 -0.5303111
  -0.79957575 -0.3681168  -0.38655743 -0.61003506  0.43934384 -0.5778403
  -0.39421     1.3978062   1.1261909  -0.41412514 -0.2468389  -0.5347526
  -0.13849902 -0.1288152   0.49835148 -0.11913943 -0.467248   -0.60539776
  -0.51503366 -0.75275636 -0.44397068  0.8790807   0.03736241  0.6411739
  -0.46104938  0.40014452 -0.17059316  0.71629286  0.34633994 -0.33341336
   0.12078894  0.958491   -0.13516    -0.40814754]]