[[ 1.5398751   0.66290087  0.319808   -0.02440414 -0.5734213  -0.7207084
  -0.8691077  -0.40043712 -0.22113812  0.02261926 -0.4767763  -0.82517594
   0.42854097 -0.23202898 -0.5178239   0.20512034  0.03426087  1.4560454
  -0.14722903  1.2742652   0.3789855  -0.5485851  -0.2952932  -0.5927849
   0.63801235 -0.27783528 -0.3352213  -0.44910285 -0.32789612 -0.60544866
   0.1475296  -0.5014292   0.08728421 -0.36161244 -0.42512956 -0.2176106
   0.62649584  0.1792782  -0.82449114 -0.56030506 -0.43453842 -0.39197066
  -0.46995696  1.0237987   1.8108299   1.4109384  -0.31319937 -0.55618864
  -0.3756016   0.33103588  1.5294001   2.7531052   0.4057076  -0.21201026
  -0.6476213  -0.6375748  -0.7240542   0.21945612 -0.38089186  0.32893097
  -0.26526228 -0.2844244   0.26496005 -0.18928821 -0.3880295  -0.44051602
  -0.7497404  -0.389274   -0.47562924 -0.7439685  -0.4351578  -0.56244344
  -0.34866613  1.9777379   0.75180113 -0.537413    0.01119019 -0.38095778
  -0.28082675 -0.25955087  0.78522485 -0.2775431  -0.3548695  -0.64204884
  -0.31803447 -0.6992339  -0.4646911   1.1117356   0.11763063  1.190759
  -0.3027325   0.32383758 -0.14003575  0.8446334  -0.36468115 -0.32466155
  -0.11137546  1.3306473   0.15532717 -0.34568214]]