[[ 1.3875473   0.9326988   0.31612292 -0.1492654  -0.66702837 -0.9293649
  -0.8899207  -0.58423585 -0.27453336 -0.10442916 -0.52088493 -0.9119462
   0.51723516 -0.22212781 -0.5299649   0.59915423 -0.11941887  0.6892503
  -0.29451135  1.4296219   1.3935953  -0.5439906  -0.5877473  -0.71028984
   0.3470927  -0.4258035  -0.40948504  0.06861901 -0.41635773 -0.621578
  -0.09233286 -0.58283234  0.2043133  -0.20936087 -0.3269855  -0.31833154
   0.26422018  0.13027143 -0.7704734  -0.6040158  -0.5170353  -0.42807162
  -0.34685346  0.65648246  2.2958553   1.1354252  -0.4485369  -0.44068098
  -0.3218723   0.24452601  1.312882    3.0285575   0.22656812 -0.3122095
  -0.53626686 -0.686768   -1.0044713   0.02140532 -0.38178656  0.16789721
  -0.27094406 -0.3246744   0.41015154 -0.2905786  -0.4675837  -0.5946585
  -0.794911   -0.40225723 -0.3784814  -0.7329812   0.34740785 -0.56280476
  -0.34974125  2.390504    1.3303986  -0.1860316  -0.08344325 -0.4143008
  -0.07103932 -0.06261329  0.8142309  -0.1689921  -0.41584    -0.652844
  -0.32928443 -0.7168684  -0.4111204   1.3636576   0.0082721   0.86036277
  -0.43117324  0.48294398  0.04810527  1.3816772  -0.15964891 -0.3412774
   0.00318769  1.3648235   0.4686426  -0.52365965]]