[[ 0.8349208   1.0048368   0.41573858 -0.24222222 -0.65874577 -0.983397
  -0.9439526  -0.57150036 -0.21189144 -0.16521381 -0.51159    -1.113322
   0.6234707  -0.28237805 -0.7126096   0.92014396 -0.44282216  0.8759199
  -0.3505999   0.5635675   2.549036   -0.5890791  -0.7660296  -0.63019073
   0.32692033 -0.72880095 -0.06286757 -0.07512732 -0.33011228 -0.77406883
  -0.03738748  0.12000132 -0.1167585  -0.21927868 -0.3590311  -0.4230172
   0.09403791  0.4753559  -0.9853577  -0.7315626  -0.5600168  -0.22966743
  -0.4579084   1.8971761   1.2982341   0.45129788 -0.35060123  0.18844713
  -0.26310238  0.20549999  1.6492804   1.5997945   0.01929053 -0.12691925
  -0.3634065  -0.62998474 -0.8368146   0.7236926  -0.33729184  0.39262322
  -0.12906474 -0.3901288  -0.07643607 -0.46384856 -0.49274358 -0.616771
  -0.8489376  -0.5784476  -0.41949266 -0.68109846  0.33258408 -0.79487586
  -0.48956195  1.0973521   0.7819252  -0.2703431  -0.39342675 -0.5047321
  -0.22864537  0.00630769  0.1682111  -0.23947231 -0.4602307  -0.7035183
  -0.5935055  -0.9117204  -0.4745411   0.62264293  0.07762153  0.73162293
  -0.6466735   0.25734183 -0.36608726  1.1252272   0.35798422 -0.44275197
   0.10553946  0.78330797 -0.25446093 -0.5098201 ]]