[[ 5.8537728e-01  1.1993650e+00  2.4891742e-02 -2.3149101e-01
  -6.1214620e-01 -1.0502180e+00 -1.0606290e+00 -6.5643013e-01
   4.0401302e-02 -1.5082312e-01 -5.2677655e-01 -9.9466610e-01
   2.1831885e-01 -2.5457948e-01 -4.8509592e-01  4.5508748e-01
  -6.0892564e-01  5.7186347e-01 -4.7711682e-01  8.3952153e-01
   2.4508505e+00 -6.4585185e-01 -8.1117344e-01 -6.9843930e-01
   1.8787421e-01 -5.6298232e-01 -4.1197646e-01  3.0622554e-01
  -4.9360925e-01 -8.5105836e-01 -3.8587648e-01 -2.5604868e-01
  -6.8397962e-02 -5.6948328e-01 -2.6050910e-01 -5.5977172e-01
   2.3477863e-01  8.1677896e-01 -8.7240404e-01 -7.4222308e-01
  -6.1031336e-01  1.6797915e-01 -4.5257512e-01  9.4120078e-02
   2.0230920e+00  1.4638345e-01  2.1831426e-01 -1.8308035e-01
   8.2751967e-02  3.5877146e-02  1.1285759e+00  1.8915615e+00
  -2.0595935e-01 -3.2058352e-01  5.9258038e-01 -1.6016462e-01
  -6.9849503e-01  2.4705184e-01  5.5498086e-02  3.2056011e-02
  -2.0171450e-01 -1.8789186e-01  3.6272548e-02 -2.7524203e-01
  -4.9485201e-01 -8.1346887e-01 -9.2849368e-01 -5.7329303e-01
  -2.6838762e-01 -7.4085379e-01  4.0137461e-01 -7.1543467e-01
  -4.5194465e-01  1.3248059e+00  1.0308951e+00 -2.9154075e-04
  -4.7139108e-01 -3.6347166e-01 -1.8960644e-02 -7.1771145e-02
   2.4152097e-01 -1.3620964e-01 -3.6378548e-01 -6.0555005e-01
  -4.3673381e-01 -9.2218268e-01 -4.3392006e-01  6.2107527e-01
   8.5629416e-01  5.8103120e-01 -6.6884607e-01  7.6650858e-02
  -2.7493566e-01  1.0977221e+00  3.5209566e-01 -3.7928310e-01
   1.6534024e-01  6.3326949e-01 -1.0435504e-01 -3.2527772e-01]]