[[ 1.2376776   0.5535842   0.05545468 -0.21959615 -0.5533633  -0.7269289
  -0.79190284 -0.3069837  -0.26560035 -0.15631238 -0.44752094 -0.9509883
   0.39717856 -0.3156412  -0.6364375   0.06952306  0.31753206  1.3697737
  -0.12694058  0.9262149   0.6911653  -0.5714345  -0.4931087  -0.5660152
   0.6798604  -0.37479782  0.10055509 -0.26834822 -0.32177576 -0.6159282
   0.3480364   0.154058    0.1595151  -0.4294789  -0.40369433 -0.09262895
   0.34945926  0.69140446 -0.8402765  -0.6283086  -0.42053694 -0.3381082
  -0.46536002  1.2921947   1.4023107   1.5321693  -0.4042796  -0.23315552
  -0.05900314  0.14333656  2.2792475   2.258135    0.01616935 -0.2086523
  -0.70233023 -0.6247711  -0.68206865  0.50258106 -0.47436878  0.07476302
  -0.17102474 -0.39065424  0.11340187 -0.45829022 -0.38553596 -0.28332472
  -0.78148276 -0.55059    -0.46946937 -0.57698053 -0.39874393 -0.6583786
  -0.40186515  1.629319    0.31029445 -0.4811072  -0.17143981 -0.36419564
  -0.31940904 -0.15940261  0.5212179  -0.35972166 -0.38018325 -0.6437646
  -0.42779565 -0.73111016 -0.46339068  0.6107844   0.22126314  0.6631042
  -0.35309538  0.1059171  -0.28818068  1.2147427  -0.4187451  -0.32294232
  -0.18042803  1.0146642   0.28625208 -0.30530038]]