[[ 0.799194    0.7509568   0.56303376 -0.2746656  -0.66531456 -0.9212126
  -0.878989   -0.5076367  -0.12320406 -0.267056   -0.42944643 -1.0615802
   0.42144233 -0.2724013  -0.62303895  0.8450434  -0.3926382   0.58570564
  -0.3911181   0.7593117   2.9027696  -0.49537426 -0.8865959  -0.65706784
   0.10628569 -0.65531313 -0.380502    0.25384346 -0.35712016 -0.655703
  -0.18738745 -0.3507252   0.03300451 -0.08227858 -0.30472976 -0.48227084
   0.05750868  0.54457325 -0.8462529  -0.70212555 -0.56418616  0.05309565
  -0.38305482  1.2919647   1.6534654   0.75322336 -0.30590907 -0.20023546
   0.0224877  -0.10172213  1.7282974   1.8342397  -0.06538812  0.04573899
  -0.08091719 -0.5248688  -0.92262965  0.13815469 -0.22844893  0.28169918
  -0.2196812  -0.3340827   0.12013497 -0.4565204  -0.50253636 -0.6426105
  -0.91999716 -0.53117484 -0.3982614  -0.61310005  0.8385797  -0.6847274
  -0.4560881   1.2293305   1.0427097  -0.17138135 -0.5319131  -0.36893308
  -0.16371332 -0.06181267  0.14178254 -0.3442095  -0.50077593 -0.746568
  -0.6362154  -0.8333068  -0.47131804  0.68005097  0.10246296  0.3933301
  -0.6587231   0.36643383 -0.15653461  1.5277628   0.31704494 -0.38325122
   0.04550207  0.7242796   0.21772589 -0.4731846 ]]