[[ 0.7363652   0.6294897   0.18526806 -0.10411508 -0.48481748 -0.71949345
  -0.7339623  -0.27552268 -0.23765218 -0.32947367 -0.3309809  -0.94402266
   0.6702293  -0.33226067 -0.6478296  -0.18265632 -0.21689053  0.6076566
  -0.07941918  0.95651543  1.1635317  -0.5157732  -0.5719454  -0.61169463
   0.16309644 -0.4845291   0.20108783 -0.26646456 -0.21839885 -0.6647789
   0.00250433  0.43120337  0.25342152 -0.42893314 -0.507581   -0.16223416
   0.00386027  0.59301966 -0.86875564 -0.5371265  -0.46359637 -0.13257003
  -0.44020718  1.1840934   2.0101123   0.40563327 -0.3832103   0.12450197
   0.19464128 -0.05184611  1.742932    2.326568    0.22596298  0.25780308
  -0.6892971  -0.6377293  -0.6168371   0.91734886 -0.4251402   0.46734142
  -0.1635075  -0.36608383  0.00335322 -0.26132047 -0.3694025  -0.2764091
  -0.84303916 -0.44166362 -0.4209242  -0.46971986 -0.1086566  -0.66052675
  -0.44437763  1.6082389   0.44184104 -0.29002255 -0.23463468 -0.3552726
  -0.3281148  -0.20516752  0.5291714  -0.4711281  -0.41475073 -0.55674577
  -0.44751585 -0.7184619  -0.40973502  0.79508996  0.23521794  0.49527258
  -0.42531717  0.15306124 -0.25325477  0.6081422  -0.19168216 -0.37755483
  -0.1294936   1.0400329  -0.12678598 -0.27930197]]