[[ 0.71571887  1.0862771   0.5488726  -0.2581363  -0.6505753  -0.87122023
  -0.8950166  -0.4365764  -0.15771197 -0.30804828 -0.5307947  -1.1116191
   0.38571784 -0.27648142 -0.69834334  0.85136455 -0.17573924  0.72648674
  -0.35508987  0.48892012  2.4603825  -0.5545498  -0.66307354 -0.55469525
   0.6410378  -0.74662715 -0.14676592  0.10880906 -0.39463946 -0.70624894
   0.18195309  0.22333711 -0.06861703 -0.08522099 -0.35565868 -0.45098025
  -0.09630874  0.52340937 -0.9509305  -0.7074418  -0.48785824 -0.14104778
  -0.383933    1.922451    1.2785826   0.72653836 -0.45689875  0.16129413
  -0.17640865 -0.11200242  1.6701523   1.5551778  -0.16383858 -0.15066487
  -0.21610641 -0.5119723  -0.8368606   0.22015941 -0.33377218  0.12793596
   0.0667693  -0.36412546 -0.10574275 -0.39096737 -0.4957889  -0.5359891
  -0.81600463 -0.58841425 -0.4370223  -0.59115016  0.29488268 -0.7465009
  -0.5078622   1.3468359   0.83184516 -0.51857567 -0.22749637 -0.4665089
  -0.269159    0.10146643  0.3678417  -0.39268348 -0.44837728 -0.6914357
  -0.6569843  -0.84635967 -0.49695683  0.51758933 -0.02010636  0.07725353
  -0.6201316   0.41905057 -0.354778    1.0090823   0.6198823  -0.42716753
  -0.05782053  0.6485839  -0.16158496 -0.5001196 ]]