[[ 0.75124073  0.6935222   0.7923268  -0.17021622 -0.6947576  -0.92236376
  -0.7485157  -0.4539254   0.00890102 -0.39013118 -0.4042967  -1.1078416
   0.63969177 -0.29452834 -0.5787972   1.123469   -0.5845813   0.39192164
  -0.40449193  0.5040855   3.17547    -0.49041912 -0.90446216 -0.6244877
   0.0959893  -0.59829235 -0.33263066  0.18409908 -0.3409069  -0.72505987
  -0.4323916  -0.3119709   0.10232417 -0.00626499 -0.30738682 -0.45909902
   0.12168425  0.6579811  -0.92741865 -0.7019975  -0.5825533   0.23324405
  -0.45641536  1.6871878   1.4013375   0.40317735 -0.1668056  -0.12300908
   0.28125274 -0.11475389  1.5026115   1.2625586   0.15123008  0.22212869
   0.09164324 -0.47578406 -0.85549575  0.3712397  -0.08807575  0.5534545
  -0.23523378 -0.30498314 -0.08301465 -0.3558063  -0.520324   -0.64433026
  -0.9277034  -0.412388   -0.3856642  -0.59084964  0.83894116 -0.6932536
  -0.49421433  0.947319    1.107541   -0.29647502 -0.7621954  -0.56847024
  -0.11985178 -0.07682684 -0.04221935 -0.23716468 -0.556926   -0.70873547
  -0.6171852  -0.8708219  -0.47474486  0.3328374   0.25930545  0.29563576
  -0.68933     0.28098837 -0.36411494  0.9680052   0.5941971  -0.3650692
   0.10128293  0.6839566  -0.18346071 -0.40724736]]