[[ 0.5370113   0.5781848   0.40051252 -0.18527165 -0.50340396 -0.73712075
  -0.7306067  -0.36759108 -0.15095282 -0.36448506 -0.29016012 -0.9686565
   0.7196382  -0.28288847 -0.57212496  0.40987083 -0.36946467  0.45725474
  -0.13684298  0.5487571   1.9024495  -0.49639162 -0.62105775 -0.55660677
   0.09946182 -0.5253089  -0.13373394 -0.12066501 -0.17275241 -0.64297473
  -0.19252723  0.09992196  0.039323   -0.22070792 -0.37335798 -0.30062544
  -0.03697766  0.44469658 -0.8418504  -0.6011074  -0.4916909  -0.06249779
  -0.43574867  1.2479529   1.4659028   0.13429622 -0.40612632  0.01820623
   0.04968812 -0.0346351   1.2799348   1.6028595   0.1304799   0.1787886
  -0.27452275 -0.47082874 -0.6576623   0.5580279  -0.25942072  0.36345112
  -0.1563449  -0.32421532 -0.11909816 -0.3265689  -0.42424202 -0.41036475
  -0.81931496 -0.44036946 -0.4088012  -0.548031    0.15883335 -0.6060496
  -0.44131085  1.161333    0.6633141  -0.38706484 -0.2834147  -0.46965995
  -0.20697957 -0.22869489  0.3112077  -0.41811684 -0.43511748 -0.5688034
  -0.47360733 -0.7177287  -0.45833847  0.64350736  0.03658173  0.3015218
  -0.4710766   0.21095075 -0.3266755   0.53842884  0.20175901 -0.40011334
   0.03890298  0.7359475  -0.34154704 -0.38039023]]