[[ 0.99506414  0.55221075  0.6135123  -0.1948898  -0.67235065 -0.8447522
  -0.7473172  -0.38918507 -0.12122754 -0.3229121  -0.46264726 -1.0141287
   0.40491042 -0.27216285 -0.5546806   0.8959523  -0.16559523  0.6271597
  -0.29739925  0.61121464  2.2939572  -0.4705394  -0.75223774 -0.546926
   0.32173073 -0.56831694 -0.39343497 -0.00865065 -0.30994117 -0.6386312
  -0.20020235 -0.2456942   0.09784138  0.10917807 -0.31277925 -0.37093595
  -0.01046036  0.39179143 -0.8539103  -0.58077514 -0.52478415 -0.03947129
  -0.39891204  1.4826019   1.4906017   0.79232496 -0.29477948 -0.35610372
  -0.11399512 -0.05669814  1.4228809   1.6223449  -0.011693    0.08656314
  -0.46677807 -0.7070979  -0.8780826   0.23891039 -0.16718514  0.24496923
  -0.20344068 -0.39859718  0.00390256 -0.3747955  -0.4537409  -0.533271
  -0.8456988  -0.4456311  -0.38824108 -0.5625701   0.55317855 -0.6323023
  -0.46321166  1.4357655   0.9806206  -0.30176717 -0.3988092  -0.43801275
  -0.19363269 -0.17253123  0.2965356  -0.3747623  -0.48328245 -0.61465967
  -0.61205757 -0.7571134  -0.46418595  0.68677664 -0.19384652  0.33893782
  -0.5417087   0.41690204 -0.29124466  1.0602515   0.25745696 -0.3732132
   0.02309067  0.85841715 -0.07203259 -0.46685097]]