[[ 0.9349399   0.6061401   0.78798425 -0.2413412  -0.66549283 -0.91491187
  -0.8108047  -0.42766064 -0.11651739 -0.21952967 -0.53725135 -1.0059061
   0.23313552 -0.23909444 -0.67131346  1.1663734  -0.19191037  0.715714
  -0.47200593  1.0165381   2.3159878  -0.4998031  -0.7966854  -0.6407194
   0.2189143  -0.6149763  -0.4069188   0.24950853 -0.45665348 -0.5666868
  -0.11168709 -0.611571    0.06012853  0.1488352  -0.43276486 -0.45230708
   0.1554642   0.22814932 -0.8336992  -0.6711505  -0.50284666 -0.19894078
  -0.36368576  1.6370319   1.6434702   1.3093957  -0.47245145 -0.23810445
  -0.26945418  0.02770633  1.713032    2.2609115   0.02937564 -0.22614352
  -0.3468235  -0.577409   -0.94467664  0.01626514 -0.3704528   0.3493716
  -0.04190664 -0.37981537  0.11204591 -0.46743336 -0.48655578 -0.59512764
  -0.91385806 -0.5263038  -0.4492933  -0.6019171   0.7236605  -0.64949703
  -0.44586027  1.4904863   1.110092   -0.30185416 -0.3356673  -0.3943441
  -0.3072172   0.06082525  0.28412357 -0.3339275  -0.5157664  -0.78358364
  -0.6695697  -0.76957345 -0.49219143  0.8269779  -0.20880504  0.648176
  -0.59161997  0.51882416 -0.07459188  1.7551155   0.26524323 -0.3942152
  -0.09047376  0.9547702   0.44925052 -0.5588215 ]]