[[ 1.27951491e+00  3.55259150e-01  5.68648458e-01 -1.33532375e-01
  -7.10319340e-01 -9.36970115e-01 -7.89441347e-01 -4.37108696e-01
  -2.48119175e-01 -2.67991543e-01 -5.16571701e-01 -1.09748411e+00
   4.36665297e-01 -3.03185821e-01 -6.18409812e-01  8.77701640e-01
  -3.81936282e-02  1.12404490e+00 -3.63228917e-01  5.19984841e-01
   2.59325266e+00 -4.63892549e-01 -8.33375573e-01 -6.28598213e-01
   4.53523338e-01 -5.88111341e-01 -3.27298969e-01  3.83084118e-02
  -3.59108806e-01 -6.83259606e-01 -1.06505103e-01 -2.41273016e-01
   1.60175532e-01  1.80782527e-02 -3.14049453e-01 -3.32917750e-01
   4.13830906e-01  4.50855702e-01 -8.73675406e-01 -6.39086545e-01
  -5.86766839e-01  9.10256729e-02 -4.11439359e-01  1.69925249e+00
   1.09613013e+00  1.41108561e+00 -3.10734332e-01 -1.12966545e-01
   2.37055775e-02 -1.55868754e-03  2.32082677e+00  1.23142588e+00
   2.88774390e-02  3.77008468e-01 -7.49049127e-01 -9.20537949e-01
  -9.47199762e-01  3.17539126e-01 -2.85287172e-01  3.58374357e-01
  -2.53882080e-01 -3.71240467e-01 -4.87925671e-02 -4.62942094e-01
  -4.86669689e-01 -5.86159408e-01 -9.53510284e-01 -5.05736530e-01
  -4.25949395e-01 -5.54953992e-01  9.91391838e-01 -7.06057489e-01
  -5.40442407e-01  1.14245975e+00  8.82758856e-01 -1.76541731e-01
  -5.66046417e-01 -4.18081433e-01 -2.76344121e-01 -1.57071561e-01
   5.43604493e-02 -4.07770157e-01 -5.39114892e-01 -6.75755560e-01
  -6.84113324e-01 -8.24447453e-01 -4.89374101e-01  3.69241744e-01
  -8.27156454e-02  2.77544647e-01 -6.13099277e-01  3.51161867e-01
  -1.95277959e-01  1.62750614e+00  1.99073061e-01 -3.54778647e-01
   1.20304160e-01  7.75575757e-01  1.60149932e-01 -5.11575997e-01]]