[[ 1.379132    0.5531527   0.6350045  -0.23105094 -0.7138626  -1.0005612
  -0.77694863 -0.5800987  -0.30295604 -0.05468465 -0.5094788  -0.98356134
   0.7373424  -0.25675887 -0.5888601   1.373978   -0.11730268  0.8905033
  -0.38282692  0.91375345  1.843554   -0.5409739  -0.6542162  -0.6697732
   0.28672498 -0.5103461  -0.36047792  0.11920395 -0.43212157 -0.56696105
  -0.13079837 -0.5550022   0.20518203 -0.09918334 -0.40238762 -0.37334496
   0.3236329   0.08104515 -0.77460235 -0.6934395  -0.5367838  -0.3830323
  -0.38258925  1.441588    1.603828    1.2482554  -0.36949602 -0.45375803
  -0.44188714  0.24815063  1.3318989   2.2919722   0.20819595 -0.28360012
  -0.4984445  -0.7118499  -1.0735759   0.0593936  -0.37947872  0.25510654
  -0.2474122  -0.38512182  0.4021562  -0.29151413 -0.54250354 -0.5740721
  -0.74278057 -0.45344454 -0.42803055 -0.7266181   0.6446355  -0.6433192
  -0.38747537  1.8649739   1.3136531  -0.16452695 -0.32198903 -0.50269324
  -0.29060048 -0.0567586   0.31714714 -0.10937853 -0.48185077 -0.7373136
  -0.56947505 -0.75085974 -0.4578048   0.9296194  -0.20333052  0.6886156
  -0.5488073   0.39387196 -0.16212983  1.6616693  -0.07260771 -0.3714642
   0.02650981  1.2028468   0.5296967  -0.5435321 ]]