[[ 9.44493771e-01  8.21393311e-01  6.49415612e-01 -2.25232065e-01
  -6.34463131e-01 -8.98037553e-01 -9.20071602e-01 -4.61052388e-01
  -1.66115448e-01 -1.84145212e-01 -5.39087474e-01 -9.99822557e-01
   2.44955242e-01 -1.90392897e-01 -7.56848574e-01  9.09015238e-01
  -2.35069051e-01  8.96972060e-01 -4.27239150e-01  1.47458744e+00
   1.87006378e+00 -5.00817597e-01 -6.88087702e-01 -7.09785879e-01
   1.95504010e-01 -6.54033065e-01 -3.95375580e-01  1.15946926e-01
  -4.45204973e-01 -5.50058007e-01 -7.64085576e-02 -6.24615967e-01
   1.03764325e-01  4.51849662e-02 -4.42917585e-01 -4.81906831e-01
   2.41638616e-01  2.28603091e-02 -8.43506455e-01 -6.62355602e-01
  -4.96329606e-01 -3.16557437e-01 -3.36093485e-01  1.48599696e+00
   1.98497391e+00  1.50286102e+00 -5.13478994e-01 -2.12156475e-01
  -4.43956852e-01  1.05597585e-01  1.96920681e+00  3.03725433e+00
   8.31960589e-02 -2.51154721e-01 -4.77866530e-01 -6.10829532e-01
  -8.87746155e-01 -9.28659271e-03 -4.56823856e-01  4.14435178e-01
   1.45546958e-01 -3.52608651e-01  2.07533330e-01 -4.71160859e-01
  -4.72303241e-01 -5.73165536e-01 -9.06188726e-01 -6.00390017e-01
  -4.91448313e-01 -6.24969780e-01  5.46938181e-01 -6.28291786e-01
  -4.47071820e-01  2.02468753e+00  1.15305531e+00 -3.57624203e-01
  -5.08771688e-02 -3.31218153e-01 -2.87781626e-01  2.22699374e-01
   6.03924394e-01 -3.71253431e-01 -4.54974681e-01 -7.76928723e-01
  -6.21804714e-01 -7.53668785e-01 -5.03170073e-01  1.07508612e+00
  -3.05902779e-01  8.75819921e-01 -5.47336936e-01  7.01880991e-01
  -2.92500365e-03  1.64897275e+00  2.18831658e-01 -4.08589333e-01
  -1.02301329e-01  1.12046254e+00  5.02978981e-01 -5.56945980e-01]]