[[ 0.2515415   0.392069    0.25024873 -0.14547433 -0.44789067 -0.78186077
  -0.60848814 -0.2351434  -0.04828291 -0.3873448  -0.33565482 -0.903237
   0.89191556 -0.39233282 -0.5112139   0.42483386 -0.04631634  0.70507616
  -0.17901123  0.45953855  1.293469   -0.6234532  -0.6926533  -0.5523229
   0.43418652 -0.5590947   0.65452045  0.19092387 -0.27726412 -0.67713
   0.2529726   1.1192031   0.02077728 -0.53751874 -0.52083427  0.04805259
  -0.02653322  0.6995151  -0.9140745  -0.64213294 -0.41046953  0.07596647
  -0.46992183  1.8881276   1.6518438   0.10264621 -0.3243879   0.29832345
   0.01886513  0.03642453  1.7188754   1.2665321   0.16145849  0.07097688
   0.44502535  0.12631851 -0.68148535  1.3790936  -0.24252313  0.31873223
  -0.1332258  -0.21185008 -0.34690502 -0.31109902 -0.365841   -0.1504237
  -0.8523366  -0.45026758 -0.37005806 -0.29651055 -0.08332473 -0.73700225
  -0.46932673  0.7935161   0.6459684  -0.2824171  -0.7227213  -0.36667427
  -0.3861924  -0.31272334 -0.03704583 -0.32668296 -0.41852513 -0.61557096
  -0.6405543  -0.767472   -0.4787919   0.4244799  -0.02053506  0.24201384
  -0.4539514  -0.22487272 -0.41503656  0.8867223   0.14148846 -0.4104134
  -0.10278615  0.85148704 -0.47160816 -0.34416872]]