[[ 1.3072767   0.5244354   0.28498107  0.0879792  -0.606385   -0.8309391
  -0.7013143  -0.5787852  -0.06911555 -0.23099752 -0.34657982 -0.9064134
   0.9087064  -0.30425346 -0.43866473  0.2845131  -0.25166237  0.9055087
  -0.24415916  0.8538052   1.5866592  -0.6010932  -0.59691787 -0.656538
   0.39995897 -0.4848424  -0.21735702  0.00980154 -0.28220317 -0.7009924
  -0.07859794 -0.15238595  0.17576478 -0.5007675  -0.26486963 -0.34904182
   0.53249663  0.5920229  -0.8590031  -0.66763014 -0.50713634 -0.05122354
  -0.4906045   0.84270114  1.4625926   0.9943454  -0.25250745 -0.3057641
  -0.06728155  0.13835737  2.1569715   1.5182234   0.46279833  0.11078689
   0.11749723 -0.3344456  -0.6780702   0.8759635  -0.07963286  0.5787694
  -0.276164   -0.18283099  0.10440429 -0.22409222 -0.3992828  -0.46870765
  -0.77101856 -0.28896675 -0.3796338  -0.5964921  -0.01422727 -0.6383248
  -0.44916692  1.3718138   0.9789646  -0.20422079 -0.6000154  -0.4413887
  -0.09983107 -0.20387289  0.29243562 -0.1062071  -0.3375105  -0.6229227
  -0.39043924 -0.7919846  -0.5227287   0.48743662 -0.13214214  0.8793416
  -0.44713536  0.03433502 -0.29051647  1.1934386   0.18280861 -0.3290076
   0.04621412  1.0474217   0.10690128 -0.4378614 ]]