[[ 0.70029926  1.6524947  -0.00581996 -0.01242705 -0.6335231  -0.93305606
  -1.0741292  -0.6254034  -0.07176873 -0.18412745 -0.5756014  -0.85244584
   0.07233644 -0.20919615 -0.6269277   0.08115166 -0.54590046  0.25045753
  -0.39942634  1.3438133   2.0085366  -0.5774085  -0.70236874 -0.69629216
  -0.00928948 -0.56681055 -0.4285021   0.13859624 -0.50217944 -0.7076802
  -0.3822733  -0.5554837   0.08002858 -0.42789617  0.11528112 -0.4739907
   0.21000634  0.24573174 -0.7342331  -0.5951916  -0.54672974 -0.26719576
  -0.39263844  0.09386021  2.189476    0.33754987 -0.2385015  -0.19446112
  -0.12814215 -0.09270307  0.94057006  2.755633   -0.09018244 -0.35876656
  -0.13303548 -0.4128031  -0.7945268  -0.03255118 -0.2726688   0.01574465
  -0.20207857 -0.18761732  0.17280254 -0.35049084 -0.48014823 -0.7510677
  -0.88916147 -0.47519624 -0.34736386 -0.7505457   0.20481683 -0.44812015
  -0.39175904  2.1182253   1.4174443  -0.13153322 -0.24148269 -0.39765307
   0.58164036  0.02031486  0.5593981  -0.3183833  -0.3231841  -0.5919686
  -0.09475665 -0.7675142  -0.4262283   1.1200777   0.45516884  0.7007494
  -0.51135844  0.40478235 -0.02819468  0.7375815   0.24098366 -0.36665064
   0.23856707  0.9917536   0.17531987 -0.39214408]]