[[ 0.7757014   0.9706397   0.6628984  -0.23681648 -0.6620919  -0.9246989
  -0.9555834  -0.44063658 -0.1651227  -0.16850953 -0.58935046 -1.0543611
   0.18191625 -0.23258018 -0.7213285   1.0143627  -0.36147168  0.9260542
  -0.44032413  1.0818181   2.4029698  -0.5323445  -0.7739713  -0.6583686
   0.40791368 -0.7029275  -0.27141127  0.13495459 -0.440162   -0.6518553
   0.05337844 -0.22139196  0.02034911  0.06732262 -0.4587264  -0.45115978
   0.20747642  0.16129813 -0.91947097 -0.6805225  -0.5198069  -0.24194273
  -0.37631577  2.0027542   1.6887887   1.0543011  -0.47134843  0.10343641
  -0.3393345   0.10137058  1.618837    2.3688157  -0.02812753 -0.26900575
  -0.4330247  -0.62338346 -0.93363625  0.08616078 -0.40292597  0.2929851
   0.00288346 -0.37265915  0.0598496  -0.51172537 -0.5086555  -0.6296109
  -0.9275457  -0.5912957  -0.4659503  -0.6251696   0.62959903 -0.7232564
  -0.47534987  1.4662335   1.0781214  -0.3853377  -0.2758409  -0.38777715
  -0.32593617  0.18677376  0.3828779  -0.35705796 -0.48223746 -0.77703875
  -0.71175224 -0.8397303  -0.48607138  0.88431025 -0.16016187  0.69435954
  -0.62362367  0.5918485  -0.05266929  1.439075    0.42918035 -0.4244492
  -0.06267209  0.9375267   0.19356753 -0.5398255 ]]