[[ 0.9960364   1.1716421   0.22322896  0.10114169 -0.55350834 -0.71652323
  -0.89146155 -0.53484446 -0.29894972 -0.23170793 -0.4207264  -0.8207532
   0.8881361  -0.2442307  -0.56856513 -0.17439547 -0.07515281  0.61691177
  -0.09895255  0.87087864  1.4181329  -0.522068   -0.49529934 -0.62737143
   0.22879276 -0.5484966  -0.3959958  -0.19042358 -0.20682155 -0.56849766
  -0.03795672 -0.13042076  0.02766304 -0.39388046  0.14384744 -0.31131813
   0.14729853  0.1422865  -0.72266376 -0.5551809  -0.47064102 -0.41216862
  -0.38302043  0.48023164  1.7430356   0.73345417 -0.5080853  -0.36531478
  -0.44549707  0.01998886  1.616945    2.2097633   0.40613046  0.12213854
  -0.57024    -0.61199665 -0.76506245  0.37555927 -0.3569516   0.37000704
  -0.2852941  -0.35932416  0.11136576 -0.13322128 -0.3959939  -0.4297192
  -0.7157238  -0.2727492  -0.39567983 -0.66884595 -0.21614406 -0.465527
  -0.3927531   1.931691    1.0399355  -0.3525887  -0.19257277 -0.3636639
   0.37283462 -0.25034392  0.5846295  -0.37295783 -0.3046453  -0.55979633
  -0.22563936 -0.6386382  -0.47494456  1.0291269  -0.34191465  0.48693725
  -0.33824813  0.28938857 -0.13630909  0.7493062   0.15791894 -0.34544906
   0.34571555  0.99788374  0.16012174 -0.48468518]]