[[ 0.7266282   0.8723876   0.7118364  -0.12217398 -0.6637063  -0.8782679
  -0.74486846 -0.31695884 -0.01132364 -0.30501667 -0.48066312 -0.9951051
   0.18108365 -0.24638511 -0.6116031   0.7883018  -0.6188234   0.35931858
  -0.359228    1.1226759   2.0347462  -0.47672063 -0.69483733 -0.56761235
  -0.07267037 -0.3502513  -0.24860366 -0.11704034 -0.42146546 -0.72836316
  -0.42381516 -0.64443845  0.12515482  0.06074521 -0.5164984  -0.35974604
   0.1290837   0.509632   -0.86811537 -0.5471524  -0.48765326 -0.23079328
  -0.4588385   1.4167554   1.8051788   0.27115673 -0.2159141  -0.195614
   0.30435663  0.04285106  0.90168184  2.2734237   0.20960112 -0.23886392
  -0.70121586 -0.79983014 -0.7720597   0.12002149 -0.37872523  0.3930805
  -0.18692833 -0.2973794   0.045913   -0.36421308 -0.45916218 -0.6468879
  -0.88469636 -0.43280944 -0.41462138 -0.64089084  0.34758243 -0.61832875
  -0.4408422   1.5075282   0.94858956 -0.28208622 -0.30306542 -0.5238781
  -0.23310183 -0.0371616   0.5207853  -0.32857588 -0.5078987  -0.6354718
  -0.4340943  -0.8156449  -0.3969297   0.8417705   0.7082713   0.77618706
  -0.55803984  0.4663535  -0.08945763  0.46685955  0.10513774 -0.40086862
  -0.15872653  0.97214425 -0.13152967 -0.2904663 ]]