[[ 0.3753211   1.3197135  -0.25336367 -0.32674414 -0.57287514 -0.8862173
  -0.8417014  -0.49292514  0.12024035 -0.2641662  -0.4679306  -0.90554357
  -0.08773918 -0.24812034 -0.4829239   0.2987942  -0.51586056  0.1498878
  -0.3519298   0.9550773   2.130613   -0.59151036 -0.7422474  -0.6001455
   0.03858168 -0.4351607  -0.50768787  0.23910427 -0.43326595 -0.7075036
  -0.40594953 -0.48767453  0.11759224 -0.48843396 -0.05304776 -0.5138856
   0.06105614  0.71490467 -0.71774524 -0.6711712  -0.53443146  0.06241851
  -0.4214585  -0.13870649  1.8834535   0.14103407 -0.15421681 -0.21933368
   0.35271093 -0.09255423  0.7834206   2.0534916  -0.49838856 -0.4984164
   0.48941267 -0.0750595  -0.6671219  -0.25984687 -0.07897849 -0.3245964
  -0.05329212 -0.17958464  0.03860197 -0.5439029  -0.49372146 -0.6966345
  -0.83624    -0.59389526 -0.3260351  -0.6512675   0.23793736 -0.5001541
  -0.39431944  1.5861205   1.116771   -0.12236653 -0.3611358  -0.44723633
   0.33282214 -0.04709949  0.38549522 -0.20274588 -0.3313913  -0.5682633
  -0.1999929  -0.78033024 -0.43305328  0.7364282   0.5636137   0.39686397
  -0.4977762   0.16521464 -0.24437101  0.77055097  0.26967204 -0.34632656
   0.12366614  0.60596013 -0.0442002  -0.18861751]]