[[ 1.3034241   0.7291154   0.39798546  0.21235777 -0.6296014  -0.82107085
  -0.8566114  -0.34220323 -0.03341519 -0.2470413  -0.5064898  -0.89140934
   0.08817683 -0.25640163 -0.624747    0.16305424 -0.5433744   0.39559716
  -0.26643708  1.2648598   1.1934537  -0.5125516  -0.53607714 -0.5960901
   0.08446778 -0.4715431  -0.28467762 -0.41684458 -0.3491975  -0.78627753
  -0.27017632 -0.413377    0.30598688 -0.21967754 -0.5012051  -0.3816981
   0.0903682   0.41802642 -0.8969977  -0.4991387  -0.501988   -0.298293
  -0.48658922  0.8443953   2.275156    0.40151176 -0.19643795 -0.3470297
   0.03233799 -0.03321797  1.1873657   2.693569    0.29569483 -0.06844324
  -0.7077065  -0.73046577 -0.74762744  0.69348407 -0.2896072   0.55128413
  -0.22677214 -0.26298317  0.15559708 -0.17468919 -0.3949107  -0.6446977
  -0.92662585 -0.36429322 -0.37697363 -0.661895   -0.22715755 -0.6256915
  -0.41379032  1.9557823   0.77396715 -0.17341575 -0.23224978 -0.37506965
  -0.2317799  -0.2205858   0.50853676 -0.37307867 -0.4027395  -0.55274373
  -0.30825472 -0.83169305 -0.42786017  1.1487337   0.3483609   1.4431094
  -0.4569378   0.39109418 -0.23904565  0.546066   -0.13614123 -0.42195702
  -0.1607733   1.3501681  -0.2114256  -0.3246656 ]]