[[ 1.2708399   0.5411416   0.3094091   0.06941673 -0.60569507 -0.8464159
  -0.73628837 -0.5889327  -0.03548981 -0.22469491 -0.35802218 -0.90609664
   0.8797742  -0.29315406 -0.41092756  0.30020314 -0.2765723   0.91691124
  -0.27334863  0.8459398   1.6371868  -0.60904473 -0.6190084  -0.6626449
   0.42636716 -0.48076963 -0.2203768   0.07183245 -0.30410826 -0.7182502
  -0.09843594 -0.1541833   0.14658436 -0.5199453  -0.2813393  -0.36709097
   0.5349728   0.6294647  -0.8704936  -0.6849721  -0.5117218   0.04834149
  -0.48782486  0.7767942   1.6032612   0.92358565 -0.13567184 -0.27929887
  -0.09397966  0.15061012  2.0432394   1.5131881   0.46309304  0.115476
   0.2826138  -0.27307564 -0.6508037   0.85530716 -0.01541429  0.5949635
  -0.27970004 -0.18684332  0.10334879 -0.19401972 -0.39964306 -0.50487363
  -0.78248745 -0.29119354 -0.3578023  -0.61156803  0.04371484 -0.6427904
  -0.44756538  1.3642459   0.99604726 -0.22140732 -0.6201459  -0.44692123
  -0.11472367 -0.21009381  0.2683455  -0.07817423 -0.3482889  -0.638837
  -0.41563183 -0.8041247  -0.5119699   0.4962509  -0.02795593  0.8740524
  -0.47069538  0.03418728 -0.30468437  1.2192547   0.239355   -0.32807568
   0.05416067  1.0325973   0.08677953 -0.4096301 ]]