[[ 0.72071004  0.82958764  0.5913086  -0.04043619 -0.58236945 -0.7650617
  -0.79607564 -0.4268631  -0.19724442 -0.32811746 -0.45887136 -0.9722849
   0.68248355 -0.2660474  -0.6125999   0.6493138  -0.21209672  0.6792841
  -0.23206346  0.58857673  2.3057177  -0.47623596 -0.64628655 -0.5444429
   0.09267213 -0.46742797 -0.37135834 -0.14020139 -0.2302986  -0.58832896
  -0.1812979  -0.28270864 -0.01884608  0.01627916 -0.0610809  -0.29248065
   0.20781353  0.3791613  -0.81145215 -0.6370426  -0.50095075 -0.31724054
  -0.42676327  1.3444077   1.0229627   0.63348573 -0.4839115  -0.13489473
  -0.12345397  0.10405736  1.4423927   1.5806035   0.2203111   0.00664474
  -0.64242727 -0.72257066 -0.75107133  0.17232391 -0.38522202  0.3017632
  -0.17028184 -0.39736143 -0.05605582 -0.37380606 -0.46323165 -0.520351
  -0.7916448  -0.3779301  -0.4306386  -0.65942496  0.22711083 -0.49557376
  -0.44235972  1.1717353   0.901731   -0.47493154 -0.22852641 -0.5330112
   0.17880866 -0.1626066   0.3104061  -0.3301881  -0.4843853  -0.62081075
  -0.31408775 -0.712272   -0.4803315   0.66764444  0.04740153  0.28692654
  -0.46204543  0.386555   -0.2179104   0.7786725   0.31112546 -0.37253597
   0.18390079  0.6576257   0.02926518 -0.48829114]]