[[ 0.6907467   0.09040776  1.1290597  -0.2639696  -0.75566965 -0.86555344
  -0.55156857 -0.2738971  -0.07373523 -0.39334804 -0.53053397 -0.9873737
   0.11963978 -0.28552753 -0.59644395  1.6650169  -0.19835725  0.4837544
  -0.4784246   0.30279046  2.642422   -0.42350173 -0.8597438  -0.41648176
   0.0429753  -0.5228974  -0.32527325  0.24220182 -0.46066242 -0.5243861
  -0.24495594 -0.66833425 -0.0331252   0.5230761  -0.45011747 -0.37313303
  -0.02681328  0.20412724 -0.75720483 -0.5802278  -0.4674691  -0.2200016
  -0.39844343  2.3209095   0.6770539   0.8570634  -0.45794702 -0.38480487
  -0.17346765 -0.15354933  1.0640222   0.96875197 -0.1059697  -0.20429555
  -0.67850167 -0.7945873  -0.9585879  -0.15750611 -0.37112916  0.15879554
  -0.13748509 -0.42789477 -0.05818854 -0.51312    -0.46745217 -0.52472353
  -0.7804887  -0.4787392  -0.4592743  -0.50898474  0.90771365 -0.59046704
  -0.48609543  0.7805002   1.0030769  -0.2810452  -0.5582413  -0.49268022
  -0.3556076  -0.03081973  0.03562407 -0.39929134 -0.56609136 -0.71937823
  -0.7592164  -0.72935486 -0.4854066   0.31036916 -0.3033      0.225541
  -0.6060468   0.48831537 -0.17225264  1.3296057   0.28906357 -0.4159141
  -0.18851312  0.6272956   0.19944337 -0.53115743]]