[[ 0.8747722   0.5634696   0.6968262  -0.1739415  -0.6508232  -0.79529065
  -0.71834636 -0.43233508 -0.12755047 -0.33383426 -0.40716663 -0.97468907
   0.5813025  -0.2770739  -0.5741577   0.8917404  -0.11224671  0.5521833
  -0.30102962  0.55485016  2.3137333  -0.4844291  -0.7578613  -0.54770654
   0.2218218  -0.5796267  -0.3911359   0.06098372 -0.2983656  -0.55944324
  -0.09047233 -0.31932715  0.01047726  0.0336023  -0.2391388  -0.39258647
  -0.06733897  0.43240473 -0.8034756  -0.63974917 -0.48310864 -0.15637766
  -0.39209276  1.3521668   1.3291962   0.8694112  -0.43644035 -0.41976094
  -0.18070692 -0.07805125  1.5690126   1.5395796   0.09470247 -0.01435275
  -0.26228806 -0.53942007 -0.89364165  0.16589002 -0.2537187   0.27667826
  -0.17804301 -0.38390672  0.06577606 -0.36291203 -0.45882252 -0.5099732
  -0.78238285 -0.39787927 -0.41332522 -0.5859263   0.39855498 -0.58701164
  -0.43033752  1.3083642   0.9614671  -0.41746154 -0.45572513 -0.4462825
  -0.13530032 -0.1602814   0.18958926 -0.33757895 -0.4868014  -0.68744254
  -0.56640124 -0.7259297  -0.49276122  0.6241572  -0.26504958  0.27438426
  -0.5208488   0.33758682 -0.2913684   1.2538044   0.2812833  -0.3703545
   0.00273246  0.76704156  0.14070842 -0.50997686]]