[[ 0.6647334   0.9679557   0.7527108  -0.09218523 -0.6953419  -0.86466324
  -0.79730606 -0.3250672  -0.03659135 -0.3442543  -0.56068724 -0.9872384
   0.08668541 -0.24566534 -0.62689394  0.9632749  -0.59849465  0.1783596
  -0.37350386  0.94745684  2.2643673  -0.4463855  -0.70034015 -0.5213533
  -0.10912609 -0.46183482 -0.34529582 -0.21783365 -0.4117157  -0.6994525
  -0.45961225 -0.66005003  0.10141522  0.17038378 -0.30556044 -0.3734915
   0.02288976  0.32873398 -0.8540395  -0.5527771  -0.50764453 -0.26007104
  -0.45761722  1.6116028   1.5785041   0.23288274 -0.3013171  -0.33780825
   0.10089722 -0.0561894   0.7350105   2.0573692   0.11257801 -0.23929894
  -0.6821683  -0.79076195 -0.86177576  0.00306059 -0.3622334   0.32312965
  -0.1994377  -0.31115153  0.04000489 -0.363723   -0.47985658 -0.64209586
  -0.8559488  -0.43164054 -0.40852436 -0.6441728   0.35224894 -0.57360405
  -0.43448064  1.4046903   1.0554339  -0.4459528  -0.3094339  -0.5588162
  -0.01734248 -0.02522528  0.3734417  -0.35734224 -0.5083467  -0.62670034
  -0.43500108 -0.8031574  -0.42159313  0.7750932   0.44819668  0.6709055
  -0.5557003   0.5171337  -0.21937868  0.38009953  0.27061677 -0.41341457
  -0.00426173  0.9192475  -0.22151014 -0.36923435]]