[[ 7.4224257e-01  6.0880095e-01  4.3783534e-01 -1.3997747e-01
  -6.2246907e-01 -8.3165038e-01 -9.1427183e-01 -4.7644222e-01
  -1.3096583e-01 -2.9345152e-01 -4.9286917e-01 -9.8202044e-01
   3.9161071e-01 -2.6071823e-01 -6.2583148e-01  4.4693321e-01
  -3.6477068e-01  4.9263611e-01 -2.9654965e-01  7.9119253e-01
   2.2040071e+00 -5.0216794e-01 -5.1800680e-01 -6.5624464e-01
   9.5152423e-02 -6.1017781e-01 -4.8470613e-01 -1.3151352e-01
  -3.3871594e-01 -6.3593614e-01 -1.6762960e-01 -4.0226379e-01
  -4.1426234e-03 -2.3820852e-01 -3.1660804e-01 -5.1098841e-01
  -2.8489457e-02  4.2897058e-01 -9.1930705e-01 -7.0721686e-01
  -5.5344337e-01  2.0725545e-02 -4.1815990e-01  7.4095201e-01
   2.1306651e+00  7.2820199e-01 -2.8540736e-01 -4.6084109e-01
  -1.3174428e-01 -5.5432130e-02  1.6831622e+00  2.3041365e+00
   3.4925587e-02  7.0889398e-02 -2.4548128e-02 -4.4869879e-01
  -7.9971093e-01  1.4451452e-01 -2.2401017e-01  2.9568040e-01
   6.0316664e-04 -3.2534483e-01  2.7825698e-01 -2.3126569e-01
  -4.9956617e-01 -5.3896117e-01 -8.5401750e-01 -5.8714128e-01
  -4.1111469e-01 -7.3589027e-01  2.6299906e-01 -6.4442635e-01
  -4.4147217e-01  1.6935014e+00  7.6522607e-01 -5.1750332e-01
  -1.7527547e-02 -3.7063929e-01 -1.2400615e-01 -1.6878587e-01
   6.3282269e-01 -3.5310531e-01 -4.3888742e-01 -6.5813363e-01
  -4.6956018e-01 -7.7095205e-01 -5.0170767e-01  9.0592486e-01
   5.3381927e-02  4.2196834e-01 -5.1271027e-01  3.1810635e-01
  -3.3937541e-01  1.0702924e+00  1.8802819e-01 -4.2350674e-01
  -1.3981769e-03  6.9581348e-01  5.5999450e-02 -4.4425669e-01]]