[[ 1.18695986e+00  9.95196760e-01 -4.10700031e-03 -1.19202919e-01
  -6.66522264e-01 -1.03331041e+00 -1.00202382e+00 -6.01236641e-01
  -8.32618549e-02 -1.25740260e-01 -4.90845144e-01 -9.56457794e-01
  -9.53815952e-02 -2.61259884e-01 -5.79500437e-01  1.37829006e-01
  -5.92313707e-01  6.90488517e-01 -4.23302144e-01  1.28716576e+00
   1.90819967e+00 -6.47268593e-01 -7.31207252e-01 -7.12017775e-01
   1.98148459e-01 -6.15525961e-01 -2.69636810e-01  2.28769094e-01
  -4.51600522e-01 -8.92373085e-01 -3.08122844e-01 -9.24335718e-02
   1.65212989e-01 -4.48148429e-01 -4.99416947e-01 -5.12622356e-01
   1.01459652e-01  6.12789035e-01 -8.63898396e-01 -5.44187069e-01
  -6.05371118e-01 -1.82395101e-01 -4.63037878e-01  4.63469595e-01
   2.36458254e+00  3.71704906e-01  2.68513747e-02 -1.72856748e-01
  -5.18395603e-02 -3.77446599e-02  1.44245887e+00  2.58098507e+00
  -1.58076957e-01 -2.42639527e-01 -1.83803409e-01 -5.01747072e-01
  -8.22826385e-01  8.80240321e-01 -1.03762545e-01  2.35381126e-01
  -1.85264319e-01 -1.80732101e-01  1.49391651e-01 -3.24962020e-01
  -4.23532814e-01 -8.55753064e-01 -1.03557599e+00 -5.31424165e-01
  -3.12086642e-01 -6.51865840e-01  2.50947356e-01 -7.49071002e-01
  -4.39647734e-01  2.02747536e+00  1.08189583e+00  6.43025696e-01
  -2.98858702e-01 -1.74596593e-01 -2.57892311e-01 -4.32479531e-02
   5.01470327e-01 -3.20218295e-01 -3.33658397e-01 -5.33594489e-01
  -4.66082394e-01 -9.15314794e-01 -4.11507666e-01  1.09382308e+00
   4.32152987e-01  1.22761309e+00 -6.12167835e-01  2.85872757e-01
  -5.17219305e-05  1.16301119e+00 -4.04818133e-02 -3.77137840e-01
  -1.60789728e-01  1.13976908e+00  6.87819794e-02 -4.21117395e-01]]