[[ 0.42751968  2.125382   -0.27382678 -0.13487515 -0.68287045 -1.0197506
  -1.1579944  -0.68164444 -0.12830134 -0.15850785 -0.63499683 -0.9020577
  -0.13908938 -0.20327587 -0.6635449   0.13575375 -0.52494854  0.23726165
  -0.43659633  1.1248999   2.667766   -0.5960218  -0.78887486 -0.720116
   0.00379713 -0.7182521  -0.48165652  0.37240902 -0.5482378  -0.72726864
  -0.4170962  -0.5184673   0.05824085 -0.45929495  0.5501601  -0.49230173
   0.3137859   0.09152322 -0.6578687  -0.6444389  -0.56813407 -0.31114593
  -0.37129015  0.16212383  1.7583517   0.37194222 -0.35082257 -0.14161624
  -0.23972104 -0.1386042   1.0586625   2.519975   -0.4315437  -0.54264945
   0.01911256 -0.33712643 -0.9881049  -0.28381237 -0.23216671 -0.35617578
  -0.18332225 -0.1747038   0.10340573 -0.55648154 -0.56845456 -0.8804132
  -0.9224627  -0.6077506  -0.3438928  -0.7619041   0.4443663  -0.4647018
  -0.39966908  2.0112474   1.6982572   0.07715112 -0.29214656 -0.38694695
   0.9779674   0.09108336  0.3428193  -0.35791245 -0.2879554  -0.5981811
  -0.23504034 -0.78928214 -0.46122867  0.9458872   0.18756084  0.43469852
  -0.5317282   0.43593898  0.00386494  0.9341805   0.61856234 -0.36751387
   0.7218464   0.7182358   0.1832932  -0.39127347]]