[[ 0.7630959   0.9801849   0.15296003 -0.05561015 -0.4736165  -0.659996
  -0.6883458  -0.33038026 -0.06605592 -0.19125992 -0.43303582 -0.75358653
   0.30434573 -0.23180202 -0.3739649  -0.174553   -0.41203728  0.2714545
  -0.15912294  1.306167    0.6622923  -0.49290466 -0.3718177  -0.54978675
   0.05934348 -0.15336016 -0.4036613  -0.4365958  -0.2972665  -0.6551208
  -0.2411555  -0.54722583  0.19421324 -0.3360898  -0.44648144 -0.2450299
   0.12261102  0.3040301  -0.746981   -0.46078482 -0.40642437 -0.263669
  -0.41350102 -0.02633027  2.1611986   0.12877443 -0.38569817 -0.34234136
   0.27691448  0.24994184  0.59733605  2.5646348   0.35869053 -0.18214601
  -0.5203569  -0.5294196  -0.64179367  0.15369919 -0.33176464  0.2565647
  -0.18317819 -0.24050479  0.13317186 -0.15315215 -0.33934346 -0.47094372
  -0.70992225 -0.2638733  -0.3491136  -0.5734641  -0.36057818 -0.45971957
  -0.33238983  1.890915    0.7164541  -0.45594323  0.04144812 -0.42584914
  -0.16468006 -0.27660275  0.8846201  -0.19573134 -0.3761738  -0.47110438
  -0.18337266 -0.6254285  -0.3603929   1.2571816   0.4390343   0.7228053
  -0.271041    0.28443703 -0.0409357   0.02245796 -0.16277945 -0.3228023
  -0.0844313   1.0666909  -0.18609008 -0.28607672]]