[[ 0.79055053  0.7273586   0.7519527  -0.21775539 -0.52985096 -0.8947414
  -0.88067114 -0.41623858 -0.10631561 -0.14620891 -0.5414133  -0.94903314
   0.21763241 -0.19471163 -0.6195051   1.0893493  -0.4276208   0.60800296
  -0.38113183  1.2670652   2.1094127  -0.47977287 -0.6764627  -0.6452842
   0.10182169 -0.5591483  -0.4365643   0.10494646 -0.43572176 -0.5966638
  -0.24745536 -0.66322863  0.16133538  0.14696805 -0.5068628  -0.43623322
   0.19706969  0.02611435 -0.8494571  -0.57520956 -0.49859527 -0.22587031
  -0.3545721   1.5109736   1.9404496   0.95018744 -0.4795646  -0.05505113
  -0.28163913  0.10051406  1.2867208   2.646446    0.09449434 -0.23915872
  -0.35532275 -0.5785984  -0.803266   -0.03584209 -0.3258745   0.32379997
   0.08727245 -0.25007156  0.23672046 -0.37110242 -0.50418574 -0.60558707
  -0.8997229  -0.51168644 -0.46593055 -0.63554263  0.6316814  -0.5927877
  -0.4327315   1.8602525   1.2919056  -0.3989614   0.0119713  -0.41360906
  -0.29718506  0.12242189  0.5828925  -0.35447398 -0.4828367  -0.7062766
  -0.63403606 -0.7457492  -0.4864707   1.0468405  -0.12778312  0.7846883
  -0.55042666  0.73015344 -0.04520029  1.290295    0.4215846  -0.42376846
  -0.01280477  1.0709323   0.19048353 -0.5447064 ]]