[[ 1.17504966e+00  5.52320004e-01  5.69759727e-01 -1.63464218e-01
  -6.88132107e-01 -8.76458406e-01 -7.51402318e-01 -5.08871615e-01
  -1.13554366e-01 -3.54367793e-01 -4.43185180e-01 -1.01413584e+00
   6.47842169e-01 -2.86693007e-01 -5.93458712e-01  8.33556414e-01
  -7.34480694e-02  6.01173401e-01 -3.10762137e-01  4.47366416e-01
   2.30655956e+00 -5.30774534e-01 -7.84556568e-01 -5.67532837e-01
   3.01280856e-01 -6.22024000e-01 -2.61803895e-01  9.29967687e-02
  -3.01592737e-01 -6.63822412e-01 -9.85461548e-02 -1.85163915e-01
  -1.41171459e-02 -8.78540203e-02 -2.39228830e-01 -3.91046882e-01
  -9.76619422e-02  6.47917032e-01 -8.85311842e-01 -6.57996535e-01
  -5.05320728e-01 -1.29734412e-01 -4.31811839e-01  1.41820025e+00
   1.33609366e+00  9.07623947e-01 -3.95473778e-01 -4.09981668e-01
  -1.96781576e-01 -1.04446694e-01  1.97414219e+00  1.38399768e+00
   9.77600589e-02  8.51776749e-02 -1.21572077e-01 -4.85739857e-01
  -8.49366963e-01  6.18915796e-01 -2.45975450e-01  4.18024600e-01
  -2.40979567e-01 -3.63711834e-01 -1.44001208e-02 -3.59998614e-01
  -4.27656084e-01 -5.13745070e-01 -8.23555529e-01 -4.18961167e-01
  -3.96299988e-01 -5.96707463e-01  2.49040514e-01 -6.60407543e-01
  -4.54488963e-01  1.37628257e+00  9.06618655e-01 -2.41862699e-01
  -5.90334713e-01 -4.68469173e-01 -1.09800115e-01 -1.64196551e-01
   1.64378569e-01 -3.27676207e-01 -4.66156602e-01 -6.89365208e-01
  -5.34285486e-01 -7.92918324e-01 -5.06513655e-01  5.18272221e-01
  -2.09771007e-01  5.41274667e-01 -5.41921854e-01  2.12461755e-01
  -3.80760342e-01  1.37422216e+00  2.80402660e-01 -3.91370863e-01
   1.75188528e-04  8.84522140e-01  4.26349565e-02 -5.20788610e-01]]