[[ 1.3025934   1.0755951   0.16288313 -0.06087545 -0.5960037  -0.7842093
  -0.96798295 -0.47572342 -0.20147227 -0.01527242 -0.53577286 -0.8856986
   0.28737256 -0.23898162 -0.6279374   0.01438921  0.07718205  1.3904707
  -0.27385738  0.9086914   1.0149039  -0.5660687  -0.48878038 -0.5725208
   0.54303396 -0.37916115 -0.27136663 -0.34436777 -0.41820806 -0.65784836
   0.11159693 -0.44587815 -0.06794271 -0.43727705 -0.12169789 -0.27479547
   0.58300453  0.4820492  -0.79020995 -0.622092   -0.43145517 -0.36184472
  -0.4796052   0.7821758   1.252869    1.3800061  -0.22513089 -0.36842054
  -0.20895319  0.1834492   1.9162978   2.0974827   0.15582038 -0.24279004
  -0.7005715  -0.6910201  -0.65802246  0.15154752 -0.41575345  0.17000741
  -0.25735623 -0.33360457  0.07020574 -0.3250125  -0.39717007 -0.54789007
  -0.7940331  -0.46351126 -0.45414197 -0.7518422  -0.39780018 -0.5621724
  -0.40887514  1.6328927   0.61784196 -0.5374018  -0.21426104 -0.39080834
   0.00650244 -0.25629598  0.3572153  -0.32364285 -0.35387078 -0.66184556
  -0.25482672 -0.753885   -0.47711533  0.70802087  0.50521916  0.799165
  -0.40234116  0.20347728 -0.2336306   0.9030079  -0.16990443 -0.3160508
   0.07848054  0.9007358   0.19058225 -0.33425105]]