[[ 7.59008527e-01  8.12930882e-01  7.23585248e-01 -7.69262239e-02
  -6.95940495e-01 -8.58889937e-01 -7.78358757e-01 -3.31302673e-01
  -3.80825140e-02 -3.15925449e-01 -5.46222687e-01 -9.77443755e-01
   1.89184129e-01 -2.38983825e-01 -5.79124868e-01  9.55523133e-01
  -5.93632877e-01  3.97184938e-01 -3.30617666e-01  1.14184248e+00
   2.03086591e+00 -4.61895734e-01 -6.20254576e-01 -5.54113984e-01
  -4.78994548e-02 -3.53381306e-01 -3.46992373e-01 -2.65877813e-01
  -3.80232513e-01 -6.96427107e-01 -4.13746744e-01 -6.91130519e-01
   1.34797722e-01  1.53654963e-01 -4.14157391e-01 -3.18942517e-01
   1.56013325e-01  3.24401915e-01 -8.85208964e-01 -5.54855585e-01
  -5.15611768e-01 -2.82298207e-01 -4.66482818e-01  1.55450869e+00
   1.77485609e+00  3.32795352e-01 -2.86062539e-01 -3.90829682e-01
   1.08294249e-01  1.19393975e-01  7.44897962e-01  2.32168555e+00
   2.12862730e-01 -2.65211821e-01 -6.78553104e-01 -7.81951725e-01
  -8.43784869e-01  1.01840589e-03 -3.72230083e-01  3.23195785e-01
  -2.11577326e-01 -3.01434040e-01  9.21109617e-02 -3.70212317e-01
  -4.78284508e-01 -6.06960833e-01 -8.55098307e-01 -4.33000594e-01
  -4.13885444e-01 -6.73977554e-01  3.23666602e-01 -5.63250124e-01
  -4.23370153e-01  1.53022993e+00  1.04518473e+00 -4.72697943e-01
  -2.30847284e-01 -5.58887124e-01 -8.22832882e-02 -3.15594003e-02
   6.20093644e-01 -2.99290806e-01 -5.03312647e-01 -6.20789826e-01
  -3.71674925e-01 -8.00627351e-01 -4.16995972e-01  9.11064684e-01
   4.82025981e-01  8.51924777e-01 -5.09916902e-01  5.23657143e-01
  -1.40663356e-01  4.22346503e-01  1.06021889e-01 -4.06085104e-01
  -1.16387658e-01  1.02713335e+00 -1.71051875e-01 -3.60590130e-01]]