[[ 1.8653302   1.0028436  -0.06490348 -0.3915247  -0.6409654  -0.8818529
  -1.1555735  -0.6856061  -0.4203511   0.29987362 -0.5341096  -0.88338923
  -0.03764473 -0.21825694 -0.619504   -0.01730689  0.10107183  1.6375998
  -0.3748255   1.3956541   1.6061248  -0.5376907  -0.6204261  -0.69340116
   0.52060753 -0.6251928  -0.41859978  0.3293093  -0.46088356 -0.53335375
   0.5320254  -0.53842217  0.24660467 -0.4187642  -0.26794866 -0.36828208
   0.8117427   0.0688145  -0.5519541  -0.64100975 -0.48772305 -0.523359
  -0.29224384  0.50874406  1.7095039   2.1853983  -0.56875205 -0.3386751
  -0.6004252   0.09610738  2.0542877   3.2624116  -0.34771702 -0.42976224
  -0.7318683  -0.73964196 -1.0289156  -0.18525538 -0.48920268 -0.221468
  -0.22183065 -0.35041454  0.7288561  -0.51869583 -0.42659292 -0.72347903
  -0.8733893  -0.5904778  -0.45982075 -0.71781397  0.53098494 -0.5703947
  -0.29674911  2.3965778   1.3636569   0.20031345 -0.02220913  0.13851526
  -0.24406183 -0.15467072  0.33492485 -0.34365302 -0.33242312 -0.83439803
  -0.6255337  -0.72344124 -0.49608684  1.6864761  -0.2745432   1.228405
  -0.5081174   0.5716705   0.3343128   2.8039043  -0.5376315  -0.26587304
   0.01738716  1.3134085   1.4696774  -0.5708955 ]]