[[ 0.89133674  1.10395     0.3161646  -0.12040638 -0.6527492  -0.8519548
  -0.94458187 -0.4370415  -0.16467793  0.02044755 -0.5616667  -0.9329982
   0.22509432 -0.22702181 -0.6267114   0.4247132  -0.24341054  1.4371321
  -0.2962663   1.0347092   1.5245725  -0.53521615 -0.51861686 -0.56304634
   0.31498367 -0.3728383  -0.2654065  -0.3465183  -0.41123483 -0.6749392
  -0.10542743 -0.51095223 -0.04558555 -0.1954025  -0.20740609 -0.25168222
   0.7583598   0.33538827 -0.8330351  -0.596781   -0.46323037 -0.35861042
  -0.48482788  1.3993373   1.150658    1.0289518  -0.21939379 -0.36493456
  -0.13192411  0.29202494  1.4636203   2.172836    0.09126676 -0.31554922
  -0.75617313 -0.77076405 -0.7561971   0.01428187 -0.4057681   0.10381661
  -0.24238925 -0.30534014  0.02294877 -0.42686254 -0.4464637  -0.5879188
  -0.8316992  -0.55447996 -0.47070548 -0.7327402  -0.07934189 -0.5967096
  -0.4362192   1.3877931   0.8170156  -0.47967544 -0.2033796  -0.44610694
  -0.0352435  -0.16545504  0.39432108 -0.34003395 -0.38746494 -0.66138226
  -0.36565384 -0.77471626 -0.47289836  0.71170324  0.56005454  0.7676065
  -0.46749595  0.37766296 -0.15906894  0.61084425 -0.05159467 -0.3588458
   0.08388466  0.8810678  -0.05596182 -0.31001198]]