[[ 0.7294939   0.55984914  0.2604677  -0.05003139 -0.47422853 -0.7001982
  -0.6881396  -0.26405862 -0.28204337 -0.33731335 -0.2925758  -0.9229729
   0.71373224 -0.3504287  -0.6420281  -0.16388845 -0.15136833  0.52130234
  -0.06985005  0.9367502   1.0622789  -0.5174602  -0.561589   -0.60739183
   0.20392127 -0.5240228   0.31194937 -0.25562167 -0.22300906 -0.6453147
   0.06689683  0.5885461   0.26024958 -0.40463632 -0.5043339  -0.09994794
  -0.09162474  0.47190258 -0.8756322  -0.5164554  -0.44405195 -0.18389955
  -0.43248698  1.4008237   2.0514302   0.3928515  -0.49989736  0.14693183
   0.11308759 -0.07970714  1.7118441   2.3531563   0.30770528  0.258415
  -0.67568755 -0.59394556 -0.71140033  1.106524   -0.4267596   0.5176334
  -0.16421457 -0.36862722  0.00705223 -0.22007811 -0.36190814 -0.24299692
  -0.83599263 -0.39158618 -0.41673112 -0.43002027 -0.15123548 -0.6496277
  -0.4272833   1.6324328   0.48085892 -0.28810152 -0.22529483 -0.3550826
  -0.3283378  -0.22389749  0.5009504  -0.48799673 -0.4354977  -0.55220425
  -0.47321114 -0.6926012  -0.41324666  0.82886106  0.00648869  0.45748705
  -0.3959127   0.1508513  -0.27491125  0.60714877 -0.17802435 -0.38189936
  -0.12778202  1.1149892  -0.15811266 -0.3456545 ]]