[[ 0.64341855  0.90274197 -0.09794305 -0.29174447 -0.5166238  -0.8806676
  -0.9382611  -0.3201361  -0.24065496  0.11403275 -0.38627535 -1.05651
   0.43362176 -0.33074814 -0.7620196  -0.22354764 -0.33822316  1.6258405
  -0.16557106  0.8412971   1.8078411  -0.54541045 -0.64116377 -0.6509766
   0.22805512 -0.568973    0.1121352  -0.30134058 -0.22995108 -0.7558813
  -0.05000853  0.36065084  0.0931896  -0.5311611  -0.52489626 -0.23056175
   0.7794954   0.764823   -0.89116305 -0.62242395 -0.5099189   0.10535991
  -0.4946491   1.579276    1.3583487   0.8032559  -0.262233    0.40028715
   0.3989846   0.17853238  2.238038    1.9687424  -0.12882878  0.3454332
  -0.8953598  -0.7860112  -0.65236545  0.767883   -0.4562667   0.36144283
  -0.14365709 -0.3742948  -0.273799   -0.50085557 -0.43232322 -0.5232976
  -1.0674145  -0.7083683  -0.48380142 -0.5397268   0.25591034 -0.80787134
  -0.54463625  0.95845246  0.36375955 -0.20480372 -0.40655124 -0.3103237
  -0.47719863 -0.3742563  -0.10196592 -0.54961807 -0.44508332 -0.6758999
  -0.5310335  -0.8187232  -0.45978776  0.5532868   0.749146    0.499566
  -0.5916725   0.08813895 -0.21842822  0.8090409  -0.29976416 -0.35220444
   0.00828425  0.7477324  -0.25747883 -0.21957944]]