[[ 0.76161134  0.74868125  0.24818279 -0.11915762 -0.56639206 -0.8198289
  -0.81756127 -0.46152475 -0.05623008 -0.17243117 -0.4694659  -0.7639338
   0.38048914 -0.2300745  -0.29020366  0.28746307 -0.49298853  0.4115594
  -0.2616625   1.2426658   1.145319   -0.5658315  -0.47440848 -0.64437234
   0.22891411 -0.2511422  -0.37862477  0.33698553 -0.35916778 -0.6781644
  -0.26245025 -0.5769317   0.1021495  -0.42294347 -0.46743405 -0.27468225
   0.3920481   0.12377152 -0.6571981  -0.54374236 -0.47236317 -0.17373547
  -0.3893673   0.19168763  2.07283     0.18323888 -0.24962124 -0.21889786
  -0.12647757  0.3018675   0.47344974  2.2844102   0.3604778  -0.25928602
   0.01738492 -0.30741638 -0.76074815  0.10838291 -0.21930715  0.24382803
  -0.255201   -0.14115147  0.19522011 -0.20804489 -0.38700446 -0.59545475
  -0.7681061  -0.3376963  -0.3361444  -0.61264765  0.2936935  -0.505141
  -0.33789477  1.683474    1.0794266   0.0657709  -0.13642576 -0.39282733
  -0.1935344  -0.03066356  0.77329123 -0.1146566  -0.36865088 -0.54977155
  -0.33193797 -0.6877942  -0.37580147  1.1253444   0.32756692  0.813672
  -0.37307525  0.30288386  0.3276774   0.81881356 -0.00945535 -0.35206303
  -0.04225633  1.09327     0.22209707 -0.35826114]]