[[ 8.6902803e-01  6.5233874e-01  4.9342003e-01 -2.0173188e-01
  -6.6895068e-01 -8.5022521e-01 -7.5056738e-01 -4.9449196e-01
  -4.1834649e-02 -3.5270464e-01 -4.1760182e-01 -1.0216417e+00
   6.2770873e-01 -2.8439248e-01 -5.7164216e-01  9.9626458e-01
   4.3448061e-04  7.7516013e-01 -3.0543691e-01  2.6767427e-01
   2.5337908e+00 -5.3125900e-01 -8.1965405e-01 -5.3775531e-01
   3.7129450e-01 -5.1506585e-01 -3.6505917e-01  1.9519484e-01
  -2.6759121e-01 -6.0971510e-01 -8.3765544e-02 -2.2285789e-01
  -4.2226572e-02 -1.0412668e-01 -2.9558133e-02 -3.6264214e-01
   7.9447672e-02  7.3207909e-01 -7.8426349e-01 -7.1946514e-01
  -5.1303458e-01 -8.5018262e-02 -4.3418235e-01  1.2267807e+00
   9.0762454e-01  9.2131191e-01 -2.5123835e-01 -3.2850528e-01
  -8.1878565e-02 -4.0588986e-02  1.7222571e+00  9.8881912e-01
  -6.2976360e-02 -7.0829809e-02  7.3143840e-04 -3.8868311e-01
  -8.0390805e-01  1.2714708e-01 -2.1045664e-01  1.2379631e-01
  -2.3293202e-01 -3.3701718e-01 -8.4277257e-02 -4.8943776e-01
  -4.6686280e-01 -5.9450769e-01 -8.1638533e-01 -4.5918930e-01
  -4.0149954e-01 -6.3008517e-01  4.0256602e-01 -5.4750890e-01
  -4.5651472e-01  1.0421661e+00  8.8844121e-01 -3.3800188e-01
  -6.2241125e-01 -5.2151430e-01  1.3394074e-01 -1.2121172e-01
  -2.4170408e-02 -2.6745197e-01 -4.8658448e-01 -7.0565897e-01
  -4.2193866e-01 -7.8280711e-01 -5.0501311e-01  2.9256764e-01
   3.5120174e-04  1.9317961e-01 -5.4484332e-01  1.9078559e-01
  -3.7157664e-01  1.3499275e+00  3.4305561e-01 -3.4576532e-01
   8.8560529e-02  5.7739782e-01  1.4800113e-01 -3.8265717e-01]]