[[ 0.93536896  0.64727396  0.4142726  -0.23890853 -0.6255791  -0.8335681
  -0.8107103  -0.44324517 -0.20344621 -0.20428003 -0.48736075 -0.9853756
   0.6369859  -0.24494648 -0.4928159   0.90217394 -0.23253222  0.73604125
  -0.2346942   0.86238     1.4744612  -0.51890785 -0.51745975 -0.5914656
   0.32919624 -0.31508812 -0.3676913  -0.2795686  -0.32085955 -0.65651876
  -0.13391544 -0.5289956  -0.03205029 -0.20514819 -0.4266184  -0.28034002
   0.16527815  0.35475534 -0.8486866  -0.6630041  -0.5236952  -0.3184344
  -0.443041    0.99441886  1.5325719   0.6511791  -0.27878952 -0.4839446
  -0.14397417  0.38019875  1.0965526   1.9988617   0.20580429 -0.32002857
  -0.46548447 -0.66152877 -0.8599536   0.03091659 -0.3590134   0.17041504
  -0.25982478 -0.33398312  0.12911718 -0.33207324 -0.4612764  -0.49837044
  -0.698113   -0.43652964 -0.40033764 -0.7417648   0.16830188 -0.62084764
  -0.37291783  1.4173262   0.7714699  -0.51145995 -0.19585139 -0.545021
  -0.2607641  -0.15069813  0.60653144 -0.09521931 -0.46356523 -0.6141207
  -0.4071579  -0.7837761  -0.40692574  0.7968806   0.41128772  0.66606724
  -0.4357337   0.25022233 -0.22911115  0.89692247 -0.12074264 -0.36592314
   0.00973176  0.8926486  -0.05727749 -0.3800889 ]]