[[ 1.4508443   0.49842432 -0.12769231 -0.30546495 -0.8300934  -1.1586015
  -0.79203045 -0.6572227  -0.23380788 -0.25344905 -0.584698   -1.1484059
   0.21900374 -0.34127507 -0.8276432   0.3689073  -0.5235941   0.7468799
  -0.50515145  0.14705658  2.474699   -0.6728205  -0.83099824 -0.57055146
  -0.2906331  -0.81814665  0.38657233 -0.19722536 -0.44126946 -0.9730079
  -0.28735182 -0.00310226 -0.21207076 -0.52600646 -0.38413858 -0.4804894
  -0.28474924  1.059119   -1.0393424  -0.714838   -0.5618549  -0.29722258
  -0.63640857  1.7105658   0.7689697   0.27275565 -0.3093208  -0.09576039
  -0.13034947  0.09948046  2.822012    0.8155802  -0.23839869  0.01202202
  -0.7939602  -0.9264655  -0.7646935   2.0345607  -0.45549652  0.6554395
  -0.1363545  -0.50993365 -0.20870776 -0.63358146 -0.39758468 -0.67525554
  -0.8505173  -0.6908177  -0.38631493 -0.6404125  -0.03679501 -0.9167272
  -0.56102467  0.93554157  0.265621    0.5875312  -0.8260074  -0.4174401
  -0.22658049 -0.26900563 -0.21358316 -0.22695002 -0.38974893 -0.6584832
  -0.45005104 -1.055496   -0.49572062  0.11032106  0.23460504  1.6955991
  -0.67902803 -0.23977491 -0.56747097  1.6286403  -0.34088263 -0.50493443
  -0.09375153  0.6578799  -0.28595987 -0.5041271 ]]