[[ 1.5851734e+00  8.1997901e-01  2.9230559e-01 -1.5399973e-01
  -6.6543603e-01 -9.1395068e-01 -8.6273754e-01 -5.7254457e-01
  -2.6922131e-01 -1.1226407e-01 -5.1459354e-01 -9.0032756e-01
   5.3773314e-01 -2.2589770e-01 -5.3072739e-01  5.2429450e-01
   1.3764551e-02  8.6597919e-01 -3.0830160e-01  1.2960967e+00
   1.2237900e+00 -5.6175619e-01 -5.4624099e-01 -7.0492417e-01
   4.3295619e-01 -3.7871012e-01 -3.5048139e-01  6.6335186e-02
  -4.2103153e-01 -6.1183745e-01 -2.1374002e-03 -5.7123667e-01
   2.7319247e-01 -2.6148018e-01 -3.0895811e-01 -3.0206791e-01
   3.4239215e-01  2.1513967e-01 -7.5645876e-01 -6.2708551e-01
  -4.8372203e-01 -4.2131466e-01 -3.7072706e-01  5.7660353e-01
   2.1704736e+00  1.3910722e+00 -3.6790103e-01 -4.2812985e-01
  -3.4080669e-01  2.7471536e-01  1.5696572e+00  2.8564448e+00
   2.5141239e-01 -2.8854096e-01 -5.5922228e-01 -6.7294174e-01
  -9.1898006e-01  5.9906747e-02 -4.0407628e-01  1.7805181e-01
  -2.6495269e-01 -3.6383393e-01  4.3495438e-01 -2.9717225e-01
  -4.6460223e-01 -5.7170838e-01 -7.9686660e-01 -4.1641456e-01
  -3.9319959e-01 -7.4112725e-01  2.3286796e-01 -5.5775279e-01
  -3.5793224e-01  2.4905653e+00  1.2466302e+00 -2.2574638e-01
  -1.4732963e-01 -4.1029122e-01 -1.0683094e-01 -1.2877573e-01
   7.3118037e-01 -1.6331978e-01 -4.1080332e-01 -6.6847181e-01
  -3.4815833e-01 -7.1515781e-01 -4.3387792e-01  1.2935398e+00
   4.1301377e-02  8.7953436e-01 -4.0859380e-01  3.9890075e-01
   2.0159174e-02  1.5241965e+00 -1.9461077e-01 -3.2879901e-01
  -1.8021192e-02  1.3344128e+00  6.6232353e-01 -4.9588552e-01]]