[[ 1.0486065   0.20954643  0.85322285 -0.2283091  -0.6870182  -0.84877366
  -0.729645   -0.2777591  -0.14959283 -0.37943548 -0.50672084 -1.0572369
   0.30813685 -0.2726757  -0.6103186   1.2219857  -0.3358667   0.64927536
  -0.33169323  0.5945036   2.3857043  -0.42721003 -0.6849776  -0.54949677
   0.2031384  -0.5054836  -0.22107783 -0.08091715 -0.3391756  -0.64296204
  -0.19549185 -0.41434008  0.16316064  0.22259334 -0.50067997 -0.29812282
   0.08507987  0.21553393 -0.89757985 -0.60275817 -0.5273142  -0.02783789
  -0.44390386  2.1648948   1.3747101   0.7402069  -0.35427433 -0.18643056
  -0.07101089  0.01247194  1.3304617   1.6347758   0.09131208  0.1377396
  -0.69743943 -0.8329918  -0.87477237  0.20775422 -0.32197407  0.39590135
  -0.19215494 -0.41000915  0.04793236 -0.43995613 -0.49784532 -0.491278
  -0.8873525  -0.50525486 -0.45719323 -0.5801952   0.8026667  -0.6561982
  -0.46357644  1.2773614   0.9032491  -0.42111212 -0.38665542 -0.4975512
  -0.38396433 -0.09710474  0.32091588 -0.420149   -0.56916356 -0.6750562
  -0.71390456 -0.8007619  -0.46628335  0.67461425 -0.05319642  0.6263732
  -0.5575486   0.460579   -0.20858222  1.1146247   0.17673828 -0.42299005
  -0.05177555  0.90278685 -0.01686289 -0.43766856]]