[[ 6.35008156e-01  8.76900733e-01  6.48736596e-01 -2.50680447e-01
  -6.82398975e-01 -9.12177861e-01 -9.44128573e-01 -4.32736039e-01
  -3.64217758e-02 -2.45102227e-01 -5.66019833e-01 -1.05263638e+00
   9.40398127e-02 -2.56425053e-01 -5.67080379e-01  1.05644441e+00
  -5.94290495e-01  6.49734974e-01 -4.33015019e-01  7.77101696e-01
   2.69990492e+00 -5.31689942e-01 -8.19197774e-01 -5.85957229e-01
   3.82826835e-01 -6.20755196e-01 -2.57807642e-01  1.70662344e-01
  -4.28083211e-01 -7.53155589e-01 -4.80273180e-02 -1.62531063e-01
   3.45346052e-04 -4.03254703e-02 -4.69981760e-01 -4.55650121e-01
   5.55809811e-02  4.13489103e-01 -9.20309544e-01 -6.90928996e-01
  -5.43304145e-01 -9.70954075e-04 -4.24987376e-01  1.77779043e+00
   1.63040912e+00  3.60216260e-01 -1.95299670e-01  5.60674369e-02
  -1.11663140e-01 -2.24110670e-03  9.75567162e-01  1.70951378e+00
  -8.76932368e-02 -2.53744572e-01 -5.56543469e-04 -4.70913678e-01
  -8.68882179e-01  8.26739520e-02 -1.88623816e-01  2.07425982e-01
  -1.20540835e-01 -2.88379192e-01  8.26189816e-02 -4.56664085e-01
  -5.06297112e-01 -7.04504311e-01 -8.66383076e-01 -5.26877820e-01
  -3.92059445e-01 -6.22912288e-01  6.66737914e-01 -7.02558041e-01
  -4.42921847e-01  1.12504566e+00  9.83579159e-01 -3.70520443e-01
  -4.67206627e-01 -4.43963379e-01 -3.04833800e-01  1.77773952e-01
   2.86906391e-01 -2.60602981e-01 -5.04585922e-01 -7.28461325e-01
  -7.17324913e-01 -9.00137544e-01 -4.42103237e-01  6.71843112e-01
   2.15500355e-01  6.14701986e-01 -6.62249267e-01  4.38681751e-01
  -1.80817023e-01  1.06591904e+00  5.20763695e-01 -4.14603800e-01
  -7.56228939e-02  7.91022956e-01 -4.48592678e-02 -4.01409686e-01]]