[[ 1.3007407   0.62809354  0.15922318 -0.14448029 -0.55019563 -0.68822086
  -0.732045   -0.2299874  -0.20894627 -0.33751702 -0.4244     -0.9682941
   0.39318183 -0.33546913 -0.6351509   0.11034586  0.137566    0.75472707
  -0.10789712  1.001072    0.8136839  -0.5460948  -0.5347446  -0.56446224
   0.53911674 -0.39722472  0.19018279 -0.26969582 -0.27991304 -0.64851606
   0.2560267   0.27312118  0.3666029  -0.41694418 -0.3958558  -0.09144934
   0.04877869  0.7725048  -0.84756666 -0.6084558  -0.4454904  -0.2944928
  -0.47905216  1.3903117   1.7217801   1.1267068  -0.3928439  -0.12893768
   0.13564146 -0.02389284  2.0187302   2.3726938   0.12628856 -0.12675376
  -0.6722462  -0.60902953 -0.69231844  0.7195641  -0.45872235  0.3098765
  -0.18156014 -0.37670013  0.20904645 -0.38451725 -0.38036418 -0.2842597
  -0.7846145  -0.41649526 -0.43447503 -0.51436293 -0.36875403 -0.643999
  -0.37436047  1.7425644   0.40821728 -0.40769562 -0.23385796 -0.40315488
  -0.24044469 -0.0769434   0.49261346 -0.2809379  -0.41793352 -0.6249677
  -0.40244925 -0.7696981  -0.422879    0.7121534   0.26066685  0.78474647
  -0.37746474  0.11609095 -0.33141038  1.0222888  -0.33648276 -0.3061319
  -0.20064342  1.164807    0.26788887 -0.2530493 ]]