[[ 4.2184433e-01  5.6233263e-01  2.4264328e-01 -2.4521638e-01
  -3.6335024e-01 -6.4309758e-01 -7.0092899e-01 -2.3275530e-01
  -2.0996219e-01 -3.3516285e-01 -3.0262658e-01 -9.0546620e-01
   6.3610023e-01 -2.9860470e-01 -5.5551392e-01  1.6713238e-01
  -2.4489714e-01  6.5605074e-01 -3.6286909e-02  7.7011162e-01
   1.1957548e+00 -4.9156341e-01 -4.4245934e-01 -4.9863368e-01
   9.3920171e-02 -3.6577067e-01  4.1337941e-02 -2.5481111e-01
  -1.1883175e-01 -5.9336239e-01 -4.4656921e-02  2.4445978e-01
   7.5633138e-02 -1.9365823e-01 -5.0877237e-01 -1.4023744e-01
   1.5093325e-01  3.6661854e-01 -8.0690640e-01 -5.5680388e-01
  -4.1884798e-01 -2.8413162e-01 -4.2776912e-01  1.2429153e+00
   1.3920159e+00  9.4180390e-02 -5.0242925e-01  3.1767836e-01
  -2.9833082e-02  2.0907131e-01  1.0192405e+00  2.0594330e+00
   8.6817637e-02 -3.9312761e-02 -6.2641811e-01 -5.6370652e-01
  -4.4870266e-01  5.3015828e-01 -3.9852142e-01  1.5976271e-01
  -8.0227759e-04 -3.5563228e-01 -8.2352310e-02 -3.8618687e-01
  -3.8731357e-01 -2.8739789e-01 -7.6293242e-01 -4.9238807e-01
  -4.4631708e-01 -5.3257054e-01 -1.6890956e-01 -5.6310230e-01
  -4.1596147e-01  1.2881397e+00  5.3069097e-01 -4.3805873e-01
   2.0153555e-01 -4.3551642e-01 -3.3189148e-01 -2.9531935e-01
   6.3700038e-01 -4.1650176e-01 -4.2605686e-01 -5.0231755e-01
  -4.3485087e-01 -6.3938123e-01 -4.2976129e-01  9.6124041e-01
   1.5955579e-01  4.1727194e-01 -3.3686647e-01  3.2984605e-01
  -2.0174685e-01  3.5845286e-01  4.0016312e-02 -4.0842542e-01
  -1.3379662e-02  7.7545351e-01 -3.2121813e-01 -3.5080510e-01]]