[[ 1.0729756   1.058368   -0.32222694 -0.2399009  -0.61826235 -0.8933175
  -0.83976793 -0.43546814 -0.06356521 -0.20565158 -0.49232158 -0.8540688
  -0.20418826 -0.2532293  -0.6078336  -0.19741848 -0.46236753  0.47772253
  -0.2888143   1.1643888   1.2927045  -0.59954345 -0.6022363  -0.5655683
   0.07060943 -0.56478685 -0.17885476  0.11859819 -0.4204758  -0.7408305
  -0.27063072 -0.22605173  0.19287762 -0.3798112  -0.24614741 -0.46650338
   0.06625102  0.35071066 -0.7045182  -0.4499525  -0.50410163 -0.34286717
  -0.43783373  0.48432568  1.8558786   0.35421094 -0.16062738 -0.16360869
  -0.11507966 -0.12505087  1.2069111   2.4803443  -0.45626175 -0.34902155
  -0.75608045 -0.74087197 -0.5250554   0.5555703  -0.21285985 -0.11372059
  -0.14765018 -0.31954032  0.1088085  -0.51814175 -0.3528815  -0.5164694
  -0.82530403 -0.62125987 -0.37977967 -0.5571757  -0.00828415 -0.62605155
  -0.4587625   2.0449193   0.9696481   0.5643603  -0.15219624 -0.14328839
   0.05893375 -0.10394805  0.7409971  -0.42728558 -0.13691042 -0.4494414
  -0.35896412 -0.77774304 -0.43018788  1.0478853  -0.01532428  1.204029
  -0.46672177  0.33572644  0.04298847  0.87002635 -0.2041081  -0.4038251
  -0.05427205  1.0228292   0.10355815 -0.25204363]]