[[ 0.7736546   0.83721995  0.49310827 -0.05439973 -0.53448844 -0.71919113
  -0.8216831  -0.323065   -0.06535368 -0.31199124 -0.5354198  -0.91350913
   0.21652403 -0.24489813 -0.4904124   0.7146808  -0.54096663  0.51683074
  -0.27790225  0.907177    1.7863799  -0.4861836  -0.45630842 -0.50967735
   0.08713625 -0.2022696  -0.3579977  -0.25636816 -0.30485174 -0.6638056
  -0.29060805 -0.66532886  0.05774545 -0.06295343 -0.24330454 -0.22635797
   0.42223704  0.28036726 -0.7967303  -0.6229597  -0.5079339  -0.31023526
  -0.50068057  1.218052    1.056693    0.20631555 -0.3099299  -0.01799351
   0.1031673   0.33144516  0.583742    1.8343472   0.24623406 -0.33918548
  -0.6175232  -0.6936301  -0.5792619  -0.03170143 -0.35921758  0.24536532
  -0.15068391 -0.27960846  0.05856695 -0.42241552 -0.4515703  -0.5498157
  -0.7621207  -0.38296556 -0.42978498 -0.7117855   0.10329826 -0.44195825
  -0.37608525  1.0532935   0.790026   -0.4654949   0.01488978 -0.5902774
   0.12300018 -0.05019286  0.58068556 -0.12560809 -0.46584368 -0.5593586
  -0.14161023 -0.7709794  -0.42048043  0.8396249   0.6800349   0.85222864
  -0.40523192  0.4075986  -0.04442871  0.33131257  0.11844069 -0.36222363
   0.05882652  0.7260347  -0.04727703 -0.3366059 ]]