[[ 0.6081058   0.96678156  0.1828629  -0.1919998  -0.5571084  -0.9176353
  -0.83966976 -0.67888814 -0.19158669  0.02798287 -0.46820843 -0.86426985
   0.80966663 -0.23836373 -0.39417136  0.44094995 -0.4551396   0.8948013
  -0.33362234  1.0772417   1.4894915  -0.58800876 -0.53539467 -0.689939
   0.07187547 -0.30461153 -0.38760477 -0.26154453 -0.3944933  -0.59610367
  -0.28646564 -0.42682117 -0.03010487 -0.47831333 -0.44996774 -0.357814
   0.5219674   0.28831992 -0.82782924 -0.6627974  -0.54340744 -0.11271772
  -0.4134568   0.12644196  1.9550092   0.27634874 -0.06858268 -0.31402722
  -0.12489104  0.5382761   0.795256    2.2393222   0.30658448 -0.22755386
   0.0360992  -0.41031098 -0.75268555  0.15527697 -0.18042901  0.1938345
  -0.23705363 -0.27795413  0.16162108 -0.13016075 -0.46242902 -0.5715426
  -0.7016741  -0.4042469  -0.32394063 -0.73982346  0.1750602  -0.59794444
  -0.37657976  1.454889    0.8966592  -0.45209232 -0.17656772 -0.48577672
  -0.2728465  -0.2507596   0.5769079   0.03851627 -0.40475553 -0.5893703
  -0.37568852 -0.69994366 -0.38400772  0.9341178   0.5222171   0.48798987
  -0.47912633  0.17114349 -0.24009465  0.72776467 -0.02184444 -0.3384245
   0.12317868  0.85022056 -0.11572821 -0.41093245]]