[[ 0.8158501   0.79010606  0.5857601   0.10955636 -0.57123643 -0.8378276
  -0.8643391  -0.4493163  -0.2744383  -0.32132775 -0.39507425 -0.9984402
   0.7682883  -0.33532175 -0.70132923  0.53440845 -0.4186174   0.8966902
  -0.2483759   0.53324705  2.4133048  -0.53493243 -0.7295216  -0.6236015
   0.3350966  -0.7289254   0.06620748 -0.12217975 -0.2578246  -0.70961326
   0.00637931  0.41418287  0.09167357 -0.21995258 -0.3275131  -0.31387168
   0.30322012  0.3092572  -0.97699314 -0.55873746 -0.5432582  -0.12336995
  -0.45384064  2.254705    1.2098067   0.64890295 -0.44373643  0.38421112
  -0.17019399 -0.04888246  1.9893919   1.3986582   0.2242178   0.1991298
  -0.44741222 -0.6143195  -0.7895119   0.9980207  -0.32447305  0.5035293
  -0.14207017 -0.17365898 -0.15043207 -0.3277989  -0.4642862  -0.4860775
  -0.8991243  -0.47043467 -0.4592732  -0.5713895   0.29309916 -0.728597
  -0.528507    0.96461415  0.8147737  -0.37442192 -0.4847514  -0.47147408
  -0.2785193  -0.00731573  0.1156515  -0.4051733  -0.4695047  -0.6580136
  -0.63951564 -0.839194   -0.49954787  0.45073697 -0.02017879  0.4471819
  -0.6011386   0.30139872 -0.34940144  0.89234763  0.46306688 -0.4067709
   0.10042202  0.78505605 -0.33397427 -0.5135524 ]]