[[ 0.4927102   0.58848095  0.6888114  -0.20783558 -0.5965173  -0.84308577
  -0.72509587 -0.34069523 -0.05795183 -0.39705485 -0.36855143 -1.0592779
   0.62727857 -0.2987525  -0.61227846  0.9000638  -0.45814872  0.4694292
  -0.2651571   0.5364811   2.5720007  -0.4792889  -0.7799447  -0.5567497
   0.03988299 -0.5469042  -0.12621087  0.01867274 -0.25658044 -0.68178844
  -0.3056003  -0.02919464  0.03665548  0.01145075 -0.4259547  -0.33786204
   0.00259509  0.5940569  -0.91092175 -0.630494   -0.5177418   0.03205705
  -0.44201878  1.7703592   1.4245176   0.1768481  -0.27016428  0.01870035
   0.1476107  -0.05080055  1.2824894   1.4988537   0.0911252   0.13488454
  -0.25753728 -0.56062496 -0.72657603  0.4671454  -0.22793879  0.40429607
  -0.143393   -0.34261572 -0.14160873 -0.3846257  -0.47404903 -0.5037912
  -0.88566154 -0.4904518  -0.41461885 -0.55406785  0.51906675 -0.6656407
  -0.48763388  1.0318518   0.8440837  -0.35512027 -0.44780147 -0.5263992
  -0.24246041 -0.14254956  0.18882197 -0.40687957 -0.5324181  -0.6402958
  -0.59974205 -0.79629606 -0.45799285  0.5209382   0.23976785  0.28110752
  -0.59083056  0.32550788 -0.33409172  0.71082586  0.38576433 -0.4252835
   0.0041994   0.71456337 -0.3339674  -0.36847702]]