[[ 0.9053084   0.84905386  0.40056434 -0.27951407 -0.6446232  -0.89504844
  -0.91995776 -0.52501047 -0.09002032 -0.2076877  -0.46028182 -1.004623
   0.43737498 -0.2514135  -0.535781    0.65654325 -0.20608214  0.76090455
  -0.34818643  0.8536868   2.4677544  -0.5414772  -0.8196394  -0.6486599
   0.265494   -0.5775995  -0.4255029   0.29025382 -0.33429143 -0.6528098
  -0.04902193 -0.31710002  0.01065463 -0.22968115 -0.2536063  -0.44830126
   0.13287371  0.69445586 -0.8082413  -0.73102677 -0.52417773  0.00901156
  -0.37934357  0.8274981   1.8037001   0.92374206 -0.2372455  -0.31979355
  -0.10496093  0.02084708  1.7474504   1.9704999  -0.04493153 -0.11224104
   0.1455403  -0.3596777  -0.88094807  0.0680052  -0.20041692  0.17836452
  -0.21128553 -0.32059306  0.19614194 -0.4149374  -0.4756111  -0.671931
  -0.8732436  -0.48553222 -0.36074096 -0.6469585   0.54618603 -0.64772034
  -0.41315     1.4276112   1.0525655  -0.2444891  -0.46360797 -0.35256013
  -0.12897621 -0.10992347  0.20383586 -0.22423194 -0.46458596 -0.75608784
  -0.56566244 -0.811496   -0.4654043   0.8070729   0.17575864  0.47489804
  -0.589237    0.30436206 -0.14768118  1.6461344   0.24485193 -0.34356648
   0.03662984  0.7853017   0.36054617 -0.4405903 ]]