[[ 1.5077492   0.69455165  0.09670482 -0.20829567 -0.6169748  -0.8093853
  -0.8850577  -0.5034059  -0.28969783 -0.00695134 -0.49455214 -0.8362365
   0.3093769  -0.23768432 -0.47952357  0.13528435  0.14876911  1.2677666
  -0.24546835  1.1719453   0.6947484  -0.5764494  -0.4449028  -0.6377986
   0.6669584  -0.35013258 -0.32362822  0.28682873 -0.41367903 -0.56805617
   0.15831533 -0.5168703   0.1505037  -0.39919758 -0.3715011  -0.22895546
   0.73797864  0.11524065 -0.6124807  -0.5708479  -0.4402477  -0.45268008
  -0.37574553  0.6450388   1.5608056   1.6454089  -0.43922845 -0.34026653
  -0.4528233   0.26295775  1.6062781   2.6505432   0.13867693 -0.33807483
  -0.64627963 -0.66007805 -0.84347373  0.01241548 -0.40608856  0.0403969
  -0.25699562 -0.32783237  0.29463184 -0.3482855  -0.3947844  -0.53712183
  -0.78139865 -0.46320462 -0.44579083 -0.69366145  0.12418695 -0.5429574
  -0.35815096  2.0603342   1.0426239   0.05835563 -0.0501562  -0.26946157
  -0.23003572 -0.14739434  0.5873889  -0.2606807  -0.32779828 -0.659017
  -0.36796904 -0.6552763  -0.45640567  1.0866619  -0.0520496   0.8633151
  -0.34167838  0.38254893  0.29378933  1.6925845  -0.3937496  -0.30833095
  -0.05735352  1.1946714   0.7510849  -0.4328072 ]]