[[ 0.6145757   0.6370038   0.5692935  -0.25607568 -0.6453128  -0.9012722
  -0.7998094  -0.47268197 -0.11380462 -0.29188073 -0.4370899  -1.0383877
   0.5576125  -0.24634439 -0.6026954   0.9069684  -0.40932092  0.5964398
  -0.3039665   0.67477727  2.3998055  -0.50212383 -0.7452488  -0.6056081
   0.07573931 -0.52457654 -0.36108756 -0.00830316 -0.36053887 -0.6665688
  -0.3180066  -0.40500715 -0.0100193  -0.09015454 -0.38134572 -0.430554
   0.10980619  0.4967656  -0.8768216  -0.6802384  -0.5550978   0.00661425
  -0.3990033   1.1472468   1.6614223   0.52990943 -0.22677822 -0.24968322
   0.06484956  0.05601476  1.3636662   1.7649264   0.03877438 -0.0077993
  -0.16183396 -0.5459491  -0.79892397  0.11486458 -0.22775397  0.26926282
  -0.11630315 -0.33861297  0.05158262 -0.36139917 -0.49391356 -0.5813304
  -0.82237506 -0.5532289  -0.39314744 -0.66044384  0.5478868  -0.65805006
  -0.45562267  1.32805     0.81309    -0.42072067 -0.20219818 -0.5209988
  -0.21990928 -0.07035106  0.3701699  -0.27942133 -0.47758886 -0.65404993
  -0.5710799  -0.77597743 -0.45481065  0.62202877  0.26032707  0.21268108
  -0.5941219   0.3158103  -0.33231422  0.8989813   0.2794922  -0.391197
   0.03957368  0.6417168  -0.12372416 -0.3983524 ]]