[[ 0.85949653  0.75048393  0.3437149  -0.00493062 -0.6218928  -0.87464505
  -0.84166473 -0.38699967 -0.18664567 -0.24340616 -0.5281955  -0.9834608
   0.4356578  -0.27465308 -0.5996821   0.36361367 -0.4555741   0.7881085
  -0.26767322  0.9311937   2.144714   -0.45237303 -0.66898656 -0.6534934
   0.07189368 -0.5244328  -0.34347317 -0.23366137 -0.32663038 -0.70089734
  -0.335119   -0.37467918  0.22134422 -0.20149197 -0.2445855  -0.3492993
   0.51725435  0.24825269 -0.85336936 -0.5791207  -0.5593193   0.09443048
  -0.4290412   1.151481    1.5856222   0.7176136  -0.32126546 -0.03186172
   0.12699763  0.03971757  1.7122334   1.8612665   0.1872362   0.39416566
  -0.70412093 -0.8174804  -0.7929674   0.24777205 -0.3355706   0.44287473
  -0.22384946 -0.26072434 -0.00948299 -0.33505043 -0.4763099  -0.5539957
  -0.90872574 -0.46162587 -0.41843593 -0.5755067   0.67430204 -0.60992825
  -0.50972694  1.3338008   0.9632201  -0.3642893  -0.39012682 -0.45084745
  -0.0524822  -0.16444285  0.33823273 -0.41204476 -0.45978937 -0.59855473
  -0.48673826 -0.77704567 -0.45433304  0.6551061   0.15068105  0.46664405
  -0.52764165  0.36649883 -0.15362506  0.816759    0.20970562 -0.37909093
   0.24776848  0.8956521  -0.1309969  -0.38686484]]