[[ 0.53534704  0.97746134  0.4675793  -0.10792869 -0.58010745 -0.89485526
  -0.9140011  -0.43293872 -0.17950402 -0.24735251 -0.6007072  -0.9774419
   0.3152202  -0.22806565 -0.583748    0.8282789  -0.48563573  0.8561436
  -0.31504574  0.96351975  2.4703488  -0.45813316 -0.59271365 -0.59671974
   0.00500449 -0.44549546 -0.3237572  -0.13973543 -0.36685157 -0.66590303
  -0.35655946 -0.53599805  0.05047959  0.07777708 -0.12490467 -0.27966747
   0.6594227   0.05415646 -0.8242704  -0.58502233 -0.5466421  -0.20826174
  -0.42654502  1.5476518   1.1456703   0.5675909  -0.3518362   0.10869786
  -0.15791151  0.26513702  1.1844548   1.9176812   0.03857746 -0.10503498
  -0.70853305 -0.8196262  -0.70635253 -0.10380374 -0.3602408   0.09516718
  -0.13013877 -0.2715931  -0.01280835 -0.4913393  -0.5078374  -0.5742924
  -0.8575304  -0.5527387  -0.43471342 -0.66608983  0.6546106  -0.5476503
  -0.49080598  1.2413493   1.1691724  -0.50690687 -0.06147546 -0.5048638
   0.13454239 -0.03432677  0.55964017 -0.33599526 -0.45203036 -0.5912049
  -0.51571184 -0.76761615 -0.47043052  0.74958485  0.19420992  0.4988132
  -0.51094747  0.5956946  -0.04759031  0.72942555  0.4868527  -0.41314802
   0.3873963   0.79572934 -0.12992808 -0.49879888]]