[[ 1.0235608   0.65550745  0.42653912 -0.2880802  -0.63613474 -0.861558
  -0.86919296 -0.5415267  -0.22290623 -0.24490744 -0.3914277  -1.016617
   0.4904631  -0.2804905  -0.62504387  0.661187   -0.13165739  0.7296872
  -0.33785468  0.68651295  2.5158734  -0.5019805  -0.82153636 -0.6533024
   0.26312506 -0.66332376 -0.3805805   0.23961496 -0.32235673 -0.5875972
   0.00443959 -0.29941687  0.02730669 -0.17083426 -0.23049304 -0.45067272
   0.05995951  0.43401843 -0.7759789  -0.6970661  -0.54073036 -0.05742812
  -0.3616767   1.0901781   1.4846573   1.1131366  -0.4304834  -0.24117339
  -0.1567713  -0.10105206  2.0082524   1.7977182  -0.09233308  0.06002489
  -0.18794508 -0.5240019  -0.9197298   0.1354418  -0.29220796  0.19964062
  -0.237      -0.35726282  0.1725164  -0.47683367 -0.47114834 -0.5620922
  -0.867665   -0.52263814 -0.42059344 -0.605747    0.695068   -0.6479455
  -0.43525216  1.3406886   0.9494403  -0.15645479 -0.45981067 -0.30111647
  -0.14794786 -0.1124638   0.16884302 -0.36426708 -0.45728555 -0.7394863
  -0.60800916 -0.7796565  -0.4890226   0.7120809  -0.18920721  0.37544265
  -0.58496314  0.31769326 -0.12922502  1.784417    0.17420755 -0.35670432
   0.05805479  0.7392208   0.42525098 -0.5327596 ]]