[[ 1.1154073   0.47766995  0.38641167 -0.25252947 -0.6918701  -0.9981773
  -0.8400262  -0.60422915 -0.3488582   0.00932774 -0.5303688  -0.9147224
   0.6271872  -0.25256622 -0.5194252   0.95680064 -0.21589631  1.1284493
  -0.36553556  1.0178089   1.631522   -0.57661235 -0.54944193 -0.708171
   0.2604252  -0.4370921  -0.3399465   0.32101333 -0.4453964  -0.57674676
  -0.14045072 -0.5861232   0.10946286 -0.21454117 -0.43586963 -0.31331095
   0.6507001  -0.08325318 -0.69011    -0.6660256  -0.5194829  -0.44736284
  -0.3882899   1.1562774   1.4416999   1.2071835  -0.40770197 -0.3593284
  -0.52422947  0.39816347  1.3579205   2.2724688   0.17708543 -0.3634187
  -0.5480414  -0.705409   -1.0152415  -0.03551787 -0.3960089   0.08044843
  -0.24959157 -0.35433027  0.31773648 -0.37848696 -0.5299222  -0.56118506
  -0.76299995 -0.5336453  -0.43968278 -0.73100203  0.67073447 -0.62659043
  -0.40541255  1.7384981   1.2689258   0.02602604 -0.27148342 -0.41791895
  -0.30160266 -0.04066121  0.47833544 -0.14939976 -0.4039041  -0.6812047
  -0.52984095 -0.7140974  -0.46484172  0.8685082  -0.1378155   0.6986249
  -0.47512028  0.33980986  0.1890848   1.6548166  -0.18510011 -0.37692824
   0.01288575  1.0404124   0.6898561  -0.5847473 ]]