[[ 1.3722304e+00  9.3011564e-01  2.9406747e-01 -3.1213745e-01
  -6.4522034e-01 -9.3503815e-01 -1.0418391e+00 -4.6482337e-01
  -1.9057962e-01 -5.7380661e-02 -5.3934669e-01 -1.0359962e+00
  -6.6420585e-02 -2.5145751e-01 -6.7216480e-01  4.9759728e-01
  -3.1567541e-01  6.9159901e-01 -4.0408811e-01  1.3345739e+00
   2.3612316e+00 -5.0302017e-01 -8.0298150e-01 -7.4729592e-01
   2.5834394e-01 -6.7414069e-01 -4.8603708e-01  1.3615793e-01
  -4.0134913e-01 -6.6889572e-01 -2.6254728e-04 -5.3870660e-01
   2.3391294e-01 -2.1259333e-01 -3.9678678e-01 -5.1659238e-01
   1.3527775e-01  4.6202368e-01 -8.3005667e-01 -6.9797695e-01
  -5.8689600e-01  2.4257660e-02 -3.7030768e-01  1.0364909e+00
   2.4405468e+00  1.3006099e+00 -3.6834943e-01 -1.8559790e-01
  -6.5773297e-03 -4.5534678e-02  1.9395720e+00  2.9142032e+00
  -1.6579050e-01 -5.9842121e-02 -4.0122563e-01 -6.5746814e-01
  -1.0206803e+00  6.0625482e-02 -3.3808592e-01  3.4300029e-01
  -2.3278610e-01 -3.7935397e-01  3.8345915e-01 -4.8019063e-01
  -4.9917611e-01 -7.3676360e-01 -1.0363868e+00 -5.5691409e-01
  -3.9802176e-01 -6.5813804e-01  8.3952278e-01 -7.2899425e-01
  -3.9507189e-01  1.7812201e+00  1.0614176e+00 -9.3868777e-02
  -3.4820288e-01 -2.0978549e-01 -2.7097616e-01 -9.2268579e-02
   2.4218294e-01 -3.2876688e-01 -4.9376070e-01 -8.1982660e-01
  -6.0740161e-01 -8.7127495e-01 -4.3726307e-01  1.2736888e+00
   1.5773965e-01  1.0552047e+00 -6.3912427e-01  4.1414672e-01
   9.4510429e-03  2.0654075e+00 -9.8662496e-02 -3.3560488e-01
  -1.9453093e-02  1.1173680e+00  6.3599509e-01 -4.4418189e-01]]