[[ 0.70570636  1.0366439   0.13688157 -0.0752902  -0.485426   -0.6822713
  -0.70831764 -0.3176094  -0.04378655 -0.20320341 -0.44819805 -0.79458314
   0.28124443 -0.24029705 -0.39861557 -0.18016335 -0.44136694  0.25548026
  -0.17542319  1.2541116   0.8603503  -0.49801904 -0.4150957  -0.5497284
   0.03179238 -0.16185966 -0.39939737 -0.4299163  -0.3075236  -0.6878085
  -0.26457655 -0.5471783   0.16398606 -0.35136765 -0.4469341  -0.25639918
   0.10655142  0.46668175 -0.76740193 -0.48638365 -0.4080033  -0.23988888
  -0.42918244 -0.0317853   2.0695136   0.10453635 -0.3818291  -0.32247698
   0.4119387   0.2352966   0.7325486   2.4468985   0.32435587 -0.19160238
  -0.536551   -0.55207187 -0.6389301   0.1407409  -0.34840918  0.24613652
  -0.1661661  -0.24619874  0.0867245  -0.18936077 -0.3526161  -0.4996484
  -0.73657954 -0.28931704 -0.34849218 -0.5796156  -0.35488337 -0.48963082
  -0.347872    1.7828137   0.64394885 -0.47963384 -0.0166994  -0.4452484
  -0.17347969 -0.2639616   0.81116575 -0.2012027  -0.39183214 -0.4776315
  -0.16423768 -0.658997   -0.36266515  1.1572562   0.6381139   0.6545561
  -0.2998548   0.24152271 -0.0611436   0.01020468 -0.15251665 -0.32562453
  -0.08883207  0.9721858  -0.2108838  -0.27329996]]