[[ 0.5167563   1.0197582   0.04833644 -0.23591271 -0.54119366 -0.8793542
  -0.8911306  -0.3411877   0.00327601 -0.03421517 -0.4976829  -0.9763919
   0.33800825 -0.28812766 -0.5204054   0.01045378 -0.31335685  1.2353486
  -0.27147767  0.915776    1.6300492  -0.60911375 -0.6751351  -0.58071345
   0.35039628 -0.41071403  0.15474167 -0.06640996 -0.38818333 -0.80584
  -0.01871673  0.34047493  0.03422748 -0.5251034  -0.50400305 -0.17021553
   0.5351012   1.0421453  -0.9405529  -0.6565616  -0.4568516   0.1575426
  -0.49018025  1.1728941   1.7866375   0.39747167  0.03659289  0.07712123
   0.34863052  0.21613805  1.5701606   1.9650726  -0.0232648  -0.11538911
  -0.00912493 -0.37276736 -0.57804245  0.67554134 -0.15940346  0.1634341
  -0.13733853 -0.2994544  -0.12364694 -0.3390761  -0.4113786  -0.5168909
  -0.92019486 -0.55817807 -0.35912412 -0.5522682  -0.06044874 -0.7537756
  -0.47151488  1.1760985   0.63031816 -0.38731062 -0.44886348 -0.38883325
  -0.3530779  -0.31678712  0.13409737 -0.25382265 -0.41284528 -0.6545113
  -0.48281482 -0.83568114 -0.43164957  0.58791757  1.0441192   0.51163954
  -0.55237293  0.08474816 -0.31629097  0.64868265 -0.01377185 -0.3556478
  -0.06977908  0.785759   -0.34805366 -0.14770795]]