[[ 0.9541137   0.75880635  0.39728934 -0.03706439 -0.5869638  -0.87273073
  -0.88523936 -0.52794796 -0.17486297 -0.1954153  -0.4315301  -0.9539019
   0.6369395  -0.28229856 -0.57291347  0.42126876 -0.2988059   0.7022916
  -0.29439318  0.73007184  2.1578164  -0.54542345 -0.7029308  -0.6910026
   0.2854637  -0.6228943  -0.43168893  0.0029755  -0.285381   -0.69093984
  -0.19793047 -0.09166145  0.05852995 -0.3062983  -0.26606417 -0.43215692
   0.1374558   0.38840547 -0.86047894 -0.62039375 -0.57279456  0.00593723
  -0.41967928  0.8425367   1.8692465   0.6963966  -0.26247597 -0.18878826
  -0.12774    -0.01384418  1.695176    1.8422287   0.2138217   0.24663407
  -0.1236994  -0.43768877 -0.8383178   0.5860733  -0.19744955  0.51615757
  -0.27170724 -0.30150437 -0.04760082 -0.2067949  -0.440499   -0.5780481
  -0.93645793 -0.39112914 -0.36504126 -0.6081889   0.39490488 -0.6595154
  -0.45447242  1.3871969   0.90981704 -0.13840838 -0.49697423 -0.3486329
  -0.12492448 -0.19056262  0.23265858 -0.35258016 -0.43176165 -0.61511093
  -0.4918041  -0.7872103  -0.46561483  0.7768985  -0.06579141  0.52425295
  -0.5460101   0.17120647 -0.22937518  1.1668952   0.2412356  -0.3550839
   0.1377857   0.9233888   0.01133914 -0.51041543]]