[[ 8.9538050e-01  1.1359117e-01  1.1319159e+00 -2.8529283e-01
  -7.9347908e-01 -9.4398689e-01 -7.6639521e-01 -3.2524997e-01
  -1.7110260e-01 -3.5740513e-01 -5.9105259e-01 -1.0917869e+00
   4.3295510e-04 -2.6849374e-01 -6.3116550e-01  1.7625693e+00
  -5.9889746e-01  5.0060266e-01 -4.8345053e-01  6.0796249e-01
   3.3192532e+00 -3.7356600e-01 -8.5717875e-01 -5.5129999e-01
  -6.3813888e-02 -6.0466850e-01 -3.9678186e-01  1.3972464e-01
  -4.2666399e-01 -6.2445945e-01 -2.7248093e-01 -7.6231265e-01
   6.7179829e-02  4.8940438e-01 -5.0663704e-01 -4.0546113e-01
   1.1118617e-02 -2.5655401e-03 -8.5356760e-01 -6.1647391e-01
  -6.0230356e-01 -7.2164424e-02 -4.1227847e-01  2.6019883e+00
   1.2302861e+00  6.6233540e-01 -4.2678908e-01 -3.0406511e-01
  -1.5485431e-01 -1.1195881e-01  1.0555946e+00  1.5187809e+00
  -9.7474597e-02 -1.5890557e-02 -7.1768743e-01 -9.4835466e-01
  -1.1004382e+00 -1.5379052e-01 -3.6044312e-01  3.1727141e-01
  -2.1717618e-01 -3.8046372e-01  1.5682267e-01 -5.6831408e-01
  -5.5429059e-01 -6.2489974e-01 -9.0520012e-01 -5.5517274e-01
  -4.6699220e-01 -5.8644629e-01  1.4483625e+00 -6.6485316e-01
  -4.6290693e-01  9.3510228e-01  1.1846466e+00 -1.7090616e-01
  -5.2566409e-01 -3.8868272e-01 -3.6897990e-01  6.7742586e-02
   2.4214800e-01 -4.3094006e-01 -6.2220955e-01 -7.6026243e-01
  -8.8839322e-01 -8.6733401e-01 -4.6658421e-01  6.8542421e-01
  -2.1663126e-01  7.8270799e-01 -6.9577110e-01  6.1741835e-01
  -3.7469637e-02  1.5845786e+00  2.5730550e-01 -4.4582582e-01
  -6.6943452e-02  8.2415080e-01  2.4646014e-01 -5.4506910e-01]]