[[ 0.7763497   0.37021205  0.6932597  -0.27838534 -0.6800593  -0.8671596
  -0.76462215 -0.45313329 -0.09508817 -0.31613103 -0.46153012 -0.99905837
   0.38343164 -0.26706722 -0.50027376  1.1071019  -0.38874373  0.5983964
  -0.37457687  0.41306743  2.752151   -0.47461343 -0.7747369  -0.5363154
   0.07322021 -0.5385332  -0.29956535  0.10172825 -0.33127418 -0.65166456
  -0.14758055 -0.42607185 -0.07543937  0.03312729 -0.34743077 -0.37184134
   0.01036314  0.38400286 -0.8258779  -0.66297936 -0.51996356 -0.03138234
  -0.42682162  1.5267403   1.1017424   0.49810624 -0.34217477 -0.29889667
  -0.12097622  0.02418579  1.3231115   1.1048939  -0.01884966 -0.02013798
  -0.10942423 -0.49965167 -0.8688518   0.22508211 -0.25128075  0.26035827
  -0.2077108  -0.31838745  0.03118781 -0.48874876 -0.4552382  -0.55547494
  -0.80684245 -0.48663545 -0.39824888 -0.5707509   0.7028406  -0.60759526
  -0.4362895   0.89084846  0.88813525 -0.2877048  -0.5564695  -0.3987166
  -0.24324173 -0.09653962  0.17207488 -0.28444222 -0.51340675 -0.6921997
  -0.67824143 -0.8163777  -0.4787151   0.5579502  -0.04708652  0.5647298
  -0.5728097   0.27489054 -0.20636962  1.3522248   0.29184896 -0.39858997
   0.01394065  0.65839356  0.08130687 -0.5270586 ]]