[[ 0.4429262   1.0921869   0.65698206 -0.25351924 -0.6649604  -0.8957188
  -0.8519614  -0.4234645  -0.14104772 -0.33607838 -0.48110923 -1.1421316
   0.2900717  -0.28314364 -0.70545506  0.9249947  -0.43432963  0.49256432
  -0.3897872   0.5218653   2.8158112  -0.5270233  -0.7215984  -0.55147594
   0.37701553 -0.7314264  -0.13699432  0.08614807 -0.40860233 -0.7341021
  -0.03899788  0.13034566 -0.07302637  0.02817965 -0.40264955 -0.46982026
  -0.14867412  0.525355   -0.96548337 -0.6870016  -0.5119117  -0.11625946
  -0.40583104  2.1070766   1.3180343   0.36112952 -0.4334014   0.19504102
   0.01338449 -0.13343959  1.3939927   1.5264263  -0.14656839 -0.18167223
  -0.29713857 -0.616076   -0.88773906  0.2271575  -0.29517445  0.1895556
   0.06781521 -0.37815195 -0.15590943 -0.4224405  -0.52204657 -0.6094035
  -0.85324115 -0.5935898  -0.42721802 -0.59652495  0.45560992 -0.7532496
  -0.5187559   1.1721722   0.8703109  -0.44097733 -0.28593117 -0.5144708
  -0.26087722  0.10568799  0.28617185 -0.4116792  -0.49476105 -0.6761471
  -0.6532491  -0.86603343 -0.47849244  0.46188262  0.16579728  0.05296814
  -0.66258067  0.44040832 -0.34776086  0.74805886  0.64905167 -0.44568056
  -0.06948909  0.5566309  -0.31161454 -0.485213  ]]