[[ 8.6235774e-01  6.2512112e-01  8.4072334e-01 -2.4507715e-01
  -7.0492929e-01 -8.5129809e-01 -7.4990463e-01 -4.0821663e-01
  -1.4198416e-01 -3.2954150e-01 -4.7112557e-01 -1.0600791e+00
   3.2537720e-01 -2.8511459e-01 -6.8372524e-01  1.1588596e+00
  -1.3622971e-01  6.0764873e-01 -4.1749153e-01  4.8144224e-01
   2.7793810e+00 -4.6961993e-01 -9.0217680e-01 -5.2276605e-01
   2.5439596e-01 -6.8492597e-01 -3.1058177e-01  1.2530790e-01
  -3.8657030e-01 -5.7900685e-01  2.4311875e-03 -2.8337422e-01
  -1.8621385e-02  2.0775741e-01 -3.0070674e-01 -4.3787000e-01
  -1.3651437e-01  4.7465193e-01 -8.3949935e-01 -6.6417915e-01
  -4.9166870e-01 -1.8938455e-01 -3.8664976e-01  1.9298142e+00
   1.0835471e+00  1.0180775e+00 -4.7742236e-01 -2.5677988e-01
  -1.3213271e-01 -1.7939103e-01  1.7251178e+00  1.3929211e+00
  -9.9109463e-02 -1.0760146e-01 -4.9118814e-01 -7.0320010e-01
  -9.7084814e-01  7.4313864e-02 -3.3595228e-01  2.1452412e-01
  -1.3963272e-01 -4.3396980e-01  4.5611881e-02 -5.0059611e-01
  -4.8546612e-01 -5.7297122e-01 -8.3172214e-01 -4.7698930e-01
  -4.4386479e-01 -5.6367886e-01  6.3962257e-01 -6.5803045e-01
  -4.6964088e-01  1.1036723e+00  9.4632167e-01 -3.9273274e-01
  -5.5132967e-01 -4.2176422e-01 -2.3914880e-01 -4.7945324e-02
  -1.1566500e-03 -3.9650533e-01 -5.3205311e-01 -7.6087278e-01
  -6.9650680e-01 -7.9360586e-01 -5.0010252e-01  5.0494146e-01
  -2.2641332e-01  2.2465469e-01 -6.3365662e-01  4.3138957e-01
  -2.8637177e-01  1.4703270e+00  3.5758713e-01 -3.9100012e-01
  -8.2580931e-02  6.6871166e-01  2.0959561e-01 -5.3729445e-01]]