[[ 0.9041892   0.5919128   0.79479736 -0.24616447 -0.66206336 -0.91126746
  -0.8662964  -0.44662225 -0.13303442 -0.19007412 -0.54507047 -1.0071709
   0.16489951 -0.2387921  -0.68158513  1.1511704  -0.3255782   0.712209
  -0.48583004  1.0133451   2.5543551  -0.48678133 -0.79967487 -0.64707446
   0.11040848 -0.64862055 -0.43287542  0.20257789 -0.44379976 -0.5743598
  -0.07032104 -0.64020026  0.03435164  0.13064928 -0.4250319  -0.47987592
   0.11980912  0.18510544 -0.82856995 -0.6880174  -0.522916   -0.21069883
  -0.37180442  1.6323024   1.6401517   1.1838527  -0.47600704 -0.24250165
  -0.2858083   0.01192563  1.6633157   2.2455006  -0.01059263 -0.23934664
  -0.34903866 -0.588441   -0.9556532  -0.00924443 -0.37977234  0.34494254
  -0.0442373  -0.3676027   0.18141283 -0.4900932  -0.4966994  -0.6241634
  -0.9166853  -0.53925854 -0.45237383 -0.61500853  0.79912555 -0.6494534
  -0.43050832  1.3942144   1.0979586  -0.290232   -0.34805068 -0.3176571
  -0.3095817   0.07363668  0.2679657  -0.34396237 -0.5186156  -0.8002976
  -0.7073592  -0.802931   -0.49604312  0.9070068  -0.20073494  0.8078983
  -0.61913705  0.51217026 -0.05675136  1.8430452   0.23932041 -0.4001498
  -0.07779504  0.9162899   0.530774   -0.5731172 ]]