[[ 1.4752389   0.48525894  0.1557615  -0.17232293 -0.5775932  -0.7313559
  -0.8220529  -0.45070273 -0.2804346  -0.04206894 -0.4414448  -0.8327655
   0.29840267 -0.2604388  -0.53384095  0.1309246   0.265243    1.3514156
  -0.20621476  1.1059129   0.46105734 -0.5639457  -0.4222893  -0.599761
   0.68477845 -0.3221671  -0.32929474 -0.06142433 -0.38155532 -0.5384687
   0.19604059 -0.51259536  0.12775292 -0.39043394 -0.36617    -0.2675627
   0.5386459   0.23731574 -0.6918516  -0.5987589  -0.43076462 -0.39367747
  -0.41535136  0.6751462   1.508308    1.7833344  -0.3865213  -0.4435894
  -0.39958817  0.19065732  1.8454943   2.434343    0.13288347 -0.2826945
  -0.61959773 -0.62103    -0.7328767   0.05790204 -0.40297252  0.10815053
  -0.23194255 -0.34412372  0.27731282 -0.3545325  -0.37698114 -0.44024476
  -0.72601956 -0.4657566  -0.46306428 -0.68051606 -0.19469813 -0.5346596
  -0.35236433  1.8715392   0.6010527  -0.28517506 -0.04958336 -0.34177864
  -0.2604442  -0.106824    0.6523058  -0.28763366 -0.34191898 -0.6537712
  -0.371129   -0.6469214  -0.45720986  0.8163541  -0.0816521   0.8077551
  -0.3133766   0.24122232 -0.03978831  1.42832    -0.39807683 -0.2930594
  -0.15563639  1.1103792   0.6338974  -0.38920555]]