[[ 0.98000073  0.78383976  0.42222738 -0.06940947 -0.59413105 -0.8169345
  -0.7756631  -0.49158433 -0.13189833 -0.20339835 -0.427757   -0.91091514
   0.6491364  -0.27907914 -0.56741655  0.34668002 -0.15521187  0.64343756
  -0.29640135  0.8491701   1.853785   -0.5437072  -0.69691867 -0.63570833
   0.26987034 -0.51786447 -0.4040348   0.14334963 -0.35716888 -0.6026929
  -0.14519642 -0.32096094  0.10895614 -0.2855408  -0.2655592  -0.39864117
   0.23214552  0.5020362  -0.76873463 -0.63555753 -0.48684785 -0.15968302
  -0.39564764  0.70913416  1.545444    0.9958866  -0.4200833  -0.31308454
  -0.02159887 -0.02040347  1.7408175   1.9157264   0.216122    0.02291279
  -0.187401   -0.45286277 -0.82509804  0.2911846  -0.27906516  0.35941994
  -0.20978755 -0.30134436  0.08945848 -0.23645465 -0.42973512 -0.53177834
  -0.8147108  -0.35039213 -0.39700493 -0.59655815  0.1740795  -0.586454
  -0.41500175  1.5144118   0.9404092  -0.23104356 -0.43663737 -0.4239489
  -0.10301635 -0.10426255  0.28248703 -0.28576747 -0.41819078 -0.6559307
  -0.39575273 -0.69320786 -0.4710014   0.64525247  0.02627744  0.32528582
  -0.48594669  0.21586442 -0.16000876  1.1458825   0.14245853 -0.31967527
  -0.00363951  0.90000093  0.30557117 -0.44894204]]