[[ 0.729635    0.73717093  0.717412   -0.03604163 -0.6335694  -0.8691112
  -0.788648   -0.43281212 -0.18184605 -0.29740837 -0.53944707 -0.9612932
   0.4922919  -0.25166592 -0.63196117  0.97363055 -0.23391803  0.7807134
  -0.35016453  0.83199555  2.3296533  -0.468489   -0.7187777  -0.55715656
   0.08164057 -0.51411754 -0.3308795   0.02354609 -0.3757371  -0.5752833
  -0.2439813  -0.4685181   0.04876257  0.17597735 -0.16155337 -0.31967187
   0.44766402  0.1708207  -0.81019515 -0.6090216  -0.503696   -0.32420984
  -0.39295858  1.6497933   1.0570011   0.9159485  -0.45125487 -0.11515832
  -0.2742171   0.07662684  1.4216943   1.7878406   0.13562386 -0.1120434
  -0.6869385  -0.7908682  -0.7896516   0.01813587 -0.38270319  0.20640641
  -0.14720172 -0.32270434  0.02647492 -0.42129725 -0.48303878 -0.52662086
  -0.8152644  -0.44940796 -0.44692343 -0.63683265  0.53834915 -0.5328544
  -0.4786047   1.2774292   1.1906703  -0.4090109  -0.21827081 -0.51726604
   0.06625366 -0.0408275   0.3791834  -0.36559004 -0.46342078 -0.6470255
  -0.4771722  -0.712004   -0.49103725  0.66280323 -0.06969067  0.34737185
  -0.5183166   0.5621691  -0.13266456  1.0472664   0.40461683 -0.40564924
   0.16007379  0.83085716  0.12714058 -0.5318927 ]]