[[ 0.6493086   0.90940475  0.3325633  -0.17512915 -0.5607879  -0.8446594
  -0.94573975 -0.40200716 -0.22326873 -0.2537648  -0.4663592  -1.0529251
   0.7401928  -0.283369   -0.64325154  0.44706774 -0.36976507  0.8261823
  -0.15171798  0.75953066  2.3949971  -0.48244578 -0.67006165 -0.6457606
   0.15709646 -0.61578816 -0.1995852  -0.24005054 -0.18785389 -0.7057868
  -0.18127023  0.14309768  0.06445917 -0.2172825  -0.27217844 -0.2747625
   0.23608248  0.4901048  -0.9579481  -0.64742976 -0.55338454  0.03422769
  -0.4222247   1.481672    1.6693683   0.42792076 -0.41196156 -0.00465801
   0.02319134  0.06610707  1.7219762   2.0159357   0.09421352  0.34525058
  -0.3427542  -0.5775193  -0.7913322   0.48942775 -0.32023314  0.363184
  -0.17756197 -0.3171645  -0.07469801 -0.34460396 -0.48801002 -0.4639991
  -0.9220622  -0.53631586 -0.41936082 -0.6025009   0.36526105 -0.68904334
  -0.47385934  1.3335302   0.8732341  -0.5229306  -0.2738822  -0.46379718
  -0.1066479  -0.21311192  0.35610887 -0.44880095 -0.48701963 -0.61986125
  -0.5208001  -0.78717816 -0.46867993  0.8021731   0.21118876  0.31246674
  -0.53193605  0.33851868 -0.3285855   0.69855034  0.3061703  -0.40613174
   0.240341    0.84820783 -0.38418376 -0.44130617]]