[[ 0.883277    0.62516856  0.81867075 -0.0683112  -0.65709335 -0.82469237
  -0.66872555 -0.51444936 -0.10294442 -0.38598168 -0.32355702 -0.9985418
   0.92663676 -0.29660535 -0.5600209   0.9982333  -0.27208072  0.4440035
  -0.31970108  0.47099462  2.558101   -0.5110558  -0.7899909  -0.5936942
   0.1930944  -0.5810106  -0.32878828  0.15564103 -0.28739214 -0.6046533
  -0.22591689 -0.23769033  0.04035049 -0.04742257 -0.19566387 -0.40310863
   0.0600717   0.47903535 -0.8376912  -0.66945344 -0.5193305  -0.09691419
  -0.42902195  1.4998184   1.2247099   0.71214044 -0.3821555  -0.31781968
  -0.0622775  -0.10627486  1.6237237   1.2990263   0.32501212  0.10217469
   0.04403007 -0.3969028  -0.8728218   0.42644614 -0.19262525  0.5282189
  -0.26023775 -0.3121271  -0.00630248 -0.26895735 -0.46539405 -0.50923747
  -0.79642695 -0.29982677 -0.40697348 -0.5943278   0.40753856 -0.6054267
  -0.44623694  1.1358898   1.1194059  -0.32182238 -0.6632143  -0.52727824
  -0.03839865 -0.11280265  0.07758006 -0.22812286 -0.48370525 -0.6887678
  -0.52319896 -0.76408494 -0.5036087   0.42008722 -0.19946665  0.25850734
  -0.5617053   0.23626484 -0.35062286  1.0685906   0.49319333 -0.34519514
   0.06975626  0.7931902   0.04198498 -0.5323391 ]]