[[ 1.10900891e+00  4.35087204e-01  1.21132565e+00 -2.53421754e-01
  -8.37411046e-01 -9.58918989e-01 -6.16503716e-01 -3.50499094e-01
  -1.24637201e-01 -4.00625914e-01 -5.49667418e-01 -1.08814394e+00
   4.32963938e-01 -2.57274717e-01 -6.60508931e-01  1.84059882e+00
   8.40785950e-02  6.45325541e-01 -4.54419285e-01  6.13261878e-01
   2.93036938e+00 -4.24437255e-01 -9.65833902e-01 -4.95293319e-01
   2.71447361e-01 -6.02212965e-01 -3.17833304e-01  3.13974708e-01
  -4.41254258e-01 -5.30879676e-01 -1.66422188e-01 -5.43280125e-01
   1.02397069e-01  6.45538986e-01 -3.13967317e-01 -3.36444050e-01
   5.39518008e-03  3.64577591e-01 -8.56223464e-01 -6.03706002e-01
  -4.90212440e-01 -2.48572260e-01 -3.34511995e-01  2.55932450e+00
   1.14335537e+00  1.42805672e+00 -5.15366018e-01 -4.62484658e-01
  -2.66170949e-01 -1.17309444e-01  1.59384978e+00  1.60133767e+00
  -2.48286873e-02 -1.17379606e-01 -7.17156768e-01 -8.95066261e-01
  -1.11837626e+00 -9.25353765e-02 -3.91784608e-01  2.17061430e-01
  -1.75911382e-01 -4.77537304e-01  7.68832490e-02 -5.18562615e-01
  -5.05973876e-01 -5.42948604e-01 -8.50273371e-01 -4.62162137e-01
  -4.44620907e-01 -5.51415741e-01  1.01306355e+00 -6.31439626e-01
  -4.89737153e-01  1.49024487e+00  1.42013597e+00 -3.56178492e-01
  -5.26558459e-01 -5.50895870e-01 -1.92503229e-01  1.69710210e-03
   1.96509838e-01 -3.78300816e-01 -5.93993843e-01 -7.85773396e-01
  -7.80701697e-01 -7.42596269e-01 -4.94438052e-01  6.16479218e-01
  -4.29254860e-01  1.64273337e-01 -6.42428219e-01  7.05452323e-01
  -2.16408834e-01  1.68276393e+00  4.20370936e-01 -3.97025049e-01
  -9.46601257e-02  9.91264641e-01  3.02879661e-01 -6.07180417e-01]]