[[ 0.78542393  0.7224074   0.03567174 -0.34463805 -0.54675454 -0.8471114
  -0.8520971  -0.35822678 -0.03180973 -0.24820624 -0.47061825 -1.0048845
   0.22604214 -0.27938604 -0.51362026  0.5201216  -0.4986542   0.41828367
  -0.28954318  0.6987725   1.82498    -0.5153937  -0.6401352  -0.62347436
   0.20763223 -0.4064703  -0.41985777 -0.20389767 -0.34359956 -0.7571012
  -0.3414949  -0.46517125  0.1386737  -0.5326193  -0.46686903 -0.45072937
   0.06922826  0.62208295 -0.8430067  -0.6878911  -0.57236844  0.29419887
  -0.46232876  0.32737866  1.7966728   0.21458103 -0.08228304 -0.069538
   0.39009914  0.08435268  1.0359021   1.7255448  -0.14342724  0.07942713
   0.00567293 -0.3788155  -0.6899333   0.08797561 -0.21451165  0.20544046
  -0.12353253 -0.22620623  0.00672878 -0.35370156 -0.48301774 -0.63047916
  -0.8525874  -0.5308835  -0.37070966 -0.6460805   0.46406698 -0.64018786
  -0.40945974  1.2523545   0.5891658  -0.3861128  -0.33399257 -0.5135209
  -0.3067558  -0.19584963  0.25517285 -0.19042079 -0.49957326 -0.58971876
  -0.43341023 -0.8379088  -0.38403293  0.64010286  0.7617491   0.48545572
  -0.5334503   0.09210152 -0.37735298  0.7707459   0.02299474 -0.34781685
   0.08772421  0.6886257  -0.3158145  -0.18304321]]