[[ 0.7797313   1.0498872   0.46324053  0.03624859 -0.6316882  -0.8059347
  -0.85179406 -0.43955258 -0.14749846 -0.2826627  -0.52070594 -0.89271176
   0.55687904 -0.24597828 -0.5896873   0.3242281  -0.298837    0.50726944
  -0.19194731  0.7814984   1.8825147  -0.49981126 -0.4601976  -0.582696
   0.12244667 -0.49351084 -0.34464386 -0.15406303 -0.31471086 -0.63180166
  -0.2145402  -0.36578628  0.02422995 -0.13756117 -0.02375348 -0.32599255
   0.16517901  0.21399309 -0.80252635 -0.57260776 -0.47978488 -0.32657364
  -0.4209444   0.99077976  1.5448499   0.4581443  -0.35273102 -0.33147645
  -0.21422341  0.04991689  1.2225791   1.9646891   0.27797902 -0.03046503
  -0.6450356  -0.7028928  -0.7592534   0.25511616 -0.31041738  0.31253347
  -0.17629059 -0.35216278 -0.00723754 -0.22622244 -0.45832658 -0.49319947
  -0.7807688  -0.37788782 -0.40811688 -0.6668104   0.06856064 -0.5342336
  -0.44984084  1.6009914   0.9860581  -0.39575967 -0.14254779 -0.45857188
   0.23221603 -0.17290291  0.6210128  -0.36806694 -0.38966736 -0.54328525
  -0.3506739  -0.71581596 -0.4666616   0.8436186   0.02677106  0.564801
  -0.41747737  0.37716636 -0.15876192  0.5751724   0.26393974 -0.39718866
   0.2390742   0.84282315 -0.01911882 -0.4140441 ]]