[[ 0.4384689   1.0821091   0.6845424  -0.23962207 -0.6664744  -0.89699185
  -0.8409535  -0.41895568 -0.12848128 -0.3446008  -0.48154718 -1.1364806
   0.31735724 -0.2853351  -0.72439134  0.9884465  -0.43979862  0.49410316
  -0.39498264  0.51660913  2.8023164  -0.5289881  -0.72160316 -0.551535
   0.35774013 -0.7303057  -0.12919979  0.08145997 -0.40989068 -0.72881734
  -0.04175017  0.10830913 -0.06652793  0.02604644 -0.40638405 -0.46998817
  -0.1407226   0.5053393  -0.9623919  -0.68253446 -0.50715154 -0.14775987
  -0.40889242  2.116678    1.2511257   0.35984397 -0.45112398  0.19656432
   0.01482035 -0.14399095  1.3904655   1.5169369  -0.13163477 -0.18163197
  -0.29177654 -0.5809803  -0.8845469   0.2338342  -0.33462766  0.19904584
   0.06897845 -0.34674865 -0.16113192 -0.4223692  -0.52292454 -0.60394996
  -0.85703695 -0.59282017 -0.44018513 -0.59088796  0.4364255  -0.7460258
  -0.5184837   1.1592634   0.8701552  -0.4405589  -0.29177842 -0.5178196
  -0.2645982   0.1283439   0.2871297  -0.4231088  -0.4969622  -0.67797136
  -0.653729   -0.8660023  -0.48255348  0.4490553   0.1549453   0.06207724
  -0.6644127   0.44145277 -0.34534422  0.73315096  0.6586263  -0.44973478
  -0.07920779  0.57516795 -0.31245187 -0.4901074 ]]