[[ 1.3850257   0.4363674   0.71632373 -0.2058506  -0.69739807 -0.8309002
  -0.8440944  -0.42580178 -0.2218983  -0.20930412 -0.5290897  -0.93621254
   0.17929316 -0.23314321 -0.53630215  0.99796337 -0.2236225   0.74310124
  -0.3216045   1.076043    1.9610188  -0.45617917 -0.6092279  -0.583801
   0.2577174  -0.4634132  -0.414274   -0.01662137 -0.36381075 -0.58578086
   0.08110732 -0.6854989   0.11578757  0.10533251 -0.40932137 -0.3295402
   0.09508644  0.06405637 -0.7775192  -0.59678334 -0.514432   -0.38312602
  -0.38983935  1.508585    1.8040744   1.0912894  -0.45917875 -0.5279189
  -0.41144902  0.07924307  1.2321804   2.388048    0.08791291 -0.29160252
  -0.62230176 -0.7605774  -0.9810438  -0.08881968 -0.3897806   0.20046248
  -0.24217564 -0.3425124   0.42967457 -0.4217066  -0.46295184 -0.5592317
  -0.7911026  -0.43165094 -0.43680927 -0.6738615   0.5662073  -0.5779038
  -0.3484529   1.8204286   1.1690835  -0.27918273 -0.18811364 -0.27767336
  -0.26958686 -0.04679124  0.6843437  -0.29712036 -0.47518373 -0.7208273
  -0.63605976 -0.7815551  -0.45546383  1.2468833  -0.23743232  1.165756
  -0.48499036  0.5373356   0.01251291  1.6280196  -0.07725485 -0.368812
  -0.10783423  1.1974946   0.5587206  -0.5292714 ]]