[[ 1.1977359   0.93371475  0.17322353 -0.24287254 -0.5687726  -0.8072813
  -0.9011565  -0.47296816 -0.20588659 -0.14273992 -0.4553115  -0.9603893
   0.5577537  -0.24069703 -0.5254383   0.5671358  -0.152437    0.53219223
  -0.18830234  1.0360124   1.0614882  -0.5310644  -0.5038278  -0.60465735
   0.4046669  -0.37792823 -0.40376434 -0.37861535 -0.30258793 -0.672405
  -0.07348648 -0.4582351   0.05965717 -0.42470467 -0.38172907 -0.352079
  -0.01581663  0.46675736 -0.82264334 -0.66172165 -0.52105606 -0.31242737
  -0.42393145  0.45842448  1.9674728   0.67747223 -0.25194985 -0.4760491
  -0.12924     0.24468035  1.0713102   2.4345288   0.11943138 -0.3236843
  -0.42078662 -0.5994435  -0.8279268   0.10481605 -0.3471677   0.18648621
  -0.25543228 -0.31138647  0.27195224 -0.24227746 -0.428613   -0.548471
  -0.69503605 -0.39657    -0.3717151  -0.76530707 -0.09923609 -0.6028975
  -0.32155925  1.8557475   0.7699005  -0.5153143  -0.08005954 -0.50462663
  -0.21227232 -0.19779307  0.57138836 -0.0898965  -0.43706572 -0.6098482
  -0.29868594 -0.7790954  -0.3782667   1.069353    0.51847935  0.7664411
  -0.42488366  0.22653252 -0.35039237  0.86492753 -0.2442698  -0.33461976
   0.0127284   1.09062    -0.02380938 -0.31952047]]