[[ 1.1187167   0.49859902  0.03972843 -0.22806726 -0.55412537 -0.74297726
  -0.7749951  -0.32850277 -0.26962855 -0.1614874  -0.44648838 -0.9244544
   0.35366923 -0.32005116 -0.6072785   0.05319361  0.2522666   1.2589952
  -0.15925711  0.8597767   0.7791204  -0.57690454 -0.51531994 -0.56916255
   0.6140631  -0.37833205  0.07047563 -0.07884333 -0.34365597 -0.60675836
   0.2885329   0.09534808  0.1224588  -0.44115663 -0.40384865 -0.11507093
   0.36513162  0.6078641  -0.7710548  -0.6188394  -0.42586935 -0.34604806
  -0.4529765   1.178521    1.2794979   1.4116709  -0.41992742 -0.17219879
  -0.07589673  0.12134269  2.1374114   2.0667994  -0.00891061 -0.23033647
  -0.6902814  -0.6247753  -0.6909934   0.44523567 -0.4615631   0.04155261
  -0.17490815 -0.38377765  0.08033335 -0.4706161  -0.38343057 -0.31322238
  -0.7754573  -0.54603696 -0.46258026 -0.5609362  -0.23603144 -0.6395606
  -0.40869755  1.4928395   0.35254836 -0.28857976 -0.21086904 -0.34309882
  -0.3104786  -0.1285726   0.4607039  -0.35788962 -0.3687741  -0.6308893
  -0.4246207  -0.7150659  -0.45791698  0.5372796   0.182057    0.5911159
  -0.36164582  0.0904713  -0.14977105  1.2928843  -0.40853626 -0.32803115
  -0.17713138  0.9184886   0.38491464 -0.3193658 ]]