[[ 5.1313764e-01  1.3682127e+00 -1.0317955e-01 -2.6673073e-01
  -4.2554843e-01 -8.5498077e-01 -1.0910513e+00 -4.9000072e-01
  -7.8139350e-02 -2.0915192e-01 -5.5270952e-01 -9.2595756e-01
   1.7420705e-01 -6.2815756e-02 -6.0280466e-01 -4.6584498e-02
  -5.0766909e-01  5.7092530e-01 -2.7426797e-01  1.1851906e+00
   1.4223038e+00 -5.1064384e-01 -4.3822095e-01 -6.6515738e-01
  -1.3525128e-02 -2.8498971e-01 -3.7053919e-01 -1.9591643e-01
  -3.8092002e-01 -6.6689754e-01 -2.9067889e-01 -6.3071299e-01
  -6.7864165e-02 -3.0987895e-01 -2.4235755e-01 -3.4261000e-01
   4.8247978e-01  2.2006519e-01 -8.3305556e-01 -4.0135419e-01
  -4.7236308e-01 -4.2981604e-01 -4.2783862e-01  4.4431144e-01
   1.9751604e+00  1.6346212e-01 -3.4113923e-01  4.5697443e-02
   2.6346069e-02  3.4293634e-01  8.9572650e-01  3.1681957e+00
  -3.4885485e-02 -4.9011630e-01 -6.6233963e-01 -6.2745529e-01
  -4.9982759e-01 -1.9134606e-01 -3.7651893e-01 -1.3114801e-01
  -6.1378777e-02 -2.8938621e-01 -9.9806534e-04 -4.4283181e-01
  -4.2618540e-01 -5.9237969e-01 -8.5340631e-01 -7.0862275e-01
  -4.2986721e-01 -8.0732405e-01 -1.6686115e-01 -4.9861076e-01
  -3.9806855e-01  1.9069118e+00  7.4074590e-01 -4.7461140e-01
   3.2415918e-01 -3.9583972e-01  2.5653240e-01 -9.5079660e-02
   1.3062780e+00 -3.9628047e-01 -3.8687658e-01 -5.1164967e-01
  -1.1418217e-01 -7.0756525e-01 -4.0780857e-01  1.3563316e+00
   8.0707318e-01  9.6651709e-01 -3.4935790e-01  4.0406552e-01
   6.8009943e-02  4.4666341e-01 -5.2735717e-03 -4.3967992e-01
   2.0937854e-01  9.5289540e-01 -1.7884364e-02 -3.2960793e-01]]