[[ 0.7583149   0.57029146  0.57963645 -0.19858369 -0.65029454 -0.82710695
  -0.68215007 -0.25156325 -0.09245912 -0.35188606 -0.5174408  -0.97453904
   0.30717513 -0.27903637 -0.55253696  0.8092152  -0.25318125  0.58623403
  -0.27128708  0.8178902   1.7549547  -0.492512   -0.645998   -0.5127511
   0.18459398 -0.36877152 -0.05028863 -0.03752149 -0.3573327  -0.66688675
  -0.12706356 -0.2153847   0.08449994  0.03691897 -0.4876951  -0.17387675
   0.11086446  0.48727468 -0.8364696  -0.5534125  -0.45637307 -0.2607334
  -0.447054    1.7251439   1.4342587   0.50517297 -0.3517948  -0.20317942
   0.08409088  0.10110039  1.1814733   1.8445375   0.10346892 -0.20858033
  -0.68376195 -0.7296364  -0.79276264  0.26249203 -0.40105507  0.20191053
  -0.17386839 -0.3555957  -0.01939186 -0.4329154  -0.43354014 -0.44062135
  -0.8186707  -0.46425366 -0.42314902 -0.5431367   0.28829584 -0.63627404
  -0.44818565  1.3390735   0.832939   -0.317277   -0.32997617 -0.4731185
  -0.30006543 -0.11855628  0.4669342  -0.32707107 -0.48020226 -0.61663383
  -0.5204384  -0.77230656 -0.4283904   0.69961673  0.32383585  0.6014598
  -0.47931144  0.3584958  -0.0959489   0.7943542  -0.00222383 -0.3996473
  -0.14978611  0.91414255 -0.069268   -0.34741718]]