[[ 0.72160804  0.86048377  0.02597819 -0.5502055  -0.54591954 -0.9294485
  -0.86888987 -0.67615104 -0.15323554 -0.0780522  -0.26271114 -1.0518146
   0.49558836 -0.2814184  -0.5375349   0.75763535 -0.5196654   0.64371514
  -0.36176342  0.6979496   2.4713426  -0.5682617  -0.760551   -0.64044213
   0.00422318 -0.47304246 -0.30328152 -0.02609174 -0.3572983  -0.69493425
  -0.02218745 -0.43496397 -0.10402271 -0.58221424 -0.3730415  -0.52287847
  -0.0246417   0.7181351  -0.7736223  -0.82881105 -0.56610256 -0.08643958
  -0.42667547  0.28260478  1.5325037   0.32700682 -0.15944633 -0.18052317
   0.19970624  0.19377875  1.2317411   1.7474363  -0.33523932 -0.5452328
   0.27951825 -0.29938564 -0.7217772  -0.04937308 -0.22010458 -0.15821661
  -0.1597043  -0.2670952   0.3288638  -0.6006255  -0.49307638 -0.60940725
  -0.7051659  -0.6568935  -0.3663317  -0.728906    0.43548656 -0.6795664
  -0.3480617   1.0945501   0.67367107 -0.21142884 -0.36328024 -0.28301716
  -0.26079062 -0.08405033  0.32246608 -0.03475871 -0.3920118  -0.6975459
  -0.51016665 -0.9092837  -0.42522267  0.8232901   0.59873605  0.80567145
  -0.61787593  0.00337199 -0.40497985  1.546082   -0.09752797 -0.34747773
   0.04945593  0.5500598   0.24177511 -0.3588963 ]]