[[ 0.7857113   0.9052051   0.28929955 -0.16616923 -0.595381   -0.7768863
  -0.81692106 -0.2943947  -0.06824578 -0.24689451 -0.48721424 -0.92321265
   0.14481421 -0.23132314 -0.47273988  0.38191992 -0.5513503   0.35387328
  -0.18235333  1.3261207   1.3216267  -0.48973846 -0.46063614 -0.585432
   0.13681889 -0.24293296 -0.39243332 -0.27236962 -0.30817908 -0.72707015
  -0.30555028 -0.6179577   0.17281893 -0.15892243 -0.49561214 -0.27929842
   0.1524156   0.40213218 -0.83033645 -0.5322681  -0.4950365  -0.30332056
  -0.45416248  0.8144567   2.0816305   0.24794345 -0.3179598  -0.3954207
   0.22452632  0.21809459  0.71421164  2.628615    0.1637275  -0.33654386
  -0.6111749  -0.6912348  -0.79136467  0.00460483 -0.35319182  0.19313207
  -0.21938042 -0.25260442  0.14107475 -0.34875122 -0.428204   -0.57742244
  -0.8201146  -0.42499912 -0.39319447 -0.6781226   0.03834276 -0.5788434
  -0.35985947  1.7746345   0.87697875 -0.31831592 -0.05987358 -0.48503685
  -0.19794658 -0.10722205  0.8488768  -0.26159823 -0.4384591  -0.5452021
  -0.3052686  -0.76925004 -0.37579426  1.1294812   0.68532795  0.89576215
  -0.38959712  0.40087733  0.01617287  0.32592335 -0.12470725 -0.3749051
  -0.11654041  1.0620778  -0.14973202 -0.22910884]]