[[ 1.5950038   0.4820438   0.4002298  -0.35375676 -0.7133678  -0.9381776
  -0.8110408  -0.41911197 -0.21519105 -0.24303149 -0.557572   -1.068654
   0.28712887 -0.2627164  -0.6074644   0.9282797   0.03768563  0.99214584
  -0.3893752   0.72488713  2.0628061  -0.4792407  -0.7010074  -0.63951945
   0.47780928 -0.43444732 -0.30399188 -0.07056978 -0.41981512 -0.6581929
  -0.07009887 -0.56401587  0.32015914 -0.03856654 -0.35890573 -0.31911683
   0.29966208  0.447263   -0.8643896  -0.6834144  -0.52130514  0.03488438
  -0.41061625  1.2749181   1.5809216   1.5395027  -0.26652867 -0.24026082
   0.01141712  0.1557911   1.9963754   1.9354166  -0.07513279  0.08964138
  -0.6679321  -0.81995755 -0.88417387 -0.01550455 -0.37703073  0.17135443
  -0.21580099 -0.44375852  0.21569653 -0.5121149  -0.51457447 -0.5635527
  -0.9099238  -0.585976   -0.42949176 -0.6577823   0.73982245 -0.6566597
  -0.45578468  1.8980047   0.92824215 -0.4678549  -0.38632396 -0.48927578
  -0.28585672 -0.19743443  0.31947303 -0.27323362 -0.5404965  -0.7092736
  -0.59585404 -0.7998105  -0.45924446  0.7921756   0.18261807  0.5384957
  -0.5329404   0.36102194 -0.24842426  1.6302873  -0.01432309 -0.33390766
   0.03964956  0.9656632   0.38780496 -0.43566698]]