[[ 1.6356863   0.49576637  0.21338812 -0.1323008  -0.5601306  -0.68648064
  -0.79753405 -0.41102532 -0.24217874 -0.04361024 -0.44941902 -0.81770754
   0.38665766 -0.2514973  -0.5021447   0.16189557  0.36607197  1.4418452
  -0.17242347  0.90747106  0.2933558  -0.5570027  -0.36049584 -0.5372365
   0.793568   -0.28664076 -0.3177659  -0.28416142 -0.34248963 -0.5522221
   0.29910272 -0.4510251   0.02033545 -0.39088508 -0.34890118 -0.22073576
   0.4847402   0.31692168 -0.73669446 -0.5916931  -0.39788678 -0.37569413
  -0.44694698  0.7751162   1.3893008   1.7299812  -0.35718742 -0.5309642
  -0.41088715  0.2398059   1.8371623   2.165747    0.21367493 -0.23737125
  -0.60968995 -0.5960581  -0.67597055  0.13589342 -0.3885614   0.15519218
  -0.2413299  -0.34981346  0.19828084 -0.28289476 -0.354655   -0.39515764
  -0.69700855 -0.4083975  -0.46682134 -0.69661933 -0.44671676 -0.53692573
  -0.35756284  1.8254156   0.5684769  -0.51281583 -0.07873823 -0.35739282
  -0.2916404  -0.31185007  0.5735966  -0.2721279  -0.3459007  -0.6490474
  -0.32820082 -0.66198635 -0.47864702  0.85853857 -0.02361695  0.8995492
  -0.2818224   0.19129671 -0.19076717  1.23051    -0.3976097  -0.29477996
  -0.13514891  1.1089909   0.3689206  -0.37844875]]