[[ 1.3480306   1.4079028   0.18292989 -0.08803831 -0.5543135  -0.7268869
  -1.0126187  -0.39498785 -0.1930887  -0.13536064 -0.5454877  -0.91992736
   0.22026066 -0.2334476  -0.6048204  -0.04687334 -0.05689536  0.9669082
  -0.20519781  1.0778104   0.8971937  -0.573769   -0.5190183  -0.5626057
   0.90480256 -0.5165956  -0.09364522 -0.33262515 -0.3439137  -0.7408197
   0.4199392   0.19846812  0.10268196 -0.43256316 -0.3737614  -0.3190342
   0.08913973  0.4161355  -0.88269466 -0.5823414  -0.4243837  -0.31936714
  -0.4109615   1.0847902   1.9816853   0.84985954 -0.3162499   0.21876332
  -0.25886607  0.11282939  1.3653966   2.4243221   0.15004769 -0.19287041
  -0.6768716  -0.65327567 -0.66568214  0.35336196 -0.42117137  0.27355447
  -0.11535381 -0.34169868  0.16524833 -0.260939   -0.37014523 -0.5623636
  -0.7686337  -0.38656664 -0.41678125 -0.6519305  -0.41113877 -0.63713044
  -0.39707845  2.0687418   0.6897747  -0.5967738  -0.04490652 -0.38207543
  -0.25389898 -0.03077995  0.62192357 -0.28988853 -0.36833552 -0.6433202
  -0.39973003 -0.80114365 -0.41054147  1.1807675   0.23488456  0.83029926
  -0.4310857   0.4205004  -0.19312325  0.62773854  0.13842224 -0.34616897
  -0.08903325  1.1841705  -0.07048809 -0.321665  ]]