[[ 1.575217    0.5852069   0.800615   -0.06096432 -0.65639967 -0.75548667
  -0.71974677 -0.31643748 -0.11226296 -0.30349213 -0.48044482 -0.89500815
   0.2866718  -0.23449346 -0.5282522   0.9534232  -0.0401118   0.40994835
  -0.24257727  1.1222472   1.1721344  -0.45583177 -0.5486756  -0.5250465
   0.4347267  -0.40592563 -0.3811572  -0.194321   -0.3428846  -0.5843512
  -0.05917676 -0.5998183   0.2545677   0.08979393 -0.41725126 -0.31130582
  -0.07145081  0.18161368 -0.818995   -0.5191584  -0.46313745 -0.30811265
  -0.40096626  1.4776613   2.1026158   1.0333626  -0.3829862  -0.55881315
  -0.30324936 -0.04258987  0.9740499   2.5750327   0.31887218 -0.15802051
  -0.59355    -0.690899   -0.89508474  0.14972945 -0.33357483  0.4656782
  -0.24561042 -0.3299014   0.34719706 -0.19265324 -0.40775177 -0.503005
  -0.76185316 -0.2774111  -0.41774082 -0.6383525   0.10082781 -0.5323489
  -0.34018463  2.149964    1.1305975  -0.4460103  -0.11948424 -0.47934124
  -0.22125667 -0.11545336  0.65651125 -0.28760102 -0.48718446 -0.66577613
  -0.4643317  -0.7160256  -0.42597088  1.2303027  -0.18238512  1.0000905
  -0.4170413   0.55222195 -0.22731936  0.9822145  -0.011996   -0.35677376
  -0.15808801  1.468018    0.15370099 -0.40892345]]