[[ 1.8370373   0.8226086   0.22139424 -0.22628336 -0.6840166  -0.945159
  -0.87997454 -0.58857363 -0.29322326 -0.10491077 -0.5126314  -0.93451697
   0.47966084 -0.23208363 -0.58357126  0.56771624  0.18993898  0.95670027
  -0.32644135  1.2888836   1.2485306  -0.56871814 -0.5918339  -0.7142372
   0.5476648  -0.41973424 -0.34953377  0.12737428 -0.43552497 -0.5939574
   0.09049712 -0.56262386  0.3422138  -0.26011476 -0.27414864 -0.33147418
   0.31616405  0.33338103 -0.7526065  -0.66314065 -0.48363486 -0.4252845
  -0.36083406  0.596807    2.192315    1.774366   -0.3806623  -0.4548124
  -0.37104896  0.21083452  1.9165542   2.9549685   0.10415456 -0.33359563
  -0.5829334  -0.6907612  -0.9439137   0.00311787 -0.42136863  0.08623861
  -0.25307992 -0.3879273   0.52003205 -0.35698372 -0.48033324 -0.59198815
  -0.82496387 -0.4677129  -0.40437987 -0.7623794   0.251      -0.58362216
  -0.35885742  2.7149248   1.2947532  -0.21411869 -0.1569685  -0.3884632
  -0.1046221  -0.12029219  0.66875654 -0.16946587 -0.4020223  -0.70934594
  -0.37181553 -0.72278225 -0.4471846   1.3080014  -0.01379272  0.8866788
  -0.426212    0.40304238 -0.0363505   1.8518803  -0.23941772 -0.30622235
  -0.0402189   1.3800534   0.8578503  -0.4947505 ]]