[[ 0.62487584  0.67827713  0.55895865  0.06269198 -0.7116156  -0.9004886
  -0.8230095  -0.34989053 -0.08212603 -0.33376995 -0.5742648  -0.9940609
   0.10324202 -0.25347155 -0.641519    0.8220949  -0.62208045  0.43861714
  -0.32254     0.9753849   2.1548088  -0.4636265  -0.6442809  -0.58719295
  -0.08847097 -0.4188964  -0.35690165 -0.1488818  -0.3901583  -0.7187874
  -0.40318263 -0.68157876  0.18021485  0.07365859 -0.35132155 -0.32661605
   0.3802164   0.29992005 -0.83291    -0.59039223 -0.54232126 -0.36862656
  -0.46690446  1.4230261   1.4618975   0.42444968 -0.33243638 -0.3344594
   0.10179124  0.07647376  1.0774541   2.1096113   0.08743102 -0.31476045
  -0.7019096  -0.8197584  -0.898497   -0.08140153 -0.39352742  0.15910657
  -0.22423202 -0.29356366 -0.00549871 -0.48025665 -0.52114403 -0.633733
  -0.916204   -0.54713184 -0.42879516 -0.7110463   0.3837931  -0.6208401
  -0.47041363  1.2719239   0.90929884 -0.27717906 -0.34509933 -0.5134564
  -0.05725997 -0.05327947  0.4212469  -0.37173337 -0.45969707 -0.60846984
  -0.38279665 -0.8424715  -0.4628298   0.68313366  0.47870454  0.90412766
  -0.51330715  0.46224573 -0.07900148  0.7222788   0.11528443 -0.45799437
   0.0143595   0.85587555 -0.12097462 -0.35695902]]