[[ 1.1092465   0.4729754   0.64193285 -0.2603793  -0.74454325 -1.0222601
  -0.7798726  -0.5509545  -0.30530852 -0.04679481 -0.54029423 -0.98158103
   0.61605346 -0.24749778 -0.56985056  1.3580039  -0.25207707  1.0742474
  -0.39323604  1.0290517   1.9947574  -0.53643185 -0.6247428  -0.68122494
   0.20367537 -0.46903187 -0.34427956  0.20417908 -0.4493029  -0.57460976
  -0.20804507 -0.62095356  0.17610021  0.03593724 -0.46455202 -0.32419237
   0.55169207 -0.0483656  -0.7820229  -0.6598563  -0.5310262  -0.41520095
  -0.38862297  1.683851    1.5041591   1.2195387  -0.41488618 -0.44462118
  -0.4465081   0.34349877  1.3042896   2.3555968   0.16302092 -0.33636603
  -0.5842338  -0.7647156  -1.0920053  -0.06223255 -0.39616588  0.13791536
  -0.23584957 -0.37477034  0.31756794 -0.4004798  -0.56041884 -0.5682053
  -0.7941324  -0.5454714  -0.45232114 -0.7163923   0.7854393  -0.65684074
  -0.4205108   1.7626293   1.3875885  -0.10971972 -0.30521265 -0.48368344
  -0.32411975 -0.02152695  0.46734023 -0.1860037  -0.46811107 -0.7167261
  -0.62834764 -0.7384875  -0.47276363  0.89208716 -0.1974766   0.669631
  -0.53259116  0.47337484  0.03391457  1.5647992  -0.03867049 -0.39685622
  -0.00780709  1.1225435   0.5078709  -0.57214254]]