[[ 0.8086914   0.62609345  0.85120916 -0.22334492 -0.7028332  -0.8419856
  -0.73557067 -0.39027503 -0.12671624 -0.34429598 -0.48234034 -1.0445547
   0.351907   -0.28147668 -0.66702116  1.1677268  -0.1527999   0.5711268
  -0.4018604   0.49213853  2.692673   -0.47071052 -0.8812969  -0.5183324
   0.25790513 -0.6769908  -0.31990394  0.12087346 -0.3784777  -0.5752058
  -0.03947922 -0.26621372 -0.00902314  0.21756601 -0.307259   -0.42980862
  -0.12879287  0.43066722 -0.8422885  -0.6467968  -0.48741227 -0.176919
  -0.38514888  1.9357436   1.109207    0.93746006 -0.47068086 -0.26248938
  -0.15456142 -0.16869767  1.6060317   1.4158955  -0.0619014  -0.08222151
  -0.47005248 -0.68346024 -0.96212226  0.08455522 -0.31895265  0.23173672
  -0.13678396 -0.42731264  0.02428587 -0.4658143  -0.48341602 -0.5572374
  -0.8210615  -0.46030715 -0.4408758  -0.55421823  0.615623   -0.6483609
  -0.4729112   1.1148828   0.966113   -0.41096205 -0.5296054  -0.45102823
  -0.2325303  -0.04586893  0.03298654 -0.3925049  -0.5274074  -0.7422363
  -0.6854578  -0.775997   -0.49594858  0.4964029  -0.2651544   0.18395838
  -0.6186572   0.45516157 -0.2802166   1.3459668   0.39120778 -0.39725885
  -0.07674523  0.6904474   0.12891597 -0.5271845 ]]