[[ 7.14906693e-01  6.43387079e-01  6.27345860e-01 -8.31039473e-02
  -7.10853875e-01 -1.04433167e+00 -8.09247494e-01 -5.52593529e-01
  -1.91820264e-01 -2.76403666e-01 -5.04973173e-01 -1.07490420e+00
   5.64686000e-01 -3.03734958e-01 -7.30766118e-01  1.31510293e+00
  -4.45605606e-01  7.07106590e-01 -3.89523238e-01  6.48966491e-01
   3.00745177e+00 -4.94591355e-01 -8.81864488e-01 -6.43138468e-01
  -5.48954047e-02 -6.83866501e-01 -3.41228038e-01 -3.62787545e-02
  -4.30982620e-01 -6.65593863e-01 -4.02986765e-01 -4.53148931e-01
   4.12799045e-02  3.44318449e-02 -2.74000138e-01 -4.64538813e-01
   3.28826606e-01  3.72724354e-01 -9.31638896e-01 -6.25601649e-01
  -6.18820667e-01 -1.19356319e-01 -4.05283272e-01  1.81206989e+00
   1.23870277e+00  9.58835542e-01 -3.69997233e-01 -2.61865973e-01
   2.26863474e-03 -3.22084054e-02  1.92554104e+00  1.57889199e+00
  -1.20499231e-01 -1.24930032e-01 -3.87783438e-01 -7.17795491e-01
  -9.74798560e-01  2.56851912e-01 -2.68808961e-01  1.23712875e-01
  -1.15197934e-01 -1.71017051e-01  1.23485578e-02 -4.88778204e-01
  -5.66992879e-01 -6.06596529e-01 -8.76948535e-01 -6.57814026e-01
  -4.38450754e-01 -6.75719619e-01  8.29367518e-01 -7.24072039e-01
  -5.34176290e-01  1.11647737e+00  1.07085896e+00 -3.68728191e-01
  -3.84898067e-01 -5.51887870e-01 -1.72014922e-01  3.68967727e-02
   1.75050646e-01 -3.32146138e-01 -5.05667686e-01 -6.84182525e-01
  -6.54198349e-01 -8.41656446e-01 -5.08108914e-01  3.77478570e-01
   1.34395465e-01  2.56635308e-01 -6.90946221e-01  3.74214649e-01
  -4.32354450e-01  1.28421545e+00  3.41739148e-01 -4.24732625e-01
   1.55380249e-01  6.33526623e-01 -1.50773883e-01 -5.38264632e-01]]