[[ 1.6160711   0.95706666  0.3203836  -0.06353097 -0.5872349  -0.7556363
  -0.95276743 -0.40905535 -0.21167496  0.1752088  -0.48512366 -0.8228645
   0.29027078 -0.21998727 -0.57329136  0.24003361  0.06336635  1.4978781
  -0.16690058  1.457312    0.4307697  -0.5326925  -0.3645033  -0.56812346
   0.6592737  -0.40774617 -0.33426663 -0.44750917 -0.3440677  -0.5983989
   0.13583481 -0.44286555  0.1601512  -0.31001192 -0.41393226 -0.25929818
   0.67403686  0.17518245 -0.8162618  -0.5337207  -0.4229331  -0.36852515
  -0.42819554  1.210499    1.9360801   1.5292406  -0.3278727  -0.5471921
  -0.4323353   0.21893692  1.3954228   3.0675452   0.25744647 -0.20945016
  -0.69882345 -0.666626   -0.8089098   0.21601167 -0.37435046  0.31519702
  -0.24026705 -0.26489145  0.3629671  -0.17233741 -0.37435436 -0.5192115
  -0.78813493 -0.4166322  -0.47036394 -0.71608734 -0.424896   -0.57287985
  -0.33358014  2.2005832   0.9506037  -0.52806604  0.08129767 -0.36168855
  -0.30035183 -0.24927546  0.58896255 -0.33491766 -0.3640363  -0.6865636
  -0.35969713 -0.68024915 -0.46007347  1.3217143   0.12582059  1.1136526
  -0.37196252  0.48446888 -0.21084452  0.79980433 -0.34970587 -0.31501472
  -0.12432136  1.540207    0.12086209 -0.3519364 ]]