[[ 0.75080687  0.81966823  0.5211951  -0.06543791 -0.6528421  -0.8362911
  -0.7985678  -0.36088538 -0.05772742 -0.28028354 -0.53500295 -0.9310023
   0.18486251 -0.24481304 -0.53841203  0.6374412  -0.57428133  0.41815162
  -0.30623803  1.1277424   1.75627    -0.49047866 -0.5660463  -0.57299286
  -0.01543976 -0.31145003 -0.34345305 -0.18303409 -0.37795705 -0.69944507
  -0.36879462 -0.6656267   0.10690314 -0.03999724 -0.39314023 -0.30953813
   0.22245301  0.32380155 -0.81592244 -0.55445296 -0.5058522  -0.30230096
  -0.4692507   1.1433735   1.7318175   0.29696652 -0.27516177 -0.31814218
   0.11603901  0.15161525  0.7683284   2.2500272   0.22079904 -0.28320667
  -0.6587472  -0.74201065 -0.7764872   0.02701447 -0.36947885  0.28275403
  -0.22067814 -0.2847855   0.08161082 -0.3542099  -0.45728484 -0.6032492
  -0.83356327 -0.41976583 -0.40551543 -0.6788817   0.23172224 -0.53659624
  -0.41548902  1.4993463   0.93824846 -0.3314664  -0.21004453 -0.5095508
  -0.05953364 -0.05840332  0.627068   -0.2772327  -0.45934293 -0.59055257
  -0.29002142 -0.7822571  -0.4118905   0.8821578   0.541696    0.87014306
  -0.46554905  0.41857904 -0.02689394  0.46387982 -0.00574811 -0.39492574
  -0.10482781  0.95296335 -0.04931879 -0.33152646]]