[[ 1.1389985   1.068107    0.6149231   0.05203558 -0.67162716 -0.8373024
  -0.9418309  -0.39606273 -0.07164941 -0.2827234  -0.55523276 -0.9566273
   0.07292338 -0.23557304 -0.6355272   0.7372044  -0.5959231   0.06486611
  -0.2777603   1.4311506   1.7309611  -0.45591688 -0.5655464  -0.5926602
  -0.00575308 -0.48191643 -0.44418353 -0.42882842 -0.36022776 -0.709003
  -0.38755298 -0.6815815   0.22840041  0.02416462 -0.30629808 -0.39749327
  -0.08318612  0.22171672 -0.89566106 -0.5419481  -0.549749   -0.35051885
  -0.46152854  1.3275919   2.3786476   0.36821803 -0.35461384 -0.50029486
  -0.06179624 -0.08643214  0.6272416   3.0123687   0.22954524 -0.2607806
  -0.66064787 -0.7540588  -0.91229826  0.1096769  -0.35272905  0.45156127
  -0.24741536 -0.26470682  0.30703136 -0.23437189 -0.47937253 -0.65783274
  -0.8767158  -0.36636877 -0.39639723 -0.7526407   0.06247391 -0.50427115
  -0.36272815  2.0896304   1.2075884  -0.5524163  -0.08846875 -0.5330583
   0.12160088 -0.02741154  0.6768397  -0.34776068 -0.4918626  -0.6191102
  -0.18755424 -0.81556153 -0.4175199   1.2881908   0.37043807  1.1742802
  -0.48376098  0.5830598  -0.2572073   0.34546074  0.00775107 -0.41303003
  -0.11632748  1.3754436  -0.12219577 -0.42352545]]