[[ 0.86698794  0.8194812   0.81957436 -0.05183491 -0.7586302  -0.8749612
  -0.75148124 -0.4756768  -0.22590406 -0.36878628 -0.50679815 -1.0237005
   0.62941855 -0.27368706 -0.67540574  1.0508839  -0.14540362  0.5958457
  -0.3629571   0.6120168   2.8108096  -0.47073922 -0.82773983 -0.5692197
   0.10984856 -0.6102854  -0.3527156   0.12684338 -0.36278883 -0.5617592
  -0.22647615 -0.40266016  0.06563649  0.21166736  0.02405836 -0.34075174
   0.16528864  0.31690446 -0.79866743 -0.63795257 -0.5270127  -0.33214363
  -0.38878646  1.8739374   0.9801147   1.0892869  -0.5208     -0.37567052
  -0.21231584 -0.08940377  1.7755082   1.5308665   0.15329729 -0.02476642
  -0.68140244 -0.82827383 -1.0115329   0.08898689 -0.39572647  0.32740915
  -0.25597146 -0.43970257  0.03919722 -0.43798828 -0.4971117  -0.5397103
  -0.8088378  -0.39046225 -0.4329981  -0.61583817  0.6151358  -0.5514061
  -0.4682748   1.2591857   1.2167106  -0.31212774 -0.56143576 -0.52651733
   0.24494044  0.02609817  0.15833144 -0.31743187 -0.48087838 -0.7043335
  -0.47653562 -0.7400235  -0.49569973  0.45418316 -0.2651831   0.17816025
  -0.5704777   0.45286062 -0.18958852  1.2359833   0.3932804  -0.3505275
   0.15225689  0.7615199   0.32507026 -0.5720664 ]]