[[ 0.49367693  1.114247    0.57665116 -0.22973211 -0.639106   -0.86456704
  -0.89559    -0.4192083  -0.13742933 -0.31970355 -0.53107643 -1.0986065
   0.36489335 -0.2739709  -0.6889574   0.85446733 -0.3739482   0.5934066
  -0.34819716  0.52953434  2.5182383  -0.5443949  -0.6356645  -0.5522937
   0.49987066 -0.7461498  -0.15217417  0.05703877 -0.38194814 -0.7210152
   0.07040317  0.21729547 -0.07853611 -0.06925608 -0.38820443 -0.46078292
  -0.11496247  0.42902976 -0.9598956  -0.6845142  -0.49616134 -0.13176522
  -0.39516246  1.9676645   1.3311704   0.3869534  -0.44585186  0.1913806
  -0.1465275  -0.10778975  1.375636    1.5865817  -0.12954429 -0.14245759
  -0.20045206 -0.5007754  -0.8274591   0.23179859 -0.3180334   0.16621503
   0.07498593 -0.3351353  -0.13874988 -0.36298555 -0.5013476  -0.5426174
  -0.8141046  -0.58689636 -0.43325603 -0.5834711   0.3081738  -0.7377676
  -0.510211    1.2456727   0.8440891  -0.51756734 -0.20696057 -0.4822251
  -0.26261237  0.12489321  0.40515813 -0.4065008  -0.44727093 -0.6607401
  -0.6470972  -0.84675217 -0.48601788  0.53237504  0.02065248  0.09072851
  -0.6236365   0.43792915 -0.33615702  0.72494406  0.66612244 -0.4496675
  -0.05477209  0.6269075  -0.31842312 -0.4855124 ]]