[[ 0.94075733  0.8398631   0.46725726 -0.11271533 -0.6335814  -0.82328886
  -0.8145387  -0.3148998  -0.04272424 -0.24186477 -0.51525456 -0.9148658
   0.20366246 -0.21483235 -0.503155    0.55888265 -0.56136656  0.57660085
  -0.24117486  1.3602014   1.3804392  -0.50419724 -0.4987856  -0.595428
   0.09618871 -0.24372004 -0.31726074 -0.179931   -0.35064173 -0.71088725
  -0.3015619  -0.66109866  0.18129867 -0.10207915 -0.5073001  -0.28750205
   0.315074    0.33565885 -0.82480186 -0.5319918  -0.49035713 -0.2935456
  -0.4618358   1.0705627   2.0746796   0.35884088 -0.19104594 -0.2973596
   0.08567264  0.24202383  0.75913733  2.6758437   0.28336874 -0.28966776
  -0.6559383  -0.7293875  -0.7234545   0.04649742 -0.36598894  0.31696403
  -0.22205523 -0.24635774  0.17604792 -0.324698   -0.43398887 -0.5973466
  -0.83429897 -0.41491586 -0.41132504 -0.6799619   0.16257355 -0.5792919
  -0.39228484  1.8092245   0.99004924 -0.2628504  -0.10425606 -0.47056368
  -0.20115891 -0.05774324  0.8477073  -0.2416048  -0.4284587  -0.5971709
  -0.34883007 -0.77545834 -0.38687     1.1248724   0.59156686  1.1230286
  -0.4387254   0.47087792  0.06009566  0.49144256 -0.07398808 -0.37520155
  -0.12470293  1.1691451  -0.02169028 -0.23889975]]