[[ 1.2863135   0.8551893   0.11754614 -0.14517635 -0.5642292  -0.7274429
  -0.90334153 -0.35974228 -0.1559605  -0.19645765 -0.4686072  -0.8723413
   0.22613294 -0.22398616 -0.457253    0.06795092 -0.19281577  0.6049672
  -0.12625922  1.3701863   0.6532792  -0.5254152  -0.36181992 -0.61250836
   0.48473358 -0.25130403 -0.38761652 -0.27017066 -0.2952273  -0.6923844
  -0.03132712 -0.5514919   0.16127424 -0.3634541  -0.43183964 -0.260335
   0.18204941  0.36276695 -0.7936945  -0.5500556  -0.47539547 -0.36363283
  -0.4389969   0.43825036  2.2621868   0.7929074  -0.31075075 -0.46620384
  -0.09693847  0.23313828  1.1090567   2.8475316   0.21069098 -0.32283202
  -0.5758881  -0.63233227 -0.74912447  0.08810116 -0.35944292  0.1936262
  -0.26449415 -0.27093154  0.26779762 -0.2769923  -0.38515693 -0.528616
  -0.7858499  -0.3906382  -0.3963587  -0.73638606 -0.2383374  -0.5562326
  -0.3184001   2.1810715   0.82287335 -0.36412227  0.03791523 -0.40701386
  -0.18815613 -0.1831749   0.94505686 -0.243185   -0.3845456  -0.5615193
  -0.25689116 -0.7420102  -0.38842583  1.2843575   0.5066028   1.0691797
  -0.30703476  0.33219668  0.00896614  0.71986294 -0.30009365 -0.33623368
  -0.11275529  1.2364851   0.13291197 -0.27505857]]