[[ 0.5868712   0.86534566  0.5999155  -0.09246533 -0.6440755  -0.9365681
  -0.89974064 -0.41629487 -0.20542563 -0.2843503  -0.5947746  -1.0399373
   0.3389955  -0.24989463 -0.6743046   0.9473107  -0.51158446  0.7775912
  -0.36011243  0.90141624  2.7711196  -0.43358472 -0.75134987 -0.6156571
  -0.04357379 -0.5866252  -0.34298965 -0.08603927 -0.37948954 -0.66241837
  -0.41940817 -0.4776625   0.11605774  0.1575893  -0.1724987  -0.35138226
   0.5787381   0.08172642 -0.87673813 -0.6133574  -0.5712479  -0.09875096
  -0.40078712  1.8028983   1.1877657   0.6809953  -0.39997485  0.07028199
  -0.11305062  0.07314449  1.4307151   1.8920014   0.01416963  0.10389411
  -0.7429033  -0.88480836 -0.8221298  -0.00871238 -0.3627156   0.23412272
  -0.15028839 -0.28960693 -0.02627376 -0.49064457 -0.53697664 -0.5893102
  -0.91847765 -0.56393194 -0.44867185 -0.6329312   0.88759583 -0.6049597
  -0.51939267  1.174263    1.2251832  -0.41946372 -0.22555605 -0.5260003
   0.06021903 -0.02037747  0.35901007 -0.4385     -0.49579716 -0.63173014
  -0.58457977 -0.77750456 -0.47704676  0.6587523   0.09856102  0.35350534
  -0.589654    0.6212992  -0.1369428   0.8787653   0.52468777 -0.4289149
   0.3427775   0.7821421  -0.13433073 -0.5051141 ]]