[[ 0.79186064  0.6649858   0.39175433 -0.05115646 -0.4917548  -0.75469
  -0.7549124  -0.36183116 -0.07540506 -0.3062645  -0.3367832  -0.89587396
   0.88378906 -0.29701343 -0.45978466  0.28725213 -0.27755234  0.2925148
  -0.0744755   1.0230522   1.4105093  -0.53938055 -0.597745   -0.63834834
   0.26556772 -0.5657212  -0.16596515 -0.09349965 -0.1622649  -0.67325014
  -0.07743706  0.35677943  0.20235915 -0.40438217 -0.5125027  -0.28089112
  -0.22544035  0.5863878  -0.9334636  -0.58920354 -0.4791537   0.05961816
  -0.40021208  0.8752268   2.6976244   0.17628926 -0.39521584 -0.2734637
  -0.03610582 -0.07287085  1.237273    2.522406    0.36931905  0.23419121
   0.35591307 -0.08633693 -0.8142772   0.85647756 -0.13702147  0.5592501
  -0.17102952 -0.22765519  0.11957885 -0.01707941 -0.40676993 -0.40603757
  -0.83414984 -0.27994627 -0.33017948 -0.51437247 -0.09682071 -0.6392096
  -0.36949947  1.8890859   1.0150869  -0.4612426  -0.2987394  -0.42241725
  -0.313462   -0.28275827  0.52629596 -0.31488502 -0.46195835 -0.5989657
  -0.47471514 -0.70976186 -0.43391082  1.1495359  -0.12453667  0.53107756
  -0.4218492   0.19887602 -0.4114887   0.65982777  0.18287003 -0.38108638
  -0.07824615  1.3050855  -0.35534647 -0.39028117]]