[[ 0.9805903   0.58266205  0.43040863 -0.28083375 -0.64247733 -0.8987223
  -0.8221134  -0.4744139  -0.07111648 -0.22813755 -0.4776584  -1.0144804
   0.3648248  -0.276731   -0.52237344  0.8137512  -0.2721202   0.6225976
  -0.37065503  0.803122    2.4930766  -0.532317   -0.78188294 -0.65407103
   0.22211148 -0.59765464 -0.45813802  0.26467258 -0.36359802 -0.64039266
  -0.13487539 -0.39368507  0.12472107 -0.17906024 -0.33974412 -0.49647054
   0.12459525  0.57880807 -0.82705915 -0.7151501  -0.5530933   0.12124593
  -0.399267    1.0224398   1.7813367   0.91193527 -0.2886419  -0.31330094
  -0.02379113 -0.03912042  1.682814    1.80414    -0.07484933 -0.01076068
   0.1273532  -0.39905417 -0.87370014  0.07674453 -0.14355701  0.21406254
  -0.1042745  -0.33600378  0.22175397 -0.37831727 -0.52176803 -0.6109069
  -0.8712165  -0.5034292  -0.38221824 -0.61006874  0.6922723  -0.65892786
  -0.44658738  1.416922    1.1274108  -0.27726972 -0.44150352 -0.38689482
  -0.20036885 -0.13129468  0.29223424 -0.24456589 -0.47152102 -0.72229064
  -0.6197401  -0.80126196 -0.4923371   0.7195587  -0.03854915  0.4902529
  -0.5890133   0.33098188 -0.18683521  1.6296253   0.29738465 -0.36859512
   0.02412327  0.7767842   0.31895196 -0.4705904 ]]