[[ 1.2072985   1.0847408  -0.34182763 -0.1918091  -0.63951087 -0.8997004
  -0.88154024 -0.4634098  -0.07425237 -0.2181571  -0.5052078  -0.8770241
  -0.23001605 -0.2569212  -0.65382093 -0.21673347 -0.4536776   0.56128675
  -0.29643866  1.0587474   1.3585869  -0.6117586  -0.5990326  -0.55309325
   0.10990899 -0.6452839  -0.12707308 -0.04659843 -0.41440302 -0.7798856
  -0.247069   -0.10138611  0.15314624 -0.38146582 -0.1675903  -0.48126963
  -0.02293804  0.36886868 -0.77504116 -0.44691065 -0.51887345 -0.35727194
  -0.47303358  0.666042    1.7811159   0.35177553 -0.10413978 -0.22841096
  -0.2214006  -0.16023025  1.3983649   2.3770814  -0.48484397 -0.3027654
  -0.79424244 -0.7719189  -0.5076113   0.8166683  -0.1697883  -0.06275638
  -0.16870946 -0.33962598  0.07564968 -0.518553   -0.34284955 -0.50514615
  -0.8333414  -0.63986665 -0.37748626 -0.5694815  -0.1725635  -0.6566849
  -0.4746428   2.0345774   0.8961128   0.54310054 -0.19195634 -0.12334895
   0.12755169 -0.14263457  0.7039015  -0.46333125 -0.11249857 -0.4288794
  -0.36814296 -0.8227291  -0.4521857   1.0035495  -0.11555089  1.356148
  -0.48044133  0.3043375  -0.11410954  0.80657846 -0.17193048 -0.42051375
  -0.01098047  1.0303161  -0.05017904 -0.2825226 ]]