[[ 1.4943358   1.3233452  -0.17150332 -0.22637346 -0.75586087 -1.1962951
  -1.1751975  -0.6738755  -0.07304461 -0.10587788 -0.56329185 -1.1887488
  -0.31178084 -0.27408758 -0.72646374  0.04835926 -0.7066547   0.7497895
  -0.48779333  1.308932    2.6442113  -0.6660573  -0.9093957  -0.7512557
   0.15973769 -0.7301504  -0.11164616  0.04945004 -0.47552022 -1.1233385
  -0.3374572   0.03698733  0.10836037 -0.4620985  -0.5219471  -0.55458313
  -0.06029178  1.2937028  -1.0923092  -0.63601303 -0.6616247  -0.11981688
  -0.5383077   0.86024976  2.470272    0.4416619   0.08088344 -0.17017289
   0.34652272 -0.0872401   2.3464239   2.6537795  -0.36051863 -0.23417757
  -0.33111906 -0.7284415  -0.87772137  1.3176043  -0.12908041  0.34800503
  -0.26539716 -0.25259843  0.08525089 -0.51303726 -0.4355927  -1.0040729
  -1.2012814  -0.68208486 -0.2827605  -0.71212083  0.16254197 -0.96087235
  -0.49195865  1.9845257   0.8559325   0.69221306 -0.4936656  -0.19809875
  -0.260651   -0.04862122  0.33206165 -0.34896204 -0.39120072 -0.6029617
  -0.43451577 -1.1313787  -0.4145134   0.9935184   1.077386    1.5748276
  -0.758786    0.19629167 -0.20818985  1.277307   -0.10002246 -0.40812775
  -0.19815253  1.1132056  -0.13599984 -0.4043802 ]]