[[ 0.68846256  0.81321406  0.936835   -0.03381993 -0.7281222  -0.8889259
  -0.7516598  -0.34916902 -0.04943022 -0.34104192 -0.5715893  -0.96012026
   0.19304138 -0.23407084 -0.60270315  1.1752638  -0.5854541   0.19889443
  -0.40127927  1.0513319   2.3581617  -0.43982807 -0.72918105 -0.5498395
  -0.08977932 -0.4857747  -0.3712396  -0.06890902 -0.44154283 -0.64859366
  -0.47345558 -0.6942232   0.10753429  0.31897935 -0.33812112 -0.35605982
   0.0313385   0.0950347  -0.8639404  -0.51646954 -0.50826854 -0.2792764
  -0.41576964  1.818034    1.7304761   0.31633064 -0.37521613 -0.38995022
  -0.06398774 -0.0394828   0.6474674   2.215856    0.2166279  -0.18496656
  -0.67444944 -0.8009657  -0.9670095   0.02683692 -0.32880932  0.37510195
  -0.21668158 -0.31764993  0.07243802 -0.3237684  -0.48726484 -0.62185156
  -0.8530332  -0.37889716 -0.40770414 -0.61909795  0.58579534 -0.5455473
  -0.4347981   1.5423838   1.2942013  -0.38250914 -0.32539308 -0.5559206
  -0.01891434  0.00591786  0.49622837 -0.36407995 -0.52856976 -0.6363556
  -0.4832042  -0.75965005 -0.4276437   0.89595056  0.09601682  0.62966484
  -0.55394846  0.6307251  -0.11314617  0.537482    0.3175863  -0.42624447
  -0.03350658  1.0577794  -0.1421607  -0.4582131 ]]