[[ 0.6591726   1.07328     0.04124916 -0.06215317 -0.6085572  -0.90838134
  -0.90803397 -0.6117189  -0.02998211 -0.18806534 -0.487803   -0.7833893
   0.09039415 -0.23621817 -0.4814895   0.28514802 -0.5319946   0.18784283
  -0.40176213  1.2888461   1.7763207  -0.598007   -0.6841888  -0.69214433
   0.04002632 -0.47186792 -0.4768043   0.48417804 -0.4721218  -0.6469582
  -0.37664324 -0.5794816   0.13125975 -0.44632357 -0.15411341 -0.4675812
   0.20391129  0.16889012 -0.6381611  -0.59200954 -0.5519342  -0.1769042
  -0.37218416 -0.06285003  2.1951725   0.28758717 -0.2726947  -0.15895846
  -0.12806065 -0.04638254  0.5904098   2.49378    -0.07046141 -0.3708549
   0.18778163 -0.20271672 -0.8336443  -0.03062353 -0.1954748   0.01322849
  -0.1601646  -0.1334117   0.19487418 -0.3344088  -0.4637711  -0.7575549
  -0.86420137 -0.42618832 -0.33447883 -0.6802925   0.4776901  -0.40400648
  -0.36397898  1.9298432   1.4187365   0.1728775  -0.2667856  -0.38443
   0.31077304  0.04926356  0.5251383  -0.228107   -0.35980216 -0.59150183
  -0.11899207 -0.705988   -0.4124761   1.0686285   0.21511413  0.6611473
  -0.48052672  0.3314248   0.15745406  1.0661693   0.08156998 -0.3513342
  -0.02600572  0.99937457  0.38933367 -0.4026546 ]]