[[ 1.1763407   1.1145697  -0.33138043 -0.18264702 -0.64043343 -0.88979536
  -0.8722113  -0.46527466 -0.06785984 -0.23193134 -0.5122403  -0.86572427
  -0.20868699 -0.25413838 -0.65710336 -0.20885822 -0.44996926  0.4720823
  -0.2958035   1.0674603   1.3683915  -0.60228294 -0.60022724 -0.55061954
   0.06881241 -0.6339637  -0.13366486 -0.04081631 -0.41918117 -0.7567247
  -0.25815114 -0.17793722  0.15016326 -0.37485287 -0.11902245 -0.47445956
  -0.03106318  0.3442891  -0.76226217 -0.45670658 -0.5096805  -0.3617314
  -0.46618876  0.64660186  1.7757711   0.35302165 -0.16665807 -0.23035015
  -0.20919746 -0.1705072   1.3557634   2.3912182  -0.46368173 -0.30485973
  -0.7777811  -0.7562758  -0.5144623   0.7377926  -0.20220396 -0.05681233
  -0.16925348 -0.3433315   0.08209264 -0.5256252  -0.34708783 -0.4937783
  -0.8170285  -0.62692136 -0.38296825 -0.5771244  -0.16522735 -0.6182117
  -0.46624368  2.0440216   0.9303208   0.46024176 -0.20046827 -0.16307743
   0.21328938 -0.13525306  0.70026684 -0.45700216 -0.12434477 -0.4471084
  -0.31028253 -0.8036442  -0.4538876   1.0049635  -0.119004    1.3211251
  -0.4667105   0.30868128 -0.11268955  0.79527014 -0.16464394 -0.4218122
   0.00242263  1.0314705  -0.01942082 -0.28112167]]