[[ 0.9661831   1.381621    0.23360609 -0.15892163 -0.6033101  -0.81111217
  -1.0701193  -0.34706694 -0.18202935 -0.1516036  -0.60835624 -1.0179466
   0.13698012 -0.22466245 -0.610038    0.24583335 -0.51637     1.025249
  -0.21716127  1.1938039   1.5620424  -0.53185856 -0.525226   -0.6141591
   0.6717518  -0.5031052  -0.09145547 -0.4303606  -0.32414755 -0.82613844
   0.15580185  0.12788177  0.12791514 -0.2812191  -0.48908108 -0.2993157
   0.28940544  0.25631928 -0.9871725  -0.58143955 -0.5075959  -0.14462724
  -0.44084817  1.6227417   2.0353446   0.3704257  -0.25088048  0.35682067
  -0.08420578  0.27178812  1.0622025   2.5098572   0.09914605 -0.07695417
  -0.74225557 -0.7748647  -0.7265564   0.2513796  -0.40466148  0.2802683
  -0.11886939 -0.3081582   0.07273957 -0.38477513 -0.450344   -0.6065832
  -0.8643645  -0.5215676  -0.43093675 -0.6619374   0.07882971 -0.71176845
  -0.44821742  1.765511    0.77213794 -0.6095989  -0.04864819 -0.43971992
  -0.3060205   0.05523658  0.7655283  -0.3143146  -0.4222695  -0.6214298
  -0.5223741  -0.8820645  -0.39384872  1.1591028   0.43997237  0.90676075
  -0.50596005  0.5449707  -0.09993173  0.3090313   0.26175302 -0.39678583
   0.00293078  1.0930277  -0.42556173 -0.29679948]]