[[ 1.1721504   0.8105908   0.15763596 -0.22751412 -0.5671618  -0.82884526
  -0.8031793  -0.49511012 -0.20984966 -0.13609011 -0.4652695  -0.9444764
   0.6339758  -0.2517818  -0.5217995   0.5398074  -0.13951841  0.75604963
  -0.20403525  1.024745    1.0612451  -0.5516797  -0.49621844 -0.62650114
   0.30744505 -0.30469605 -0.4009495  -0.360187   -0.33000243 -0.6471022
  -0.0673455  -0.50932884  0.0515668  -0.4380027  -0.4006045  -0.32914293
   0.13716556  0.45123485 -0.80934066 -0.66573083 -0.49858367 -0.33104375
  -0.43691605  0.3984655   1.8343024   0.7848478  -0.30719605 -0.44928336
  -0.04073575  0.33169177  1.3041234   2.4145844   0.19231664 -0.32954997
  -0.43226337 -0.5840181  -0.77076286  0.05636971 -0.3718815   0.14673494
  -0.21680991 -0.32277948  0.23073988 -0.28333998 -0.4544033  -0.4991685
  -0.67958605 -0.4160178  -0.3918623  -0.7425438  -0.09787313 -0.5995258
  -0.35459432  1.7665008   0.7092486  -0.5044494  -0.10547076 -0.48211676
  -0.22411944 -0.19406778  0.68114644 -0.071872   -0.40716818 -0.60621697
  -0.28168687 -0.75980777 -0.40205118  0.96508896  0.3504922   0.8331798
  -0.39340782  0.1659547  -0.30003187  0.93966794 -0.27882534 -0.33196145
   0.01083501  1.0118914   0.04492991 -0.36201996]]