[[ 1.0246674   1.0196573   0.49967545 -0.09238487 -0.5839421  -0.92910063
  -0.88256395 -0.57298607 -0.05841757 -0.13588226 -0.46940106 -0.9245125
   0.76171225 -0.23303981 -0.4689104   0.9800659  -0.5319766   0.19136295
  -0.29561016  1.3551854   1.6251825  -0.54990923 -0.6251301  -0.721897
   0.15934804 -0.48796675 -0.5319969  -0.17104419 -0.37347358 -0.70690095
  -0.34847912 -0.52673876  0.16702029 -0.40406436 -0.48145786 -0.46540204
  -0.05959398  0.29808754 -0.9278767  -0.6675418  -0.554849   -0.05627286
  -0.3863003   0.40999603  2.7766752   0.23834084 -0.25858715 -0.5162211
  -0.08919914  0.15250534  0.6479593   2.9772465   0.41172624 -0.16263935
   0.43988878 -0.1382137  -0.96843034  0.26607275 -0.16323793  0.4848708
  -0.23909332 -0.12400696  0.38472855 -0.00507317 -0.49412012 -0.63638
  -0.77361095 -0.29210335 -0.3146139  -0.7207396   0.18571551 -0.61313313
  -0.30385536  2.0616655   1.2822034  -0.515921   -0.17753997 -0.5492319
  -0.21340752 -0.05223569  0.6841595  -0.03202548 -0.4864075  -0.6459694
  -0.38210657 -0.78781927 -0.3850459   1.3329688   0.22791481  0.84504753
  -0.50966346  0.33412138 -0.40256107  0.7590879   0.19506022 -0.37163165
   0.06546097  1.4274051  -0.24583063 -0.44778743]]