[[ 0.96547425  0.7926189   0.10143883 -0.28478676 -0.62186456 -0.84905297
  -0.80511266 -0.41160727 -0.18770204 -0.2603542  -0.42530537 -1.0355682
   0.41754216 -0.29204503 -0.59152037  0.28054798 -0.17983806  0.70132655
  -0.19159158  0.6250394   2.2686026  -0.49484733 -0.7279142  -0.6177926
   0.25758523 -0.49814847 -0.37466896  0.14903575 -0.22502512 -0.6664192
  -0.14813192 -0.2062192   0.16834334 -0.24493077 -0.17394118 -0.34511977
   0.2113972   0.60086155 -0.7215981  -0.6280943  -0.5428966  -0.06685272
  -0.40428063  0.9154319   1.3295761   0.8098556  -0.40235797 -0.0442236
   0.21313277 -0.01023896  1.8218387   1.6190395  -0.13507943  0.14683442
  -0.68261665 -0.77992445 -0.81949115  0.13721175 -0.31771207  0.13328351
  -0.20728575 -0.39534953 -0.04056617 -0.52310264 -0.46897903 -0.61290485
  -0.89801496 -0.51555365 -0.41401646 -0.58501965  0.62528294 -0.6186382
  -0.46894127  1.3989661   0.82106185  0.02258927 -0.38295677 -0.3933871
  -0.02224947 -0.17527063  0.2086918  -0.39107457 -0.45605764 -0.6271778
  -0.44539598 -0.76146257 -0.4483817   0.62301993  0.11790248  0.32453567
  -0.50869906  0.26949784 -0.02760788  1.2457427   0.03606351 -0.33602977
   0.1574972   0.6636202   0.22028139 -0.3041319 ]]