[[ 0.84086066  0.74943244  0.3841391  -0.26051626 -0.6500636  -0.8935097
  -0.78446686 -0.48808566 -0.19062185 -0.25574225 -0.46603218 -1.0234644
   0.5210298  -0.26843414 -0.6323036   0.7734924  -0.0721224   0.69785494
  -0.3060464   0.5732213   2.2041006  -0.51633173 -0.74156314 -0.56501216
   0.22781107 -0.5075117  -0.33581153  0.11707512 -0.34307584 -0.6044208
  -0.12882632 -0.33561268 -0.05787856 -0.08888965 -0.19374582 -0.37246612
   0.08593065  0.5378101  -0.74337226 -0.6737033  -0.51543045 -0.3031755
  -0.39493176  1.1537195   1.1349571   0.8582568  -0.3555191  -0.28845036
  -0.09159475  0.07349923  1.5618075   1.5126628  -0.12747581 -0.20058633
  -0.6130815  -0.74812603 -0.86066616  0.02013144 -0.35948992  0.03196312
  -0.1591533  -0.4159371   0.00751505 -0.47325167 -0.4661064  -0.5908525
  -0.7947523  -0.5353901  -0.42111528 -0.67266697  0.44725615 -0.59842634
  -0.46404034  1.3755523   0.9231829  -0.18387026 -0.32038295 -0.4673302
  -0.02677032 -0.13291244  0.20011246 -0.3056023  -0.45458543 -0.663477
  -0.41944334 -0.7532232  -0.46649763  0.53639597  0.16648835  0.2621461
  -0.53748685  0.31483433 -0.19927937  1.2936741   0.04088587 -0.36893672
   0.03080574  0.6241664   0.25859118 -0.39198184]]