[[ 6.36381388e-01  6.17702127e-01  4.47375655e-01 -2.89901018e-01
  -6.24207497e-01 -8.96733999e-01 -8.10634077e-01 -4.83835936e-01
  -1.53183058e-01 -2.83664584e-01 -4.28204209e-01 -1.05389965e+00
   5.81420302e-01 -2.57886767e-01 -5.77353597e-01  7.87216306e-01
  -3.80030364e-01  6.20879829e-01 -3.02779049e-01  5.76378286e-01
   2.46979451e+00 -4.99074131e-01 -7.54137397e-01 -6.27076983e-01
   1.20182514e-01 -5.21903932e-01 -3.74026328e-01 -1.60019826e-02
  -3.45121533e-01 -6.82126582e-01 -3.05149704e-01 -3.60587150e-01
  -5.25529636e-03 -1.88386440e-01 -3.61724764e-01 -4.21668589e-01
   1.23421580e-01  5.30520856e-01 -8.77125084e-01 -7.03161776e-01
  -5.69558501e-01  1.24187648e-01 -4.00070488e-01  1.00013101e+00
   1.56895900e+00  5.56862652e-01 -2.62785643e-01 -1.75876915e-01
   1.59162313e-01  6.86430335e-02  1.52866018e+00  1.57382452e+00
   1.49853574e-02  1.20658122e-01 -1.09208964e-01 -5.26159585e-01
  -8.11133862e-01  1.37687519e-01 -2.28867069e-01  2.73140699e-01
  -1.46860883e-01 -3.41030747e-01 -3.38554382e-04 -3.83269340e-01
  -4.94515330e-01 -5.65745831e-01 -8.36150408e-01 -5.54200530e-01
  -3.82229418e-01 -6.38385713e-01  6.34511828e-01 -6.68351531e-01
  -4.59452540e-01  1.17018962e+00  7.12818086e-01 -4.17235613e-01
  -2.96760589e-01 -5.16889691e-01 -2.22587883e-01 -1.00859657e-01
   2.95257986e-01 -2.65840918e-01 -4.84392822e-01 -6.46296859e-01
  -5.59045553e-01 -7.83785641e-01 -4.49136287e-01  5.24715364e-01
   2.85599500e-01  1.25446782e-01 -5.88547111e-01  2.27689952e-01
  -3.37601453e-01  9.87410009e-01  2.61037230e-01 -3.75044405e-01
   1.08152166e-01  5.67668200e-01 -1.37938753e-01 -4.14252222e-01]]