[[ 0.7604899   1.2616603  -0.07450353 -0.20428711 -0.60813224 -0.98672545
  -0.98459846 -0.79086274 -0.35257214 -0.03291177 -0.5233269  -0.9659014
   0.8104494  -0.25355977 -0.6474536   0.5670275  -0.11120517  1.0745379
  -0.39900076  0.51541966  1.9181972  -0.6296919  -0.7117091  -0.64945096
   0.20769909 -0.61782616 -0.3532955  -0.24122839 -0.4514948  -0.6516522
  -0.13208956 -0.12361129 -0.24790561 -0.568312    0.07195216 -0.45189455
   0.20074287  0.28632742 -0.7605539  -0.72351676 -0.5787884  -0.3906836
  -0.4086702   0.14627142  1.0424632   0.64944977 -0.05822802 -0.30354032
  -0.46755865  0.30681062  1.5122921   1.5856519  -0.15272339 -0.36845574
  -0.4130905  -0.62550557 -0.76901376  0.20009091 -0.26191127 -0.18561111
  -0.2283745  -0.38381246  0.04668456 -0.34677806 -0.48168874 -0.55680203
  -0.63753814 -0.5387174  -0.33762822 -0.7667269   0.12113789 -0.61388946
  -0.45077702  1.292779    0.8036185  -0.25411463 -0.30414712 -0.3642853
   0.19163221 -0.18349198  0.23439492 -0.0530069  -0.27269462 -0.5387297
  -0.32153958 -0.8000785  -0.4371545   0.54548025  0.14265412  0.286027
  -0.55949533  0.06971101 -0.4885978   1.151047    0.00505775 -0.33803722
   0.42239377  0.5110904  -0.00922991 -0.55489844]]