[[ 0.60955524  0.7497006   0.60613245 -0.08266602 -0.70901746 -0.96923405
  -0.8194232  -0.44255686 -0.15966721 -0.32368594 -0.5044671  -1.0753504
   0.5619601  -0.27524936 -0.67153     1.061437   -0.51701486  0.7188001
  -0.3187641   0.8323908   2.9361906  -0.44670412 -0.82855    -0.63954127
  -0.03697954 -0.67853266 -0.33789155 -0.03463078 -0.3354929  -0.66676176
  -0.43432283 -0.33978525  0.14961962  0.08020848 -0.17684758 -0.41717058
   0.43900007  0.2408033  -0.9029511  -0.62649244 -0.59593654  0.03088938
  -0.40999174  1.8936036   1.3528553   0.73497665 -0.37207386 -0.15157694
  -0.04423638 -0.07534442  1.7042854   1.7272829   0.01173224  0.22842497
  -0.45985964 -0.75315994 -0.9110242   0.12008768 -0.2955638   0.31264642
  -0.20744683 -0.25418645 -0.02115924 -0.47727323 -0.54375416 -0.5359002
  -0.909433   -0.5688866  -0.4395243  -0.5875884   0.94464076 -0.6618434
  -0.5452717   1.1690242   1.3057948  -0.3707233  -0.5381403  -0.51253986
   0.03988533 -0.00984968  0.26787022 -0.45286968 -0.4640475  -0.6555248
  -0.6349308  -0.8167272  -0.50515705  0.49156886 -0.11543559  0.3019065
  -0.6366175   0.48994327 -0.267118    0.9976544   0.50842166 -0.43372166
   0.26271415  0.8611752  -0.18205963 -0.49677393]]