[[ 0.93376654  1.0598667   0.09917389 -0.22877106 -0.55034167 -0.8242531
  -0.8403902  -0.47130015 -0.1363059  -0.11520117 -0.46877524 -0.9415075
   0.61094606 -0.24060887 -0.5020709   0.23339652 -0.19191672  0.7299676
  -0.25654867  0.9872875   1.213279   -0.55213094 -0.5573431  -0.604959
   0.2847847  -0.26093337 -0.31913048 -0.31864956 -0.35454625 -0.7043604
  -0.10740396 -0.44645455  0.02859833 -0.47600472 -0.38399982 -0.30764553
   0.22384682  0.6977549  -0.81010306 -0.6521096  -0.47767887 -0.23912774
  -0.4261496   0.09044863  1.7344991   0.5991265  -0.15895589 -0.28020382
   0.19354159  0.36839357  1.2826778   2.1263328   0.17334348 -0.26269805
  -0.4764518  -0.6113839  -0.6859428   0.14037336 -0.37927186  0.15474495
  -0.21997784 -0.3225351   0.10437363 -0.26578364 -0.4009259  -0.5649309
  -0.7293776  -0.3880689  -0.35688573 -0.70919204 -0.09975813 -0.60151005
  -0.37455076  1.626831    0.61533576 -0.48122013 -0.17583211 -0.48157322
  -0.2234564  -0.2615305   0.5110919  -0.05656644 -0.4268778  -0.5947812
  -0.280683   -0.7638346  -0.3707678   0.88689065  0.8752922   0.53145885
  -0.44037023  0.15044041 -0.24238986  0.7598014  -0.19189182 -0.30893818
   0.02850941  0.8405755  -0.01080367 -0.2642261 ]]