[[ 1.38730061e+00  6.11711621e-01  1.43221796e-01 -2.55738020e-01
  -5.69949389e-01 -8.00693870e-01 -1.00306523e+00 -5.72308898e-01
  -4.36958760e-01  7.84858465e-02 -2.97109574e-01 -9.92966592e-01
   5.23505747e-01 -2.92169213e-01 -7.12784827e-01 -1.01578616e-01
  -9.93431583e-02  1.49378312e+00 -1.95862159e-01  1.09219193e+00
   1.77281487e+00 -5.01626015e-01 -6.21745169e-01 -7.28042006e-01
   3.28445524e-01 -6.44972920e-01 -3.04485381e-01 -1.41335446e-02
  -2.48586282e-01 -5.65627635e-01  1.95100009e-01 -1.80130944e-01
   2.79029727e-01 -4.64680493e-01 -3.81002098e-01 -4.09496069e-01
   5.95106542e-01  2.77490616e-01 -7.23110795e-01 -6.60142243e-01
  -5.34718156e-01 -1.79347485e-01 -3.68385166e-01  8.93715680e-01
   1.71473014e+00  1.67819977e+00 -4.76854473e-01 -7.99095333e-02
  -2.53874183e-01  4.78220079e-03  2.35044742e+00  2.71324658e+00
   7.04021752e-03  2.33912021e-01 -7.31866837e-01 -7.65826464e-01
  -8.80838871e-01  3.47286582e-01 -4.44018185e-01  3.47468376e-01
  -2.16662183e-01 -3.87769639e-01  4.02119726e-01 -3.98645461e-01
  -4.36888039e-01 -6.01599336e-01 -9.08214927e-01 -5.69298625e-01
  -4.82549876e-01 -6.56381607e-01  4.61622775e-01 -6.27821386e-01
  -3.82753015e-01  1.79925621e+00  7.39216506e-01 -2.33676899e-02
  -1.58057868e-01 -1.20708570e-01 -3.46133173e-01 -1.27220124e-01
   2.65947759e-01 -4.83879983e-01 -4.29377466e-01 -7.59869337e-01
  -6.13114893e-01 -7.23346353e-01 -4.78970438e-01  1.06833458e+00
  -2.08281934e-01  7.26528227e-01 -5.24083912e-01  3.51275325e-01
  -3.37977186e-02  1.95454288e+00 -3.41638744e-01 -3.01462770e-01
  -1.50247477e-03  1.07677877e+00  8.24620605e-01 -4.67169434e-01]]