[[ 1.188903    0.7394483   0.40005708 -0.16512944 -0.6267083  -0.8011733
  -0.7719752  -0.35023242 -0.11945511 -0.24384567 -0.49636927 -0.91068244
   0.22267641 -0.23746955 -0.49954587  0.53314614 -0.22625662  0.5510312
  -0.2270373   1.2458397   1.2373832  -0.5008125  -0.5172315  -0.5857509
   0.29226515 -0.30342916 -0.3838246  -0.11582616 -0.35245785 -0.65234184
  -0.13711214 -0.61778754  0.18455838 -0.10475147 -0.4525698  -0.28839663
   0.15877225  0.337227   -0.7916457  -0.5457656  -0.47072288 -0.32918805
  -0.41938823  0.93206984  2.021072    0.81916136 -0.39101177 -0.4302076
  -0.01734826  0.14579636  1.1151977   2.620884    0.17997198 -0.2982781
  -0.6099685  -0.68756807 -0.82390445  0.00498156 -0.36838087  0.2064534
  -0.21041727 -0.30260125  0.22934878 -0.34019926 -0.43055508 -0.5383016
  -0.80004454 -0.40417105 -0.40854806 -0.6616875   0.10420737 -0.5699379
  -0.36791503  1.9855045   0.9814042  -0.3081466  -0.08890976 -0.43863493
  -0.21411718 -0.10410735  0.8067524  -0.26192132 -0.4298745  -0.6066472
  -0.36958262 -0.73520327 -0.41113263  1.1326939   0.23636073  0.92834985
  -0.3894447   0.4238512  -0.01072069  0.86751056 -0.13578357 -0.3542328
  -0.13308886  1.1851625   0.1587617  -0.3619103 ]]