[[ 0.93186337  0.12501912  0.9838716  -0.2703387  -0.7187576  -0.90260154
  -0.5543029  -0.25003934 -0.10867582 -0.49582493 -0.4663649  -1.0770108
   0.60001504 -0.34742385 -0.6495156   1.6470476   0.2475411   0.7071487
  -0.37763578  0.17980474  2.4048185  -0.5151875  -0.9329513  -0.47035703
   0.53184986 -0.64500916  0.33200172  0.38500926 -0.41093937 -0.59914804
   0.18581513  0.38163474  0.03016923  0.22501329 -0.46299013 -0.09984493
  -0.14986709  0.6313746  -0.91428226 -0.6447659  -0.44992745 -0.1188771
  -0.40994996  2.919913    0.92566544  1.0542655  -0.44937027 -0.08458922
  -0.18819883 -0.18545489  1.8514489   1.0135684  -0.041907   -0.06026823
  -0.20352043 -0.4547003  -0.96169084  0.7073298  -0.3710392   0.2294222
  -0.15890896 -0.38892597 -0.11941487 -0.5041311  -0.4539996  -0.29509678
  -0.8569699  -0.5020986  -0.4486165  -0.40031117  0.6425915  -0.7414923
  -0.50002384  0.9939857   0.96998495 -0.30967504 -0.7231091  -0.48983526
  -0.42568642 -0.09121706 -0.07064861 -0.40043467 -0.5752429  -0.75944823
  -0.86545575 -0.8061442  -0.5098641   0.24620897 -0.30181617  0.17117277
  -0.618083    0.30188435 -0.40045395  1.7041502   0.31683594 -0.42672694
  -0.17855503  0.9206503   0.01868627 -0.5203982 ]]