[[ 0.412492    0.762483    0.17301428 -0.20929688 -0.52671075 -0.8711138
  -0.8024598  -0.34052396  0.00534184 -0.10793801 -0.46913102 -0.92731404
   0.6298671  -0.31619656 -0.5088921   0.43342754 -0.21361901  1.2288959
  -0.25723678  0.72548884  1.5551407  -0.62785226 -0.6613215  -0.5773928
   0.4288583  -0.46194583  0.3155643   0.06630543 -0.35415107 -0.7511468
   0.09886694  0.5780814  -0.00324538 -0.5410801  -0.5265726  -0.07031719
   0.4929679   0.8104979  -0.9358468  -0.65177983 -0.4402306   0.09413465
  -0.4751416   1.4798138   1.4868141   0.32672253 -0.12132439  0.08395848
   0.13929528  0.19844797  1.5060154   1.6816666   0.04570723 -0.06883682
   0.37659752 -0.0170258  -0.6477336   0.8922085  -0.22969936  0.15170209
  -0.15152761 -0.1535146  -0.16893215 -0.32337296 -0.40442196 -0.36732307
  -0.89330614 -0.55200225 -0.39247367 -0.46047577 -0.04851026 -0.7391786
  -0.45897177  0.98181486  0.69770676 -0.3616198  -0.5143125  -0.38689098
  -0.4036503  -0.23964192  0.12740311 -0.26970878 -0.4160853  -0.6527634
  -0.58816606 -0.8062631  -0.46683335  0.4983615   0.59629047  0.42886806
  -0.5279646   0.03927729 -0.3237779   0.7812879   0.11023479 -0.38828617
  -0.06893924  0.8936158  -0.40992182 -0.26087353]]