[[ 0.96431315  1.0807023   0.5013399   0.17147079 -0.6587091  -0.95427185
  -0.99868727 -0.56535244 -0.25672093 -0.26632246 -0.4872124  -1.0527991
   0.5672063  -0.33723173 -0.750736    0.65127176 -0.54763347  1.0857421
  -0.375167    0.48701024  3.0318706  -0.56598234 -0.8589239  -0.6767488
   0.47327936 -0.82774657 -0.0223498  -0.06708427 -0.3535668  -0.80073553
   0.00439508  0.31932384  0.10525681 -0.28166917 -0.20969939 -0.4286977
   0.50696224  0.36397853 -1.0357658  -0.57361424 -0.6132806  -0.02150429
  -0.4675745   2.4275203   1.0044392   0.9432276  -0.3645748   0.47447786
  -0.09580365 -0.08869601  2.3774736   1.1012611   0.045701    0.11840522
  -0.3306014  -0.6274253  -0.8894332   0.9453565  -0.27831376  0.40018168
  -0.16724892 -0.04178578 -0.18649773 -0.44888398 -0.51653045 -0.6524879
  -0.97512025 -0.5623396  -0.4599761  -0.6249973   0.5283647  -0.803162
  -0.5788585   0.7763772   0.8862981  -0.34711707 -0.722124   -0.49121583
  -0.20835039  0.18505873 -0.06602962 -0.3479567  -0.46466208 -0.71698684
  -0.6996834  -0.9601929  -0.5211774   0.20567037  0.15720493  0.499714
  -0.7267571   0.2963895  -0.37627324  1.1420878   0.6480363  -0.3915516
   0.1951689   0.65432495 -0.32933414 -0.5339312 ]]