[[ 0.67933464  0.30638716  0.70861137 -0.14495495 -0.6447228  -0.84348655
  -0.7485018  -0.32131612 -0.15092075 -0.28679615 -0.54622096 -0.91608393
   0.28792477 -0.23390238 -0.4395497   1.2107733  -0.55094194  0.8088628
  -0.26268458  1.1522832   1.6979655  -0.47877172 -0.45644644 -0.5711889
   0.12158027 -0.25621334 -0.34074163  0.03421318 -0.33432403 -0.62557125
  -0.32217804 -0.73678714  0.08100568  0.16965906 -0.551349   -0.20916438
   0.6196152  -0.12496734 -0.79343617 -0.56494254 -0.5227112  -0.37468517
  -0.447       1.8402216   1.3359933   0.49944493 -0.37882584 -0.23819445
  -0.30717647  0.4183581   0.6110272   2.1472282   0.26656324 -0.38452604
  -0.63200486 -0.7594372  -0.8075862  -0.16117737 -0.35125494  0.15938443
  -0.1847305  -0.23120421  0.12876871 -0.47185117 -0.49281865 -0.49650934
  -0.7736772  -0.5066918  -0.45902386 -0.6723717   0.61455864 -0.56937486
  -0.41507375  1.2307112   1.128825   -0.24428864 -0.00895036 -0.53342324
  -0.28031027  0.07592126  0.8885478  -0.2377983  -0.447097   -0.58490187
  -0.5302947  -0.7432664  -0.435711    0.87484723  0.08838287  0.9609012
  -0.41460463  0.57966226  0.21288924  0.80286604  0.09801211 -0.43149742
  -0.04737101  1.0006044   0.04076414 -0.44066036]]