[[ 0.34978577  1.3597342   0.30729157 -0.31266162 -0.62839884 -0.98123384
  -1.036308   -0.52535033  0.06311374 -0.15031017 -0.5158934  -1.1100538
   0.44651043 -0.25928771 -0.5720451   0.9211491  -0.60931975  0.8585027
  -0.36245447  0.6643508   2.9874787  -0.62830853 -0.8749977  -0.66562366
   0.56375074 -0.7212668  -0.24391924  0.24437356 -0.30127427 -0.8276494
  -0.04793152  0.3203903  -0.04653055 -0.31297955 -0.32391044 -0.50272614
   0.21964522  0.7482488  -0.99934375 -0.7886059  -0.5763335   0.21439315
  -0.4394687   1.5933102   1.7877557   0.21269158 -0.07774732  0.32985923
  -0.03072038  0.1299746   1.2327737   1.5741248  -0.17539795 -0.1755149
   0.6267164  -0.07563572 -0.7869233   0.3276321  -0.06845473  0.22028479
  -0.10620365 -0.25929314 -0.18923345 -0.49565    -0.5288147  -0.74252766
  -0.97270244 -0.60295904 -0.3540194  -0.636169    0.52778757 -0.80108196
  -0.49356067  0.9478019   1.0329372  -0.43769205 -0.6747867  -0.5095038
  -0.15827957  0.11010857  0.03441998 -0.19179973 -0.45889443 -0.7548897
  -0.68157727 -0.9562635  -0.47284847  0.5881928   0.32256752  0.45028147
  -0.7120488   0.22967927 -0.35395163  1.0226767   0.81431186 -0.4035454
   0.13560535  0.7128213  -0.3694123  -0.3419324 ]]