[[ 0.6153486   0.5989888   0.58562875 -0.18328647 -0.61159384 -0.818751
  -0.74600065 -0.46123305 -0.08277424 -0.35829097 -0.3457875  -0.98752457
   0.62375605 -0.24217655 -0.53779703  0.8040221  -0.49489927  0.33824414
  -0.2681865   0.52094877  2.4302163  -0.4800732  -0.72655344 -0.5845903
   0.09131128 -0.56457263 -0.37129074  0.01803673 -0.26624668 -0.6526067
  -0.36568797 -0.28093737  0.04259802 -0.08381724 -0.29250553 -0.4173893
  -0.0278023   0.3047445  -0.84697324 -0.6170246  -0.5436729   0.07487936
  -0.4142869   1.2513984   1.4819949   0.21435933 -0.33280182 -0.20362447
   0.03526511 -0.09945516  1.1327602   1.4302205   0.1200977   0.20657116
  -0.03538802 -0.43044338 -0.8081976   0.31005615 -0.14989352  0.39751443
  -0.24268435 -0.28730953 -0.08801971 -0.32497522 -0.4625813  -0.52810186
  -0.8434365  -0.41940048 -0.3836918  -0.57559174  0.5499434  -0.59508294
  -0.44241518  1.1236242   0.9050873  -0.36290383 -0.4851591  -0.51563436
  -0.10435791 -0.12619886  0.22527014 -0.36313498 -0.4500014  -0.6134551
  -0.5380682  -0.74575543 -0.46767014  0.5466851  -0.087029    0.26659507
  -0.5549784   0.28221923 -0.31539935  0.69237477  0.39810166 -0.3948854
   0.11119077  0.7376476  -0.30039155 -0.42507595]]