[[ 0.8872122   0.51455283  0.5847205  -0.30100405 -0.6964207  -0.89165723
  -0.68853724 -0.49385437 -0.11282137 -0.38202804 -0.3225292  -1.1485857
   0.80624086 -0.32219785 -0.5469308   1.1531371  -0.22549804  0.80723965
  -0.3265773   0.13608645  3.1964383  -0.5053048  -0.8772386  -0.6134425
   0.3488963  -0.5489482  -0.29446635  0.26278275 -0.2359296  -0.6772693
  -0.19652015 -0.15994328  0.07132497 -0.09316976 -0.14939395 -0.35425738
   0.28148174  0.71490395 -0.8494588  -0.76922923 -0.58008957  0.18746857
  -0.45549983  1.7197239   0.72332     0.8813252  -0.30140248 -0.0794776
   0.23084527  0.03261036  2.0310147   0.65874237  0.0247002   0.23624972
   0.08294874 -0.4406187  -0.9198409   0.30590522 -0.16490749  0.34739134
  -0.26183388 -0.34140092 -0.14639646 -0.55774736 -0.52289134 -0.6070387
  -0.8971231  -0.48373148 -0.41488382 -0.57633305  0.89409775 -0.6812332
  -0.4948614   0.6618621   0.9256089  -0.20447962 -0.7986667  -0.5571099
  -0.06860548 -0.1263941  -0.19729938 -0.19132583 -0.5617699  -0.72777414
  -0.6418473  -0.85704    -0.5084603   0.09050625  0.02179361  0.0801167
  -0.629132    0.1427177  -0.3396761   1.423994    0.5140935  -0.31639153
   0.21424568  0.45069486  0.02379903 -0.44304842]]