[[ 1.056659    0.62339747  0.6207745   0.24406053 -0.6505164  -0.98048806
  -0.84624326 -0.56171256 -0.18359187 -0.30221686 -0.41459018 -0.9651017
   0.6407034  -0.32685465 -0.6781927   0.80163294 -0.51868737  0.75273466
  -0.34927255  0.7917182   2.7621067  -0.50300723 -0.8184538  -0.70603955
   0.02800674 -0.67198336 -0.26649186 -0.11065761 -0.35493428 -0.7164177
  -0.39891395 -0.32175887  0.22681178 -0.15313359 -0.24758023 -0.42624748
   0.48935056  0.32108486 -0.988574   -0.49287787 -0.6154728   0.01430618
  -0.445203    1.7869714   1.5192502   1.0615429  -0.35437748 -0.1334228
   0.00738759 -0.13775468  2.2661448   1.6371952   0.18684845  0.16944999
  -0.21549028 -0.57265395 -0.93019277  0.8559225  -0.21134715  0.45634222
  -0.25552034  0.05187609 -0.05009745 -0.3369031  -0.50722426 -0.61111176
  -0.9973953  -0.51749927 -0.4274943  -0.63748455  0.61741257 -0.6996599
  -0.5277488   1.1469752   1.057233   -0.30554298 -0.6344238  -0.51273775
  -0.17040904  0.01267908  0.16298768 -0.406395   -0.50145674 -0.6719048
  -0.60935664 -0.85513246 -0.51322925  0.420934    0.16320938  0.63815784
  -0.6507256   0.30441537 -0.40730426  1.2637174   0.36312395 -0.39905903
   0.17667893  0.9148942  -0.22492994 -0.5426936 ]]