[[ 1.4637464   0.7973607   0.22096494 -0.18677028 -0.6745815  -0.9671476
  -0.89756024 -0.5756007  -0.2401608  -0.06737022 -0.5071018  -0.93825597
   0.4309413  -0.2316624  -0.5009515   0.6295235  -0.3013201   0.8541106
  -0.29453558  1.4198568   1.4089088  -0.57708555 -0.51018417 -0.7407196
   0.3760589  -0.40304422 -0.39457697  0.04822024 -0.3875909  -0.6915554
  -0.15011859 -0.4675092   0.35151926 -0.23467173 -0.4464728  -0.32914296
   0.36442462  0.11759154 -0.7946973  -0.59077907 -0.54268634 -0.42682254
  -0.40065888  0.6964867   2.3153257   0.98002064 -0.23819958 -0.44158265
  -0.2878103   0.3468639   1.2338098   3.0244594   0.17210647 -0.3641036
  -0.57830715 -0.715008   -0.96093917  0.18594432 -0.250504    0.1115362
  -0.26592588 -0.31577748  0.4448843  -0.31702068 -0.50217724 -0.6389447
  -0.8525598  -0.4749492  -0.37636334 -0.7375443   0.36405718 -0.6441311
  -0.36666998  2.4886713   1.3087707   0.02672932 -0.07952081 -0.3579426
  -0.2453284  -0.0796748   0.8446034  -0.16526435 -0.38874185 -0.58623254
  -0.4560821  -0.7744766  -0.42109826  1.38267     0.04598086  1.0728396
  -0.4444733   0.44576347  0.09114115  1.2802441  -0.19365126 -0.35487142
  -0.02135747  1.3592738   0.46412903 -0.47112975]]