[[ 0.67131037  0.6568617   0.854131   -0.09669707 -0.72921145 -0.9000667
  -0.72908616 -0.32590392 -0.00971706 -0.3565611  -0.5594864  -1.0058055
   0.11991376 -0.25741827 -0.6065728   1.1871861  -0.6265164   0.27861226
  -0.40485963  0.9372777   2.3994539  -0.45649466 -0.72949594 -0.54043335
  -0.08965074 -0.42181107 -0.34298414 -0.02396479 -0.4307856  -0.68153524
  -0.47190934 -0.71365696  0.10661351  0.25883347 -0.42999622 -0.36274996
   0.09451102  0.29988587 -0.8505899  -0.5579955  -0.5272791  -0.25689328
  -0.46006742  1.8253665   1.4936154   0.3072748  -0.29281777 -0.32472777
   0.11937282 -0.00959123  0.7290471   1.948252    0.12526017 -0.25638837
  -0.7025827  -0.8287979  -0.8837829  -0.00537215 -0.3342421   0.31941283
  -0.20231235 -0.32209674  0.01703    -0.4133947  -0.5007227  -0.63872415
  -0.87557125 -0.44730964 -0.42477772 -0.63765484  0.61252165 -0.57702714
  -0.45771667  1.2806152   1.0894585  -0.28317177 -0.37802446 -0.561699
  -0.11139236  0.0181184   0.40687096 -0.34857354 -0.53441906 -0.64366466
  -0.45341885 -0.80846775 -0.4330819   0.6751867   0.35733643  0.7101586
  -0.5761758   0.5297971  -0.08816608  0.61761105  0.19064918 -0.4310199
  -0.14260626  0.897578   -0.08195514 -0.370146  ]]