[[ 9.2268139e-01  8.4702855e-01  4.1264403e-01 -2.8532166e-02
  -6.2456447e-01 -8.8562107e-01 -8.5283017e-01 -4.5569038e-01
  -1.3650411e-01 -2.4530044e-01 -5.0877929e-01 -9.6814746e-01
   5.0568080e-01 -2.6466638e-01 -5.7227725e-01  4.9024099e-01
  -3.5436919e-01  6.5173960e-01 -3.0000326e-01  9.6518701e-01
   2.1147108e+00 -4.8937029e-01 -7.0714253e-01 -6.5972173e-01
   1.6236229e-01 -5.3444493e-01 -3.8785130e-01 -9.8768234e-02
  -3.5625568e-01 -6.9354695e-01 -2.7571028e-01 -3.8392702e-01
   1.6640416e-01 -2.1966994e-01 -2.4857144e-01 -3.8085380e-01
   3.4012392e-01  3.7685436e-01 -8.6508185e-01 -6.1237484e-01
  -5.3829789e-01  2.8079664e-02 -4.0929508e-01  9.4266397e-01
   1.7895832e+00  7.7376664e-01 -3.3423862e-01 -1.9300255e-01
   5.6509279e-02 -1.2913251e-03  1.6609966e+00  2.0136232e+00
   2.0861907e-01  2.1374168e-01 -3.1700647e-01 -5.8602518e-01
  -8.3811647e-01  2.4554186e-01 -2.8801548e-01  4.0821180e-01
  -2.2819906e-01 -2.3367430e-01  5.7795361e-02 -2.7774003e-01
  -4.6955022e-01 -5.7871628e-01 -8.9082581e-01 -4.1707510e-01
  -3.9053118e-01 -6.0650569e-01  4.8962030e-01 -6.0872573e-01
  -4.6325600e-01  1.5321127e+00  1.0634378e+00 -3.9889392e-01
  -4.0401006e-01 -4.6291140e-01 -5.0233349e-02 -1.3145648e-01
   3.6718047e-01 -3.4543392e-01 -4.6212870e-01 -6.3173354e-01
  -4.6100119e-01 -7.7273589e-01 -4.5761171e-01  7.5162762e-01
   1.5537949e-01  4.5332128e-01 -5.2584302e-01  3.4143484e-01
  -2.1162632e-01  9.4390601e-01  2.8320462e-01 -3.6963674e-01
   1.7560951e-01  9.7989845e-01 -5.3520039e-02 -4.3786564e-01]]