[[ 0.51043737  0.51625866 -0.25164962 -0.27503935 -0.58041894 -0.85482746
  -0.722282   -0.48569262 -0.17767471 -0.20567355 -0.4490423  -0.72855633
  -0.11983586 -0.28721294 -0.40654847 -0.1646442  -0.46828645  0.2716423
  -0.3467541   0.80228806  1.3217356  -0.60512704 -0.59977674 -0.56892014
  -0.0160432  -0.4431387  -0.25050735  0.8319733  -0.4470949  -0.6184751
  -0.31443563 -0.39166465 -0.01287162 -0.43374807 -0.3402763  -0.3909468
   0.260147   -0.00838883 -0.41133803 -0.46487874 -0.48887107 -0.3828872
  -0.3791765   0.15517348  1.1280341   0.17348689 -0.3896404   0.0471352
  -0.21265037 -0.0292368   0.77157867  1.4900262  -0.33285743 -0.4036072
  -0.6291575  -0.6537462  -0.6408359   0.19887905 -0.25845295 -0.21627049
  -0.18052259 -0.29687825 -0.03077341 -0.5384767  -0.33936164 -0.5310292
  -0.7409297  -0.537926   -0.37044626 -0.48244196  0.5928128  -0.5039291
  -0.4452688   1.2249756   0.919233    1.0089235  -0.2808725  -0.14291121
  -0.05640403  0.00492318  0.47126442 -0.34055355 -0.1709898  -0.43948993
  -0.32409608 -0.6376214  -0.40781993  0.6163627  -0.16512851  0.62274635
  -0.40703878  0.17452234  0.62818277  1.2911739  -0.2879937  -0.38652825
  -0.12294266  0.58059376  0.6276125  -0.3809831 ]]