[[ 0.25328633  1.5252051  -0.23053789 -0.2578272  -0.6753782  -1.076402
  -1.0546682  -0.7462496  -0.24031116 -0.08337744 -0.5923901  -0.86173326
   0.15561993 -0.24313994 -0.5353305   0.31128502 -0.52760506  0.32960108
  -0.4859936   0.8532656   2.605713   -0.6201531  -0.79336876 -0.71717036
  -0.04641228 -0.64808965 -0.43090257  0.7233052  -0.5446387  -0.6610402
  -0.4000497  -0.50092155 -0.11748802 -0.52321464  0.26149243 -0.439646
   0.4543248  -0.08169845 -0.53005856 -0.66455907 -0.5852164  -0.3563732
  -0.34378394  0.08886354  1.26493     0.26653478 -0.33909792 -0.01905376
  -0.37600887  0.0712694   0.8679801   1.8330797  -0.34171996 -0.5508298
  -0.08175796 -0.4262069  -1.0062779  -0.24201685 -0.26713592 -0.2839883
  -0.21013671 -0.23129186  0.03747026 -0.5202142  -0.49700055 -0.8327453
  -0.82918274 -0.60208774 -0.3200351  -0.7241198   0.84072834 -0.50359845
  -0.4237173   1.4129301   1.497421    0.5429158  -0.38975754 -0.31121218
   0.58496636  0.10515188  0.21786863 -0.21429597 -0.29657096 -0.58783114
  -0.33405578 -0.74267757 -0.43074006  0.64808786  0.06731753  0.2301156
  -0.5579307   0.27583277  0.29633176  1.4748057   0.33686346 -0.3726026
   0.6770682   0.49934936  0.50201887 -0.49627566]]