[[ 1.1020639   0.61601365  0.6995879  -0.20330353 -0.7022013  -0.89007795
  -0.8821511  -0.44272473 -0.20480007 -0.1844835  -0.5340168  -0.89415026
   0.01869449 -0.2258337  -0.5201276   0.96364295 -0.5395887   0.31771913
  -0.35939336  1.311611    2.1852195  -0.44696873 -0.67137593 -0.61394465
   0.00326012 -0.5434339  -0.44073024  0.2802997  -0.3908803  -0.5999202
  -0.14631778 -0.7221631   0.188899    0.13036276 -0.4531893  -0.38830698
   0.06025458 -0.14172493 -0.69197065 -0.5343803  -0.54158103 -0.3883525
  -0.3442043   1.4377992   2.0979278   0.5980783  -0.49353725 -0.3776236
  -0.3990633  -0.03115444  0.6468304   2.6768725   0.03090341 -0.316817
  -0.6298975  -0.7782023  -1.0714259  -0.11479576 -0.36131582  0.21539041
  -0.23950459 -0.2821491   0.47372878 -0.3927481  -0.46679512 -0.6681067
  -0.8356388  -0.42716062 -0.4068666  -0.62868893  0.8928472  -0.5592537
  -0.33877707  1.9064907   1.4639096   0.11134002 -0.15082125 -0.23962964
  -0.22949632  0.0790123   0.6627845  -0.3345471  -0.46521392 -0.6939079
  -0.6359888  -0.7578989  -0.4131972   1.4365798  -0.23801054  1.1363485
  -0.54098594  0.6662046   0.269057    1.5056556  -0.02574962 -0.3941428
  -0.11225305  1.2914119   0.5992101  -0.5273764 ]]