[[ 1.1946899   1.1399335   0.43209663 -0.05058747 -0.6061672  -0.7689354
  -0.95868915 -0.39936885 -0.21815303 -0.18999153 -0.54384327 -0.98246074
   0.27257985 -0.25595585 -0.68751925  0.249432   -0.1266052   1.0304756
  -0.27856427  1.0740366   1.319746   -0.5607753  -0.60660046 -0.6084235
   0.7637393  -0.541148   -0.10773329 -0.2563782  -0.40357158 -0.7070339
   0.29178402  0.05920778  0.15558529 -0.28083584 -0.40766364 -0.35920048
   0.14874898  0.3838509  -0.9294233  -0.61868215 -0.4636176  -0.30999514
  -0.42143     1.4538879   1.8294238   1.0731556  -0.3296153   0.16914172
  -0.21651722  0.05498679  1.6385556   2.402522    0.21419865 -0.14507498
  -0.7085984  -0.7188018  -0.73453903  0.34345797 -0.44801366  0.3812338
  -0.12076207 -0.37053218  0.16047838 -0.30162907 -0.4206357  -0.5530663
  -0.7999746  -0.4212401  -0.4480215  -0.6506172  -0.14691183 -0.65812165
  -0.4226209   1.8194685   0.60879564 -0.5685318  -0.15792133 -0.43708894
  -0.26365438  0.14988427  0.61405665 -0.32887927 -0.4213392  -0.6861822
  -0.50214094 -0.81053156 -0.42521194  0.8609433   0.12368277  0.6994535
  -0.4899993   0.4303786  -0.21377887  0.83542234  0.21627691 -0.3614733
  -0.12487458  1.0975562   0.10358295 -0.35544702]]