[[ 1.4178367   1.019516   -0.05999951 -0.11784636 -0.6830146  -1.0209862
  -1.0064679  -0.5659803  -0.17197184 -0.10176089 -0.5398848  -0.92373884
  -0.07705474 -0.23738427 -0.6151428  -0.18258692 -0.5611212   0.7218326
  -0.36467454  1.5638056   1.4435295  -0.6208411  -0.643131   -0.7076154
   0.10659571 -0.55951446 -0.11379275  0.1858909  -0.4555182  -0.86255807
  -0.2627969  -0.21577367  0.22350538 -0.38101333 -0.519855   -0.43594265
   0.22457573  0.4400629  -0.8202992  -0.47074604 -0.5629142  -0.37151423
  -0.43919015  0.63936365  2.4877787   0.5073319  -0.08033039 -0.10088568
  -0.18713436  0.03492539  1.5335032   3.0571566  -0.06859528 -0.21987318
  -0.8222576  -0.8614126  -0.71984184  0.9216369  -0.28215316  0.3100754
  -0.2574997  -0.2879561   0.22468993 -0.35621154 -0.3693677  -0.7184278
  -0.9916857  -0.5334134  -0.34171477 -0.64591104  0.18619953 -0.7340957
  -0.44540516  2.3457508   1.116541    0.70429796 -0.16959752 -0.12802203
  -0.22198182 -0.05951607  0.8092567  -0.3692949  -0.26222777 -0.53052086
  -0.41277817 -0.8660634  -0.38478926  1.3364133   0.3841323   1.539827
  -0.547463    0.39724907  0.23269682  1.1749382  -0.30087364 -0.3965825
  -0.20450185  1.3544964   0.272816   -0.412125  ]]