[[ 7.57584810e-01  7.26979494e-01  6.34015501e-01 -1.19647972e-01
  -6.22578621e-01 -8.76447439e-01 -8.19234788e-01 -4.36095148e-01
   1.12124868e-02 -3.13837081e-01 -4.49233443e-01 -9.83241856e-01
   6.24882519e-01 -2.57335782e-01 -4.70073819e-01  8.27837110e-01
  -4.94314283e-01  3.23308051e-01 -3.00129086e-01  8.12549174e-01
   2.48772573e+00 -4.93994027e-01 -7.67368317e-01 -6.44861400e-01
   1.84246287e-01 -5.86351931e-01 -4.73280787e-01  8.82780701e-02
  -3.08770716e-01 -6.98090017e-01 -3.84714484e-01 -2.88109958e-01
   1.24543615e-01 -1.30306885e-01 -3.43939334e-01 -4.55837250e-01
  -1.76058477e-03  4.56759751e-01 -9.31915939e-01 -6.46739662e-01
  -5.51569104e-01  2.95943081e-01 -3.94384861e-01  1.04699218e+00
   2.22467756e+00  2.99456805e-01 -1.93954811e-01 -2.98312604e-01
   7.64836185e-03 -6.48717806e-02  1.10597432e+00  1.95651126e+00
   2.25551099e-01  2.64362067e-01  3.58119220e-01 -2.74690151e-01
  -8.52766693e-01  3.30304712e-01 -1.98429208e-02  5.12172639e-01
  -2.08382919e-01 -2.59937137e-01  5.32507338e-02 -1.63669541e-01
  -4.83932048e-01 -5.94410002e-01 -8.81445527e-01 -3.65971893e-01
  -3.33073854e-01 -5.92508018e-01  6.11562490e-01 -6.29245043e-01
  -4.27774668e-01  1.49573100e+00  1.18705750e+00 -4.45983618e-01
  -4.87245470e-01 -5.18272102e-01 -1.27600446e-01 -1.45469382e-01
   3.43540817e-01 -2.72489905e-01 -5.11087060e-01 -6.54376268e-01
  -5.76175809e-01 -7.77148843e-01 -4.47741389e-01  8.27588618e-01
   1.07545368e-02  3.81158799e-01 -5.71261048e-01  3.52034777e-01
  -3.58488083e-01  8.65414679e-01  5.36925018e-01 -3.86817992e-01
   1.33310616e-01  9.89588022e-01 -2.85007477e-01 -4.05737609e-01]]