[[ 0.8492969   1.7836894   0.03465508  0.06967978 -0.6324776  -0.92479146
  -1.1151034  -0.5939675  -0.08164001 -0.15660973 -0.6020992  -0.9176546
  -0.01239857 -0.22337714 -0.6978893  -0.22998327 -0.6013292   0.21611428
  -0.40757656  1.3268721   2.0302556  -0.55430514 -0.7225458  -0.68751895
  -0.0298875  -0.51897    -0.37179545 -0.05198953 -0.5089798  -0.79080933
  -0.3761272  -0.5729582   0.06236363 -0.41305986  0.07485762 -0.43252698
   0.16977291  0.48251045 -0.7707259  -0.57362735 -0.5313887  -0.35979992
  -0.43946946  0.15214087  2.0547104   0.2971451  -0.22217551 -0.11534803
   0.20400211 -0.10823411  1.2339413   2.6666567   0.05349593 -0.290219
  -0.71021724 -0.7637099  -0.7685204   0.14426395 -0.33668736  0.2007702
  -0.28156614 -0.2617076   0.0848515  -0.32552823 -0.45124418 -0.82839197
  -0.9522323  -0.4150356  -0.35123    -0.7614674   0.06326722 -0.49000022
  -0.4148695   2.0069566   1.0946307  -0.14307536 -0.28053862 -0.40672415
   0.53005666 -0.03713299  0.41712588 -0.37244987 -0.38103065 -0.58862334
   0.01403361 -0.8192116  -0.4008998   1.0229832   0.9146431   0.7788662
  -0.5333341   0.36160174  0.01111492  0.48826674  0.07377177 -0.35989487
   0.18636148  0.9148359   0.15293574 -0.32173306]]