[[ 0.8053636   0.9344777   0.29128596 -0.08925502 -0.6263136  -0.82004595
  -0.84985113 -0.37449357 -0.05713833 -0.24332592 -0.5213711  -0.92056686
   0.15114506 -0.2425794  -0.5246942   0.37332615 -0.56795084  0.5282998
  -0.261304    1.2099268   1.5249431  -0.51778483 -0.5000159  -0.5874499
   0.03721694 -0.24805066 -0.33685493 -0.2448148  -0.3478466  -0.73027265
  -0.31679565 -0.64771295  0.11538148 -0.20327573 -0.3611379  -0.29073057
   0.30981106  0.43287447 -0.80034304 -0.57358885 -0.50939023 -0.31948504
  -0.49012664  0.8244499   1.7823645   0.2985772  -0.22342037 -0.2878622
   0.18803112  0.23705868  0.84194916  2.3640177   0.18405414 -0.3530535
  -0.65533715 -0.71411103 -0.70017564  0.0047763  -0.38048068  0.20097482
  -0.22494508 -0.26754388  0.10001819 -0.3926713  -0.4455688  -0.6156409
  -0.83518994 -0.45571324 -0.40161276 -0.7141201   0.06053495 -0.5336799
  -0.3995569   1.5708445   0.8264751  -0.32178146 -0.14108066 -0.48645756
  -0.00474107 -0.06774002  0.70912987 -0.23935539 -0.4154958  -0.57195365
  -0.1915196  -0.79924875 -0.40012982  0.93336034  0.75311977  1.0063583
  -0.42952493  0.3464723   0.00577493  0.41761515 -0.13163711 -0.37173086
  -0.09496911  0.9322257  -0.01554287 -0.26711   ]]