[[ 1.0049123   1.217559    0.44754273 -0.00981571 -0.6287351  -0.7888168
  -0.8981248  -0.33957875 -0.04285463 -0.2433207  -0.5461252  -0.89806986
   0.11942841 -0.21257052 -0.5756347   0.4242681  -0.5172402   0.28379634
  -0.24465492  1.3617179   1.4147987  -0.47612545 -0.50052613 -0.5724914
   0.04130738 -0.39566278 -0.36587307 -0.41098177 -0.35979247 -0.7051583
  -0.32958546 -0.62508     0.23216127 -0.10804314 -0.24078271 -0.35026535
   0.11759762  0.21472603 -0.83801746 -0.5159507  -0.48016348 -0.30305186
  -0.45226267  0.9782148   2.2349184   0.32700062 -0.2550235  -0.3816857
  -0.04491453  0.05281024  0.6508518   2.8751123   0.2401362  -0.23772494
  -0.6438759  -0.68362635 -0.7663425   0.09645742 -0.34667593  0.35956168
  -0.21441412 -0.2621106   0.23935612 -0.22587068 -0.44303754 -0.61948633
  -0.83343595 -0.36165553 -0.39165142 -0.70107013 -0.07499362 -0.4981299
  -0.3640272   2.099356    1.1222984  -0.5223255  -0.03413621 -0.48830172
   0.09851012 -0.11627735  0.7099397  -0.3195361  -0.42847914 -0.5845739
  -0.30176705 -0.76305515 -0.40632367  1.2755234   0.3963555   1.055052
  -0.42621002  0.54012024 -0.187487    0.23941395  0.1013069  -0.38498428
   0.06464977  1.2693354  -0.1757486  -0.29350632]]