[[ 6.99094415e-01  3.26881886e-01  1.41091180e+00 -7.64026195e-02
  -7.91345298e-01 -9.13499832e-01 -5.99152327e-01 -2.63053954e-01
  -4.70993780e-02 -4.34743643e-01 -5.46528220e-01 -9.81525660e-01
   1.98467463e-01 -2.50384212e-01 -5.67580342e-01  1.91819763e+00
  -6.32509410e-01  1.23704784e-04 -4.40752685e-01  8.77220869e-01
   2.69907260e+00 -3.91859323e-01 -7.99843192e-01 -4.99458343e-01
  -1.30999357e-01 -5.33179641e-01 -3.69357705e-01  2.36516520e-01
  -4.33541447e-01 -5.84945023e-01 -5.44142127e-01 -7.55410373e-01
   1.55590937e-01  6.43720865e-01 -5.43463051e-01 -3.66677523e-01
  -7.79939592e-02 -1.10390477e-01 -8.30112457e-01 -4.88401562e-01
  -5.34964025e-01 -2.57738382e-01 -3.90680820e-01  2.72021604e+00
   1.55230296e+00  2.75439262e-01 -4.37871933e-01 -4.17339355e-01
  -2.09910512e-01 -1.51774436e-01  2.85802990e-01  1.90794945e+00
   2.64661610e-01 -1.48833156e-01 -6.72835052e-01 -8.58380914e-01
  -1.12261689e+00  7.70898163e-03 -3.16608548e-01  5.31176567e-01
  -2.25971371e-01 -3.28394175e-01  1.07651085e-01 -3.13612252e-01
  -5.02491117e-01 -5.99802554e-01 -8.40346217e-01 -3.48554373e-01
  -4.35438663e-01 -5.45227289e-01  1.09309387e+00 -5.86463809e-01
  -4.39809710e-01  1.25695181e+00  1.48227501e+00 -9.59009081e-02
  -4.26167071e-01 -5.82467437e-01 -2.74059743e-01  1.36618137e-01
   3.63616288e-01 -3.77646625e-01 -6.02478087e-01 -6.91977501e-01
  -7.18016088e-01 -7.55028486e-01 -4.30137336e-01  7.86505878e-01
  -2.92536765e-01  6.18896127e-01 -6.29300058e-01  7.55733490e-01
  -3.01607884e-04  8.52736354e-01  4.07632202e-01 -4.62110221e-01
  -1.70707017e-01  1.14806950e+00 -3.53897326e-02 -5.02318561e-01]]