[[ 9.28598762e-01  8.12504411e-01  4.40142527e-02 -3.32512893e-02
  -5.68992496e-01 -8.59523594e-01 -9.08854067e-01 -5.82266092e-01
  -7.66336620e-02 -1.89173862e-01 -4.25797850e-01 -8.32014978e-01
   1.16187863e-01 -2.75885731e-01 -4.94007707e-01  3.48250926e-01
  -2.61468440e-01  7.67712951e-01 -3.75348479e-01  7.59545922e-01
   1.58164358e+00 -6.47085130e-01 -6.35213733e-01 -6.16073430e-01
   4.51732576e-01 -6.15080476e-01 -4.80235517e-01  9.00846422e-02
  -4.10212010e-01 -7.30277836e-01 -1.58926323e-01  2.18186490e-02
   1.07583739e-02 -4.80351210e-01 -2.22860381e-01 -5.03337681e-01
  -9.27913934e-04  2.91001737e-01 -7.70273149e-01 -5.43481767e-01
  -5.66174984e-01 -1.68159574e-01 -4.42595482e-01  1.01498097e-01
   1.69632292e+00  4.74219501e-01  2.36400254e-02 -3.92585039e-01
  -3.66410315e-01 -1.03512131e-01  1.14117134e+00  1.81668377e+00
  -2.00917527e-01 -2.74735838e-01  2.29922742e-01 -1.34604394e-01
  -7.39739776e-01  5.65840840e-01  1.39221326e-02 -5.47672920e-02
  -1.67810142e-01 -1.21593677e-01  4.77003604e-02 -2.42387280e-01
  -4.07201171e-01 -6.48913980e-01 -8.59630525e-01 -4.62374866e-01
  -3.17613006e-01 -6.00907564e-01 -3.27374935e-02 -5.97143352e-01
  -4.12671000e-01  1.60503292e+00  9.39783335e-01  2.54329383e-01
  -2.97081053e-01 -1.61234200e-01 -7.08753318e-02 -1.02446884e-01
   4.23370481e-01 -3.09434772e-01 -2.51604706e-01 -4.32853281e-01
  -4.59397435e-01 -8.01675975e-01 -4.62210745e-01  7.92194784e-01
  -1.63833514e-01  6.43659770e-01 -4.98218596e-01  1.49952322e-01
  -2.59420633e-01  9.51950610e-01  1.92260295e-01 -3.43274266e-01
   1.89532079e-02  8.40609133e-01 -5.33732921e-02 -5.23681521e-01]]