[[ 0.79365337  0.76243484  0.8241317  -0.25419575 -0.707467   -0.86575156
  -0.7907778  -0.41527352 -0.16254197 -0.31998748 -0.47887057 -1.0930792
   0.2895618  -0.28824624 -0.7211563   1.1422851  -0.18083312  0.6540625
  -0.42846817  0.45508856  2.8982627  -0.48043165 -0.92949367 -0.5232824
   0.31442612 -0.7319773  -0.24141029  0.11990656 -0.3965934  -0.6115056
   0.05739623 -0.13716002 -0.04566696  0.19424546 -0.31024548 -0.44937196
  -0.14513932  0.492904   -0.8689026  -0.67525446 -0.49752507 -0.20109643
  -0.38978016  2.1218336   1.032034    0.9548291  -0.4864513  -0.0959432
  -0.12229415 -0.18966687  1.7437017   1.3474702  -0.1436785  -0.13043448
  -0.5322279  -0.7326508  -0.9746388   0.10642676 -0.36229318  0.2021636
  -0.11487857 -0.4406656   0.00586666 -0.5341152  -0.49396777 -0.59631175
  -0.8453696  -0.50889015 -0.45210284 -0.56595224  0.63910097 -0.69288254
  -0.48800576  1.0390456   0.9195805  -0.39580667 -0.56351626 -0.4261695
  -0.25197563  0.01106283 -0.03443344 -0.41438895 -0.53066254 -0.77013224
  -0.71853626 -0.8262164  -0.49913418  0.46623927 -0.17786676  0.18650502
  -0.6660984   0.44880897 -0.2933461   1.40097     0.43592355 -0.40275493
  -0.08367129  0.6273351   0.13511254 -0.53817976]]