[[ 1.06853223e+00  7.65918195e-01  1.81105882e-01 -1.49854392e-01
  -4.90454376e-01 -6.94944203e-01 -7.04895616e-01 -4.10940945e-01
  -2.00707123e-01 -2.35526890e-01 -2.14421257e-01 -8.82651091e-01
   6.35325491e-01 -2.79879749e-01 -5.55018187e-01 -1.31344557e-01
  -1.23020664e-01  4.46951538e-01 -5.62239066e-02  1.07542908e+00
   9.77646410e-01 -5.08400857e-01 -5.26342988e-01 -5.89612842e-01
   1.78430974e-01 -4.19634521e-01 -3.19051385e-01 -1.62372574e-01
  -1.53834939e-01 -5.95148981e-01 -7.60252476e-02 -1.49666175e-01
   2.01664761e-01 -3.66178125e-01 -4.19120848e-01 -3.71482223e-01
  -7.94405788e-02  5.31308591e-01 -7.18362570e-01 -5.31781971e-01
  -4.39314544e-01 -3.06109667e-01 -3.93450141e-01  3.83867323e-01
   2.14393282e+00  6.69707954e-01 -4.74327743e-01 -2.20353916e-01
   3.81171554e-02 -5.15189804e-02  1.43789840e+00  2.52611566e+00
   1.99224904e-01  1.15564177e-02 -5.78010440e-01 -5.88124514e-01
  -6.99505270e-01  4.04149443e-01 -3.61841053e-01  3.65336657e-01
  -1.71484843e-01 -3.45949143e-01  1.63638741e-01 -2.32062683e-01
  -3.63051176e-01 -5.05065262e-01 -7.80414939e-01 -3.42289388e-01
  -4.00076598e-01 -6.02412403e-01 -2.20272169e-01 -5.39781928e-01
  -3.71773690e-01  2.05530286e+00  7.67495215e-01 -1.88883960e-01
  -8.33772123e-02 -3.58074129e-01 -2.36214161e-01 -2.86455750e-01
   5.78596234e-01 -3.84742290e-01 -3.95631075e-01 -5.77381611e-01
  -2.96638280e-01 -6.47041559e-01 -4.15384680e-01  1.14224386e+00
  -3.87243927e-06  6.01682305e-01 -3.60760957e-01  2.50764698e-01
  -1.75187290e-01  7.37620652e-01 -2.10324392e-01 -3.24768126e-01
  -1.64316863e-01  1.11129677e+00  1.28163949e-01 -3.46520483e-01]]