[[ 0.8922278   1.0358946   0.07708117 -0.23760192 -0.5380678  -0.8049495
  -0.8367727  -0.4621585  -0.14260966 -0.12557133 -0.4641187  -0.9181801
   0.5479359  -0.23847686 -0.4961642   0.20166668 -0.20000969  0.6677448
  -0.24533002  0.9994777   1.1142579  -0.5454274  -0.53851205 -0.5949695
   0.26309893 -0.27189115 -0.32954746 -0.32746592 -0.3490449  -0.69146484
  -0.12187073 -0.45221967  0.02747822 -0.46384218 -0.39011717 -0.314629
   0.18090993  0.62407655 -0.79406905 -0.6349315  -0.4696505  -0.24771394
  -0.4197181   0.06425628  1.762163    0.54990727 -0.18566108 -0.29121494
   0.1442552   0.33690208  1.1794386   2.1613066   0.13419785 -0.27294624
  -0.47345224 -0.5948671  -0.6792165   0.11022917 -0.37265468  0.12316447
  -0.21149506 -0.31658563  0.10728723 -0.27074194 -0.3935826  -0.5510211
  -0.7170196  -0.3987734  -0.35560274 -0.6977952  -0.13018243 -0.58351177
  -0.36890256  1.6562804   0.6221146  -0.49212462 -0.13733315 -0.4748939
  -0.2232679  -0.2645997   0.5370773  -0.08683881 -0.41621664 -0.5790862
  -0.27751243 -0.7422495  -0.36879984  0.9196199   0.79297566  0.52855605
  -0.42148253  0.16386236 -0.24049644  0.6885699  -0.19607778 -0.31403178
   0.01135629  0.84986603 -0.03880556 -0.27474922]]