[[ 1.0514679   1.0724136   0.06094332 -0.28925583 -0.56809443 -0.81244147
  -0.90174675 -0.41564527 -0.1100438  -0.14932844 -0.46627674 -0.9698108
   0.41096365 -0.23592047 -0.5282031   0.3732708  -0.24743037  0.6550041
  -0.1989008   1.0730423   1.1329128  -0.54216754 -0.51694477 -0.5799694
   0.32253894 -0.2829085  -0.33414766 -0.38689992 -0.302492   -0.7267131
  -0.11790366 -0.4768683   0.06981131 -0.45068395 -0.39435205 -0.32647717
   0.13718846  0.7101226  -0.8168869  -0.6561657  -0.49675483 -0.25923985
  -0.45493013  0.33378157  1.8472996   0.5406201  -0.12540838 -0.34071952
   0.13086942  0.3090221   1.1023293   2.3411877   0.04409455 -0.3711312
  -0.49454278 -0.62249535 -0.68394756  0.040437   -0.37212747  0.10652725
  -0.21617495 -0.30188248  0.18446657 -0.3461427  -0.4144591  -0.59240973
  -0.74162227 -0.4582663  -0.37196565 -0.74523413 -0.15988983 -0.6127886
  -0.34946728  1.742244    0.6365955  -0.50917345 -0.09797297 -0.4987116
  -0.20787494 -0.1879071   0.5695949  -0.09080847 -0.41950825 -0.599639
  -0.2658953  -0.8102008  -0.36396337  0.99708986  0.92654574  0.8007071
  -0.44088784  0.20377131 -0.28508162  0.67402214 -0.25940728 -0.31964803
  -0.02081983  0.9597951  -0.06775618 -0.20931846]]