[[ 5.17092884e-01  8.51783097e-01  8.39434564e-01 -1.25900358e-01
  -5.66818416e-01 -8.58123064e-01 -8.42605710e-01 -3.98553401e-01
  -1.82658464e-01 -1.79216176e-01 -5.49662173e-01 -9.45975304e-01
   3.87631863e-01 -2.26133898e-01 -6.32921219e-01  1.09938586e+00
  -3.83814007e-01  7.73718655e-01 -3.42437685e-01  9.05521989e-01
   2.45750213e+00 -4.44063097e-01 -6.66570723e-01 -5.41006148e-01
  -2.33491324e-03 -5.42984068e-01 -3.63105536e-01 -5.26587386e-03
  -3.84300798e-01 -5.68937898e-01 -3.38251710e-01 -5.07888973e-01
  -2.04020273e-02  3.13490868e-01 -2.53494263e-01 -3.16974491e-01
   4.07571673e-01 -4.30698134e-02 -8.37312400e-01 -5.46995282e-01
  -4.90557849e-01 -3.16809148e-01 -3.79913509e-01  1.96932840e+00
   1.19825590e+00  6.32407844e-01 -5.18823862e-01  8.67038313e-03
  -3.26804847e-01  1.19666293e-01  9.31436837e-01  2.10721064e+00
   1.09205812e-01 -1.26291931e-01 -7.06506848e-01 -7.82800019e-01
  -8.07180047e-01 -2.75668092e-02 -3.66725236e-01  2.11363196e-01
  -8.41283202e-02 -3.48584503e-01  2.93078180e-03 -3.52412611e-01
  -4.89911228e-01 -5.64056695e-01 -8.36527109e-01 -4.64525193e-01
  -4.55031872e-01 -6.30110383e-01  5.88659644e-01 -5.25697112e-01
  -4.52241033e-01  1.31893945e+00  1.25171125e+00 -4.79843557e-01
   5.78110479e-03 -5.05475283e-01 -1.74232852e-02 -4.82150726e-02
   4.51344013e-01 -4.20742363e-01 -5.06060064e-01 -6.42407477e-01
  -5.53090155e-01 -6.77294731e-01 -4.76025015e-01  8.66230011e-01
  -1.13197684e-01  3.29073727e-01 -5.37522078e-01  7.20799506e-01
  -9.57101658e-02  7.23890066e-01  5.15240192e-01 -4.25342411e-01
   1.93314075e-01  9.17335272e-01 -1.05618298e-01 -5.77705443e-01]]