[[ 1.2060175   0.8321637   0.1927179   0.12666918 -0.5331266  -0.7532659
  -0.81037366 -0.39956295 -0.09701537 -0.17444098 -0.50587386 -0.8193659
   0.3251051  -0.24279328 -0.49081466 -0.18185496 -0.4741781   0.35646513
  -0.17532061  1.5411894   0.70103633 -0.50853795 -0.34885466 -0.66324735
   0.0955582  -0.24499886 -0.4483887  -0.5604747  -0.3142047  -0.69564074
  -0.22204898 -0.6254659   0.29500875 -0.31519908 -0.5093201  -0.33080733
   0.27256396  0.25032195 -0.87567085 -0.52900994 -0.48673722 -0.3780024
  -0.45350683  0.07955927  2.7277625   0.64524776 -0.39433873 -0.46339604
   0.12202077  0.2721295   1.1513889   3.2005036   0.44582495 -0.16564061
  -0.5916449  -0.62184036 -0.7246639   0.20269631 -0.34427842  0.32636416
  -0.19859001 -0.24483316  0.3162107  -0.08312131 -0.4131948  -0.51438236
  -0.8378264  -0.3424343  -0.39384368 -0.72977805 -0.39905304 -0.575308
  -0.37382984  2.4396102   0.8958042  -0.56856096  0.15791374 -0.40140766
  -0.19962215 -0.28865236  1.1801653  -0.26454738 -0.375003   -0.5009708
  -0.19709237 -0.72291076 -0.43660212  1.5565972   0.36066714  1.1257558
  -0.29105338  0.38089964 -0.09881248  0.35812953 -0.16890809 -0.37252456
  -0.07286913  1.280814   -0.02776378 -0.375709  ]]