[[ 1.0259233   1.3115627   0.5375594   0.01123266 -0.67763615 -0.8523901
  -0.96198744 -0.41482013 -0.12155822 -0.25370955 -0.5823864  -0.96531105
   0.16165364 -0.222134   -0.6072091   0.6319673  -0.5696709   0.21428017
  -0.2709453   1.3424116   1.8737484  -0.46347815 -0.54537505 -0.60807455
   0.03997946 -0.46621642 -0.41526392 -0.42719576 -0.3672991  -0.731153
  -0.3574697  -0.6421204   0.20335966 -0.01981323 -0.16115347 -0.33853552
   0.09351769  0.18005008 -0.88933563 -0.5506606  -0.5361318  -0.37588498
  -0.45397767  1.3072705   2.1635687   0.37336653 -0.36622232 -0.47190714
  -0.06194645  0.04100943  0.79081553  2.8638477   0.26528478 -0.27074197
  -0.6581759  -0.76639974 -0.9370693   0.07809184 -0.3564844   0.37027264
  -0.2683479  -0.26521468  0.2530644  -0.2590342  -0.49324444 -0.65005404
  -0.8631358  -0.38898066 -0.39467382 -0.7494893   0.05300262 -0.552841
  -0.3710718   2.0189695   1.2255205  -0.5264644  -0.0816861  -0.5231138
   0.19141982 -0.04615334  0.69457227 -0.32027683 -0.45876652 -0.605407
  -0.30081487 -0.81440866 -0.42444935  1.2280645   0.3822948   1.0496666
  -0.46693164  0.5756187  -0.20600885  0.3139759   0.19292767 -0.40359157
   0.14979997  1.252077   -0.1884509  -0.40404144]]