[[ 1.1901351   1.0713263   0.03762101 -0.21593736 -0.5524151  -0.76213676
  -0.8082124  -0.3164962  -0.0249126  -0.20056123 -0.4632051  -0.89018846
   0.0306559  -0.2382434  -0.5157999   0.02020437 -0.24017459  0.46650678
  -0.19412157  1.2854476   0.9092182  -0.5263751  -0.5165483  -0.5594587
   0.27049828 -0.24034333 -0.34090933 -0.20591643 -0.33418733 -0.71057004
  -0.12543854 -0.5501692   0.2526149  -0.38118452 -0.41324177 -0.32724372
   0.12548885  0.7020766  -0.73827773 -0.54790175 -0.4400685  -0.2608065
  -0.44052005  0.24782574  2.0995216   0.6277317  -0.22677448 -0.26008534
   0.3176028   0.08732177  1.0843719   2.6471725   0.0163243  -0.3418007
  -0.6234939  -0.63811624 -0.61959434  0.02191664 -0.37394512  0.12737732
  -0.1687711  -0.2767889   0.21490377 -0.36196312 -0.38168147 -0.6086245
  -0.81129795 -0.4202025  -0.38323683 -0.64877987 -0.21139438 -0.54897094
  -0.35597718  2.0648434   0.73451096 -0.24988863 -0.04859295 -0.40563706
  -0.16925938 -0.17017578  0.6773011  -0.2464303  -0.38981834 -0.58091986
  -0.22001675 -0.75213313 -0.37322912  1.1643624   0.74941075  0.95561004
  -0.38826716  0.30446383 -0.07423201  0.6224807  -0.27362645 -0.31486395
  -0.15503973  1.1087562   0.12321427 -0.14836755]]