[[ 0.641915    0.63416505  0.43540534 -0.2942662  -0.6255831  -0.8996431
  -0.82119405 -0.47820872 -0.13475546 -0.28058806 -0.43326715 -1.0544832
   0.5674265  -0.254016   -0.5828522   0.76668817 -0.3853021   0.68808025
  -0.3085473   0.57470036  2.4352527  -0.50491756 -0.7523178  -0.6222847
   0.12341301 -0.5032814  -0.3437766  -0.01832835 -0.34785306 -0.6910506
  -0.3001705  -0.36173078 -0.00971411 -0.20645656 -0.3625743  -0.4185691
   0.17154141  0.5662586  -0.8737943  -0.7049704  -0.56537676  0.13008836
  -0.4094588   0.9924211   1.5380578   0.54939103 -0.19649895 -0.13984872
   0.16070607  0.08929446  1.5251889   1.5495521   0.00961995  0.11088835
  -0.12979665 -0.5352565  -0.76492935  0.1388829  -0.2343491   0.27274573
  -0.14781836 -0.34074447 -0.01029333 -0.3938087  -0.4896003  -0.57622665
  -0.8406412  -0.5646207  -0.3849627  -0.64562094  0.6168765  -0.668262
  -0.46599475  1.1543299   0.6860797  -0.41320923 -0.30336556 -0.5141507
  -0.22481877 -0.1040399   0.28346503 -0.25955927 -0.47972268 -0.65147424
  -0.55948186 -0.79459727 -0.44624498  0.50684214  0.37258062  0.17008352
  -0.59640944  0.22410902 -0.332695    0.9785826   0.24892652 -0.37317663
   0.10256934  0.55666274 -0.13129003 -0.38072455]]