[[ 1.2196431   0.8808864   0.21359955 -0.14705688 -0.6066092  -0.7647826
  -0.8365602  -0.39787912 -0.12699126 -0.20170143 -0.50709057 -0.8861192
   0.34874058 -0.22743733 -0.45444822  0.27359474 -0.096843    0.87011254
  -0.1980204   1.2023022   1.0126785  -0.52131295 -0.42508924 -0.57076097
   0.40945035 -0.19353038 -0.3232855  -0.3277442  -0.31018764 -0.66475147
  -0.02144286 -0.5687545   0.12935327 -0.24391967 -0.31615394 -0.19470507
   0.35436103  0.46224865 -0.80206305 -0.58501905 -0.44935784 -0.3281747
  -0.44347516  0.61092037  1.8221008   0.91281134 -0.28357258 -0.4348085
  -0.03262028  0.38229123  1.2631907   2.428617    0.23416077 -0.31912494
  -0.6057541  -0.65925336 -0.70351565  0.00573104 -0.38533118  0.12007934
  -0.2380104  -0.29886734  0.21329343 -0.3587295  -0.39867127 -0.50701565
  -0.7634882  -0.42101797 -0.39115024 -0.71159595 -0.19149859 -0.5216217
  -0.36448205  1.931421    0.7761207  -0.5584825  -0.01209612 -0.45731738
  -0.07842135 -0.17900284  0.84638715 -0.15766244 -0.38756198 -0.58486664
  -0.22790587 -0.73211545 -0.41276354  1.1096885   0.5027856   0.9316006
  -0.33099195  0.34035695 -0.07837909  0.7379376  -0.20854789 -0.31882846
  -0.06975615  1.0756123   0.11725433 -0.33422223]]