[[ 1.07581     1.1584715  -0.05050375 -0.1540622  -0.67961067 -1.0233686
  -1.0084217  -0.6198056  -0.09820159 -0.16489963 -0.5331323  -0.9083113
  -0.02342576 -0.23995623 -0.58970094  0.17309645 -0.5450529   0.5310367
  -0.41431066  1.2702565   1.94032    -0.63095105 -0.7173226  -0.70311445
   0.12542975 -0.66184896 -0.2605719   0.31862247 -0.47809267 -0.8108458
  -0.31913483 -0.24416612  0.13618809 -0.4292875  -0.26825428 -0.50620985
   0.14685692  0.37025467 -0.80563873 -0.5565256  -0.57757413 -0.21241921
  -0.42275873  0.49643436  2.2645404   0.42257452 -0.12897809 -0.18781021
  -0.26737982 -0.06850515  1.3456432   2.6285703  -0.20926799 -0.27674913
  -0.08877704 -0.43590498 -0.8160649   0.6403939  -0.15931828  0.12673129
  -0.17507812 -0.19326818  0.18029408 -0.3779491  -0.4401546  -0.75551945
  -0.9562384  -0.56028575 -0.33533573 -0.66310614  0.29546112 -0.67364204
  -0.42915356  2.132996    1.3107696   0.47996318 -0.2880188  -0.22718424
   0.0301479  -0.00619294  0.57614416 -0.3292882  -0.28441486 -0.5619499
  -0.44347748 -0.85111094 -0.43648642  1.1126148   0.1536169   1.1363382
  -0.5693226   0.3480875   0.01929286  1.2235255   0.11110359 -0.39595735
   0.0317756   1.1451894   0.14188737 -0.45113626]]