[[ 0.5003906   0.5466305  -0.06230458 -0.10515155 -0.42337126 -0.5341585
  -0.71654516 -0.37864295 -0.19554342 -0.31176388 -0.19423112 -0.7666147
   0.71439624 -0.2852089  -0.48298642 -0.17684029 -0.3013034   0.44232422
   0.13359852  0.7425867   0.81061316 -0.47469556 -0.33353394 -0.47702053
  -0.04177608 -0.37738302 -0.4420588  -0.5008877   0.11625183 -0.49497443
  -0.17626229  0.01972957  0.0698069  -0.40471858 -0.17508623 -0.32338983
  -0.13054879  0.29598212 -0.62317735 -0.5151819  -0.46900684 -0.3148503
  -0.45298362  0.3422198   1.5903866  -0.02243764 -0.43061677 -0.35021973
  -0.260686    0.03199344  0.77398694  1.8996416   0.04735078  0.06042982
  -0.5187135  -0.46658257 -0.54632556  0.24677952 -0.3047065   0.1870521
  -0.19230974 -0.2988971   0.05000123 -0.278407   -0.33583894 -0.41252294
  -0.6405085  -0.35439968 -0.40016782 -0.61229014 -0.44580334 -0.34886563
  -0.36389992  1.4316759   0.5506153  -0.41756734 -0.0190293  -0.39541814
   0.1138137  -0.32199448  0.516238   -0.34509143 -0.30235013 -0.4682782
  -0.04985172 -0.56051254 -0.42396665  0.9499963  -0.30265844  0.5495635
  -0.25069144  0.14216897 -0.3037162   0.08501253 -0.3159196  -0.31501657
  -0.11809742  0.8050221  -0.20159553 -0.24713624]]