[[ 0.56055456  1.1616426  -0.2259508  -0.22593299 -0.63141114 -0.96632445
  -0.9108009  -0.63583386  0.01930822 -0.17798479 -0.47507083 -0.83137786
  -0.10895841 -0.23789746 -0.48447818  0.36525393 -0.54981667  0.25885457
  -0.4092087   1.2998095   2.0103374  -0.624012   -0.7420485  -0.69442564
   0.03657237 -0.44307402 -0.48713118  0.66607106 -0.47026965 -0.65987784
  -0.39524132 -0.58863086  0.18025051 -0.48309693 -0.09400034 -0.4868429
   0.29067856  0.31155828 -0.5842466  -0.6296596  -0.58401024 -0.164702
  -0.37539813 -0.1508811   2.062939    0.31445032 -0.21962093 -0.09139628
   0.00979374 -0.03251394  0.556947    2.4684646  -0.40916437 -0.57200104
   0.3029995  -0.14705703 -0.8275906  -0.25825247 -0.17360632 -0.2965874
  -0.12341376 -0.1202544   0.18987219 -0.5568947  -0.49596667 -0.8299114
  -0.9002819  -0.56741136 -0.33845803 -0.6917554   0.6545347  -0.40467146
  -0.37264034  1.893098    1.4855303   0.39545155 -0.28108063 -0.36811158
   0.41053742  0.11658925  0.48522988 -0.20310262 -0.33798087 -0.60180086
  -0.09450263 -0.74312854 -0.41491514  1.0058206   0.3366284   0.6545259
  -0.50833094  0.3236555   0.21674931  1.275373    0.03356063 -0.34269112
  -0.02715708  0.8770594   0.49556556 -0.30441153]]