[[ 0.53874964  0.7905708  -0.03026449 -0.34387425 -0.3205136  -0.8782839
  -0.78935146 -0.6733847  -0.3978255   0.02776092 -0.46155006 -0.74446076
   0.8535455  -0.21065441 -0.3449173   0.5498626  -0.36869064  0.6569377
  -0.14365774  1.2840414   0.95118636 -0.54154295 -0.2424461  -0.71542704
   0.04921406 -0.28508347 -0.4566604   0.00375151 -0.32780388 -0.54927176
  -0.24654059 -0.5112751   0.04772744 -0.45799333 -0.47293198 -0.32921252
   0.40687853 -0.3305359  -0.6548488  -0.60508776 -0.55876833 -0.41891992
  -0.32022178 -0.07851645  2.2104573   0.32466564 -0.42656794  0.21923903
  -0.45254478  0.66807324  0.40305355  2.7246094   0.13754101 -0.42692
  -0.28996804 -0.50683457 -0.6250994  -0.1194058  -0.31858748 -0.1277601
  -0.0559446  -0.25830334  0.3032229  -0.13431296 -0.48007074 -0.4608735
  -0.59242    -0.43008608 -0.35101137 -0.74565184  0.41966793 -0.55213654
  -0.33807597  1.9907485   1.1655482  -0.17568691  0.5368638  -0.42979512
  -0.2686435  -0.14367615  1.1336594   0.06120693 -0.33405238 -0.47734898
  -0.40799725 -0.6039113  -0.36496794  1.4396057  -0.19552583  0.51834875
  -0.3344708   0.31356305  0.06823016  0.91702753  0.02812502 -0.33635435
   0.3155974   0.9517166   0.09873421 -0.5775552 ]]