[[ 1.8085783   0.8179208   0.20719808 -0.26156583 -0.68768406 -0.9531658
  -0.87532765 -0.60498244 -0.31794032 -0.11058042 -0.5087672  -0.9543137
   0.45720878 -0.24216166 -0.59377575  0.6386529   0.2574218   0.88901573
  -0.32911897  1.2333486   1.3712411  -0.5633818  -0.6486083  -0.70522475
   0.5824813  -0.4667955  -0.39049911  0.19608451 -0.44220212 -0.578629
   0.11253841 -0.5496039   0.27751267 -0.23545471 -0.2549987  -0.34780675
   0.22675388  0.3500917  -0.7405251  -0.67330974 -0.49920985 -0.43212876
  -0.34035724  0.6379422   2.0978396   1.8343482  -0.4714857  -0.47609508
  -0.3708712   0.14784752  1.978311    2.8649838   0.01105826 -0.36310872
  -0.5639517  -0.696285   -1.0083749  -0.04770462 -0.41516525  0.01819606
  -0.25002277 -0.39107737  0.4915379  -0.39285126 -0.48136413 -0.59179926
  -0.81417185 -0.47388214 -0.40124342 -0.7506087   0.33311427 -0.5927232
  -0.35828373  2.601572    1.2915113  -0.17038888 -0.15946478 -0.38145015
  -0.08778866 -0.09047078  0.6277023  -0.17659946 -0.40526766 -0.7162653
  -0.36869204 -0.71905637 -0.44692367  1.2402611  -0.11234467  0.78130656
  -0.4397828   0.402622   -0.04815536  1.9835002  -0.24066544 -0.30217296
  -0.037183    1.326784    0.8498695  -0.5324652 ]]