[[ 0.9524134   1.0610266   0.48632148 -0.0597023  -0.566434   -0.96159244
  -0.8886653  -0.5798433  -0.04412328 -0.0386274  -0.47740006 -0.92058456
   0.7567575  -0.24522068 -0.5237944   0.94647557 -0.576788    0.27384216
  -0.34258637  1.3278282   1.7047065  -0.5813584  -0.63912773 -0.76456225
   0.12315989 -0.5255244  -0.52718484 -0.16786358 -0.3736501  -0.70752597
  -0.3603674  -0.5095614   0.15413073 -0.44327056 -0.47250116 -0.4941619
   0.0594345   0.29708797 -0.9272805  -0.68898886 -0.56652355 -0.05371171
  -0.41445264  0.49054205  2.7686453   0.32848516 -0.25491872 -0.36797178
  -0.07521989  0.2132737   0.78672737  2.9185746   0.4482756  -0.16699786
   0.40179187 -0.10708417 -0.95937204  0.41402873 -0.20569442  0.6415211
  -0.24944353 -0.16574317  0.2460068  -0.02616888 -0.49780753 -0.6679063
  -0.8625011  -0.2968881  -0.32133096 -0.7205909   0.21982378 -0.65098536
  -0.32754135  1.8182737   1.2026007  -0.47960335 -0.33310446 -0.53214926
  -0.2193407  -0.08582809  0.45594126 -0.03193252 -0.4934614  -0.690026
  -0.38891333 -0.81146514 -0.3979984   1.2826383   0.23265694  0.9992978
  -0.5449689   0.19303429 -0.39460406  0.9572398   0.16397834 -0.36166272
   0.09792747  1.4133445  -0.14939447 -0.45565742]]