[[ 1.1058218   0.8353161   0.25632346 -0.17404826 -0.5475638  -0.7891823
  -0.77989256 -0.45453042 -0.14157337 -0.1640245  -0.4463152  -0.88290584
   0.56179565 -0.25119686 -0.52146804  0.45355272 -0.1661392   0.6208508
  -0.2493118   0.87492496  0.9911351  -0.5437645  -0.5340132  -0.5656427
   0.25485787 -0.31808034 -0.326547   -0.30796036 -0.34178016 -0.6423263
  -0.106113   -0.4799079   0.04342131 -0.44820923 -0.3765683  -0.35062292
   0.09158255  0.47966152 -0.7526898  -0.63361233 -0.46781498 -0.25901535
  -0.4386234   0.3410718   1.6857347   0.5737493  -0.17148593 -0.31050706
  -0.04269867  0.22456187  1.0546478   2.062183    0.22789183 -0.24066718
  -0.4469844  -0.56575906 -0.65474427  0.15223603 -0.35652727  0.2650915
  -0.21302918 -0.31676868  0.17930204 -0.2140328  -0.39675033 -0.52764386
  -0.66721404 -0.3540526  -0.3764681  -0.68610096 -0.12931302 -0.55326563
  -0.35919794  1.6078746   0.63408655 -0.4573056  -0.16751905 -0.4814382
  -0.21776791 -0.20205736  0.4499819  -0.0897321  -0.40656817 -0.60717404
  -0.2783322  -0.73855126 -0.38055342  0.8788066   0.46623868  0.75338125
  -0.428723    0.1577622  -0.31538346  0.78556895 -0.21204123 -0.318748
  -0.01723453  0.9672556   0.02662889 -0.29232246]]