[[ 1.4212685   0.39521214  0.78091836 -0.19755693 -0.7073461  -0.84398735
  -0.84071404 -0.42276877 -0.21829136 -0.22856127 -0.5305882  -0.9566127
   0.12263983 -0.24303235 -0.58454144  1.0712947  -0.22748724  0.6768413
  -0.35527167  1.0065535   2.1157598  -0.45108742 -0.665205   -0.5805471
   0.22778875 -0.51949996 -0.4227888   0.02326747 -0.38786358 -0.58190763
   0.07742558 -0.69467306  0.11323971  0.13398094 -0.40763658 -0.37674394
   0.01073952  0.09382375 -0.7798256  -0.60737777 -0.52480793 -0.37473994
  -0.39346582  1.6179397   1.7675537   1.1365157  -0.46574008 -0.5183934
  -0.39956924 -0.0358204   1.3152227   2.3248491   0.04089706 -0.27539983
  -0.63897216 -0.7801887  -0.99609655 -0.07477815 -0.3939423   0.23379284
  -0.23538315 -0.3542936   0.42691746 -0.42368743 -0.4741019  -0.5814634
  -0.8102356  -0.43382812 -0.44748765 -0.6726313   0.6341458  -0.58855116
  -0.35796154  1.7742167   1.1757197  -0.23804629 -0.25557443 -0.2664487
  -0.27184013 -0.03155536  0.57673556 -0.33923224 -0.49162564 -0.74594635
  -0.66042984 -0.79850256 -0.46450537  1.1764113  -0.27714783  1.1648828
  -0.5235086   0.53285086 -0.02906637  1.7364717  -0.05513238 -0.37622365
  -0.12985621  1.1767274   0.60935754 -0.5312179 ]]