[[ 7.21649468e-01  7.87733197e-01  8.05219054e-01 -5.32812290e-02
  -7.12347925e-01 -8.35970998e-01 -7.35937774e-01 -4.34738994e-01
  -1.92856401e-01 -3.82114977e-01 -5.03220677e-01 -9.79272783e-01
   6.16758108e-01 -2.65286446e-01 -6.39103889e-01  1.01852381e+00
  -1.30674586e-01  5.14798284e-01 -3.20324063e-01  4.73633915e-01
   2.62520814e+00 -4.53525990e-01 -7.69928157e-01 -5.12878418e-01
   1.00379206e-01 -5.76373339e-01 -3.60896617e-01 -2.83172783e-02
  -3.26067299e-01 -5.63631654e-01 -2.16796517e-01 -3.64178419e-01
  -5.55767603e-02  2.15769440e-01 -4.70941886e-04 -3.12876076e-01
   5.17141074e-04  3.03627849e-01 -8.14699590e-01 -6.04556084e-01
  -4.96243984e-01 -3.10076028e-01 -3.87660772e-01  1.76529431e+00
   9.95650172e-01  7.85554707e-01 -5.11088312e-01 -4.24008965e-01
  -2.37629205e-01 -6.99525028e-02  1.49960041e+00  1.36333036e+00
   1.43258721e-01 -1.88477095e-02 -6.51917100e-01 -7.82764912e-01
  -9.48457718e-01  8.65771249e-02 -3.72118056e-01  2.67940193e-01
  -2.39682734e-01 -4.19338524e-01 -4.63311486e-02 -3.90132636e-01
  -4.69450921e-01 -4.94638324e-01 -7.75067508e-01 -3.98963839e-01
  -4.22839075e-01 -6.09947920e-01  4.47187960e-01 -5.31072140e-01
  -4.66279566e-01  1.20003140e+00  1.08761573e+00 -4.60139066e-01
  -4.84852701e-01 -5.31907916e-01  2.11009100e-01 -8.23256373e-02
   2.06695437e-01 -3.77312601e-01 -4.72040594e-01 -6.57282233e-01
  -4.37845886e-01 -7.13521361e-01 -4.91026312e-01  5.13866067e-01
  -2.34173149e-01  1.40844032e-01 -5.27998745e-01  4.31219071e-01
  -2.68415034e-01  9.50804651e-01  3.86307389e-01 -3.85252833e-01
   1.53552145e-01  7.07424879e-01  3.35121229e-02 -5.39806545e-01]]