[[ 1.0668052   0.6750082   0.14712174 -0.05138121 -0.4858928  -0.66857576
  -0.7723955  -0.3705924  -0.13471165 -0.23086374 -0.31222436 -0.8655035
   0.5184442  -0.27605978 -0.5376498  -0.1843956  -0.14208876  0.8064965
  -0.08034685  0.8319273   0.86202455 -0.5381639  -0.47880143 -0.5363822
   0.27351734 -0.39393386 -0.33862665 -0.39029494 -0.14033297 -0.6603875
  -0.04891533  0.02511191  0.11160309 -0.43094146 -0.406341   -0.36697856
  -0.01725255  0.6438977  -0.7603     -0.51611894 -0.45835677 -0.24841104
  -0.46707323  0.30205527  1.830589    0.5103096  -0.12595837 -0.2820988
  -0.0405509   0.01291422  1.4141026   2.039106    0.17683488  0.06701888
  -0.6265887  -0.5984241  -0.53034055  0.57912475 -0.26777253  0.36613706
  -0.18834066 -0.3370009   0.03677043 -0.16973129 -0.33076814 -0.520915
  -0.7816283  -0.33442098 -0.3789113  -0.600759   -0.43753055 -0.5562725
  -0.41021883  1.7089412   0.47451237 -0.20846815 -0.15067545 -0.2928816
  -0.2871015  -0.35813448  0.45938247 -0.36583653 -0.35609928 -0.50723344
  -0.30839062 -0.71202254 -0.4188435   0.9336886   0.18980114  0.7185933
  -0.38230497  0.14530931 -0.29895592  0.50655913 -0.232173   -0.31982657
  -0.17083585  0.94271135 -0.07149241 -0.2743973 ]]