[[ 1.8337357   0.8401781   0.23604624 -0.17015639 -0.6819092  -0.89776546
  -0.87826174 -0.51465523 -0.2582411  -0.15354544 -0.5121768  -0.904491
   0.25458187 -0.22968999 -0.56364405  0.41677994  0.105359    0.75307775
  -0.28959808  1.4616847   1.1874864  -0.54316366 -0.54840696 -0.7005968
   0.5279792  -0.40510035 -0.3916361   0.13362539 -0.41707543 -0.6043244
   0.05124749 -0.61183727  0.4117658  -0.17288586 -0.28572068 -0.3133081
   0.25448722  0.27587357 -0.7511883  -0.59928817 -0.4759032  -0.44240478
  -0.36287004  0.68620956  2.4005697   1.6875693  -0.47788018 -0.49771643
  -0.30077368  0.10881937  1.7780915   3.1981473   0.10726606 -0.3360741
  -0.64527005 -0.7084377  -0.97197104 -0.01386242 -0.41105896  0.1081318
  -0.2529531  -0.35460505  0.53608066 -0.36207333 -0.4659276  -0.59844494
  -0.87150615 -0.44751343 -0.4085851  -0.73646635  0.19976676 -0.5545055
  -0.3431795   2.8654225   1.3675679  -0.16035661 -0.09587404 -0.36505443
  -0.05236391 -0.08685727  0.8056117  -0.26318604 -0.39546537 -0.67864925
  -0.32741928 -0.7070432  -0.44604158  1.4529698  -0.05460516  0.9950642
  -0.38388264  0.48880744  0.07677496  1.6529995  -0.2311146  -0.31463444
  -0.10801312  1.4819775   0.8356651  -0.4833097 ]]