[[ 1.5891944   1.0769844   0.0476162  -0.24285503 -0.5841161  -0.90070164
  -0.9998083  -0.4846486  -0.23722765 -0.06419135 -0.5439859  -1.0057771
   0.36178756 -0.2350426  -0.5837101   0.12662327 -0.18315974  0.8619299
  -0.2716991   1.320908    1.4072598  -0.50735825 -0.56502587 -0.74724805
   0.423665   -0.39171708 -0.3649446  -0.43488306 -0.3616954  -0.7590846
  -0.09531422 -0.48710442  0.3233742  -0.44098023 -0.42993197 -0.33244604
   0.33761957  0.5052584  -0.91700745 -0.6405212  -0.54258347  0.03924073
  -0.4068989   0.37208226  2.522738    1.1286771  -0.24437632 -0.13822447
   0.20531757  0.28692168  1.8156865   2.9104946   0.16451211  0.16149618
  -0.6179446  -0.7357895  -0.80860746  0.23537123 -0.3935973   0.4054006
  -0.25822437 -0.34960133  0.25914535 -0.29288837 -0.4535895  -0.6094167
  -0.9483561  -0.48133838 -0.37167203 -0.7106036   0.26944903 -0.6827185
  -0.39299667  2.2741127   0.80312955 -0.5558212  -0.12676604 -0.42394465
  -0.2905771  -0.27727222  0.6226777  -0.21752281 -0.4909606  -0.651157
  -0.38518742 -0.8130219  -0.3840493   1.3356736   0.65267533  0.9106857
  -0.47472927  0.29181704 -0.22850545  1.118257   -0.19771901 -0.30089468
   0.12111793  1.2669572   0.08969    -0.3756545 ]]