[[ 0.62954205  1.4200995   0.611203   -0.2341432  -0.7017569  -0.9339586
  -1.0896338  -0.4528057  -0.1808976  -0.25763288 -0.60851455 -1.2040596
   0.2937965  -0.2740069  -0.76920426  1.0013969  -0.43231753  0.949969
  -0.39485195  0.401485    3.1854799  -0.54547477 -0.95566285 -0.5849015
   0.7922364  -0.95141244 -0.05176885  0.1028247  -0.37160784 -0.8053669
   0.2328651   0.6437968  -0.03287051 -0.04764165 -0.32058692 -0.4819589
   0.01046795  0.43914306 -1.0419536  -0.7229651  -0.56044394  0.03514479
  -0.39613697  2.668376    1.2925477   0.5205102  -0.35490206  0.62002385
  -0.27065265 -0.14890628  1.5205501   1.420899   -0.21236755  0.06450544
  -0.24451119 -0.6021142  -0.9562377   0.35597873 -0.30019227  0.27639645
  -0.04336806 -0.38917312 -0.15685678 -0.48472685 -0.5410105  -0.7264542
  -0.93396103 -0.58942485 -0.43891808 -0.5924721   0.6815785  -0.81976956
  -0.55001503  1.0554181   1.0259721  -0.52079254 -0.57239807 -0.49238312
  -0.23917392  0.22830062 -0.08701421 -0.4253964  -0.5235235  -0.7810448
  -0.8282997  -0.9575916  -0.48535073  0.50051486 -0.10810381  0.10722847
  -0.7696104   0.5667566  -0.36448964  0.97681135  0.9509819  -0.44753742
   0.11165728  0.7044837  -0.42296454 -0.4757277 ]]