[[ 1.1741096   0.66345507  1.0082316  -0.03132206 -0.81062263 -0.9840538
  -0.7481625  -0.48145917 -0.21749765 -0.32981715 -0.5586832  -1.0891287
   0.5708483  -0.2703621  -0.7420248   1.4463897   0.09730186  0.90214
  -0.42394096  0.6776169   2.8575263  -0.4588765  -0.9508048  -0.57050997
   0.28023627 -0.70696104 -0.31995812  0.14505813 -0.4359343  -0.5718212
  -0.1120475  -0.40606263  0.09205557  0.37282088 -0.08931658 -0.3716347
   0.2786493   0.40021396 -0.8711333  -0.6483401  -0.52181464 -0.32389167
  -0.37179148  2.321547    1.0261606   1.6946263  -0.5103543  -0.4273401
  -0.34292144 -0.17167383  2.264359    1.5876359   0.08811953 -0.02622567
  -0.747911   -0.91015834 -1.0989515   0.08115013 -0.41027182  0.30988157
  -0.23001532 -0.3925453   0.07168613 -0.46219793 -0.52351564 -0.58882153
  -0.87586844 -0.4454692  -0.45509273 -0.6161511   0.78842926 -0.64279526
  -0.52325153  1.453346    1.4252449  -0.42149344 -0.6195071  -0.52994424
   0.02479923 -0.01426632  0.03424815 -0.43095586 -0.53799766 -0.7877072
  -0.67736113 -0.78233594 -0.54029304  0.4336592  -0.39974084  0.22231306
  -0.6425093   0.57625055 -0.3205596   1.7089128   0.47575653 -0.39338702
   0.11187077  0.9894453   0.3377029  -0.63513976]]