[[ 0.7882397   0.8301158   0.582096   -0.07736872 -0.6033325  -0.8517018
  -0.8645129  -0.4520659  -0.2461702  -0.27971792 -0.5122591  -1.0009716
   0.6434359  -0.25279152 -0.6621776   0.83714116 -0.12576877  0.97904295
  -0.2510047   0.7859507   2.3302786  -0.4775579  -0.6842436  -0.57625484
   0.16443239 -0.5633878  -0.34231016 -0.04986383 -0.27851486 -0.57939625
  -0.1500798  -0.2985641   0.03811887  0.09038044 -0.0764828  -0.31334
   0.50569683  0.25154448 -0.8234037  -0.64949685 -0.5068967  -0.35227963
  -0.39248773  1.6123395   1.0046937   1.0604082  -0.49441433 -0.07562964
  -0.3714747   0.11741762  1.7417113   1.8440845   0.09858868 -0.05367683
  -0.68994814 -0.7817356  -0.7668696   0.05227171 -0.39931816  0.17052756
  -0.12768206 -0.34315303  0.02722506 -0.45494306 -0.49932224 -0.5197047
  -0.8211925  -0.48908278 -0.45838365 -0.6717991   0.41072088 -0.562145
  -0.478082    1.3456652   1.1521554  -0.495313   -0.13604522 -0.51151884
   0.09582075 -0.08874343  0.3795925  -0.39570513 -0.45321846 -0.65208805
  -0.5058613  -0.7171008  -0.511372    0.70069385 -0.1320328   0.32074663
  -0.49569     0.5441494  -0.20139219  1.1148517   0.44407365 -0.39899084
   0.28763407  0.8057773   0.11368982 -0.54771703]]