[[ 1.1616521   0.51579154  0.6364921  -0.26449674 -0.6680421  -0.8415216
  -0.67990655 -0.47573456 -0.10665628 -0.33253863 -0.40127867 -1.0041606
   0.60533273 -0.28050053 -0.51807606  0.9906264   0.18660957  0.6673147
  -0.3364473   0.4498291   2.175447   -0.5143435  -0.80683315 -0.54211533
   0.53184795 -0.51191187 -0.34984338  0.24117546 -0.3581192  -0.5828385
   0.00717608 -0.32369205  0.00769411  0.01239187 -0.25469744 -0.34981787
  -0.01598821  0.6302193  -0.8078408  -0.67400277 -0.46680844 -0.0942589
  -0.37303326  1.2386599   1.2566571   1.2788532  -0.4019055  -0.41799363
  -0.12494314 -0.0450168   1.8240509   1.3422041   0.02895158 -0.09223274
  -0.08197638 -0.47075877 -0.88304675  0.14121394 -0.2065822   0.16531669
  -0.20588587 -0.39380312  0.03563148 -0.41216597 -0.43878555 -0.49706286
  -0.7835726  -0.41526178 -0.39094716 -0.58614004  0.4013639  -0.61319274
  -0.42960134  1.4326874   0.9510199  -0.40338388 -0.5068985  -0.49216473
  -0.17980473 -0.16159339  0.18808877 -0.26335824 -0.49299175 -0.7052198
  -0.56922567 -0.72872615 -0.49250638  0.5166976  -0.17740498  0.16118936
  -0.5113208   0.27294868 -0.3285966   1.5566648   0.2878639  -0.33837366
  -0.01984211  0.7999907   0.24556834 -0.5195114 ]]