[[ 0.8292893   1.3391467  -0.02307623 -0.04836422 -0.61494577 -0.956195
  -1.0358377  -0.6543243  -0.10900249 -0.12250569 -0.51070213 -0.83101326
   0.05960786 -0.22766554 -0.5122045   0.20834646 -0.5288808   0.2843157
  -0.3759904   1.4259576   1.8642077  -0.5999805  -0.68872947 -0.721142
   0.16473691 -0.6185208  -0.5206614   0.33703515 -0.4687433  -0.7188231
  -0.35128993 -0.35237265  0.12628664 -0.39468226 -0.0906485  -0.48954663
   0.12640248  0.0702691  -0.7270998  -0.54338676 -0.58241653 -0.23837239
  -0.35555804  0.08616418  2.441529    0.35536936 -0.24942671 -0.29855362
  -0.28049806 -0.09820808  0.8016651   2.895074   -0.14643586 -0.36302015
   0.07957596 -0.30069533 -0.9122447   0.17563051 -0.10437931 -0.04192053
  -0.25351763 -0.13725258  0.24874832 -0.2977797  -0.44983935 -0.73264176
  -0.9021751  -0.46240035 -0.30312592 -0.66590965  0.3670966  -0.5179441
  -0.37201717  2.1585891   1.5108637   0.26519477 -0.17833886 -0.2478946
   0.31676862  0.0491025   0.70253634 -0.2979513  -0.27687776 -0.52140725
  -0.26058167 -0.7573655  -0.41662082  1.284728   -0.01943346  0.76876533
  -0.50309724  0.43254352  0.08992027  0.968761    0.1891626  -0.36468035
   0.13282055  1.1532245   0.20612201 -0.5123735 ]]