[[ 0.52433884  0.31291786  0.5616299  -0.14362437 -0.49222594 -0.7342067
  -0.630357   -0.18278165 -0.25273865 -0.43052322 -0.3539062  -1.012223
   0.8235364  -0.3528516  -0.6328613   0.4670007  -0.18486694  0.6720069
  -0.10851666  0.43265107  1.8560053  -0.4736281  -0.63526505 -0.5271836
   0.17250857 -0.531926    0.32608432 -0.16475508 -0.17408375 -0.6456741
   0.03284309  0.6414117   0.09288507 -0.09811258 -0.5421307  -0.04599463
  -0.01085914  0.48646432 -0.92911124 -0.56155276 -0.46401292 -0.08258935
  -0.44502586  2.2221718   1.3305823   0.18676041 -0.5063021   0.3242893
   0.09799416  0.02469075  1.6072841   1.5070797   0.23385116  0.35958308
  -0.7176289  -0.68874866 -0.6803696   1.014214   -0.41506556  0.47409073
  -0.10763937 -0.416359   -0.22172599 -0.329643   -0.41107512 -0.21471742
  -0.85804254 -0.463461   -0.45116112 -0.4123368   0.2581469  -0.7017067
  -0.49969625  0.9884988   0.5380285  -0.34976918 -0.29282206 -0.4329555
  -0.4304859  -0.3101966   0.26873937 -0.5119285  -0.5198357  -0.57482606
  -0.6278799  -0.73196524 -0.45376474  0.5922468   0.01323604  0.24659872
  -0.4727038   0.23833355 -0.28989127  0.6705463   0.09817499 -0.43936855
  -0.02987612  0.8060599  -0.41799167 -0.38863826]]