[[ 1.1977156   0.9340167   0.17300902 -0.2426019  -0.5688498  -0.8086962
  -0.9006348  -0.47306734 -0.20499684 -0.1425402  -0.4559687  -0.9602657
   0.5570235  -0.24152747 -0.52548796  0.56676275 -0.15173425  0.5327149
  -0.187395    1.0355356   1.0620539  -0.53081286 -0.5041957  -0.60552025
   0.40663823 -0.37743083 -0.40353006 -0.37803197 -0.30331546 -0.6730215
  -0.0732342  -0.45843676  0.05922415 -0.42605624 -0.3824947  -0.35128042
  -0.01558436  0.4677993  -0.8222767  -0.661178   -0.52058816 -0.31368956
  -0.423619    0.45860183  1.9655448   0.6777189  -0.25136152 -0.47676694
  -0.12813042  0.24468817  1.0695907   2.433964    0.11979596 -0.32483542
  -0.42152566 -0.5995945  -0.8279814   0.10484087 -0.34693414  0.18609664
  -0.25556216 -0.3133282   0.27193746 -0.24343213 -0.42832753 -0.5484327
  -0.69442767 -0.3958767  -0.37158534 -0.7646434  -0.09919795 -0.6024302
  -0.32106748  1.8539234   0.76787525 -0.5162519  -0.08202842 -0.50505376
  -0.21458127 -0.19701235  0.56957036 -0.09109168 -0.43867752 -0.6096902
  -0.3000231  -0.780614   -0.3780282   1.0686167   0.51951075  0.76582277
  -0.42487144  0.226813   -0.35045844  0.8659702  -0.24509396 -0.3356549
   0.0131338   1.0911119  -0.02414144 -0.31903696]]