[[ 0.6878967   0.86425656  0.42733943 -0.23333074 -0.6260471  -0.88187486
  -0.86428475 -0.43274772 -0.02296296 -0.2931014  -0.46309245 -1.0456781
   0.49792832 -0.25546986 -0.46861893  0.62845194 -0.5040564   0.44018248
  -0.26817572  0.7937174   2.6079514  -0.4882548  -0.7624252  -0.62764317
   0.1743313  -0.5152428  -0.44531372  0.00550168 -0.2807695  -0.7419948
  -0.36960965 -0.25552368  0.08390254 -0.13776404 -0.32365817 -0.4124447
   0.0703927   0.6744492  -0.9290303  -0.6674069  -0.56491333  0.2725732
  -0.41383266  1.030418    2.0471704   0.28021774 -0.15256092 -0.24411091
   0.20350188  0.04028558  1.259667    1.8455541   0.06661706  0.16358238
   0.09759973 -0.47914445 -0.80742073  0.20615532 -0.03564004  0.3453613
  -0.205243   -0.33823055 -0.00299264 -0.31636167 -0.48794648 -0.613946
  -0.88655657 -0.4545054  -0.32733625 -0.62093264  0.59734154 -0.6688393
  -0.4489604   1.3714509   1.0145854  -0.44411615 -0.46181223 -0.51707697
  -0.10891749 -0.1775378   0.33879212 -0.2507075  -0.5000983  -0.63736004
  -0.52347696 -0.81508493 -0.43342444  0.75155276  0.36239302  0.36026737
  -0.5734489   0.31356442 -0.318159    0.7986657   0.40268117 -0.37379172
   0.14318238  0.79320484 -0.2926746  -0.34791008]]