[[ 1.0410563   0.5086163   0.38426697 -0.25191778 -0.684223   -0.98414534
  -0.8094508  -0.59032756 -0.33321097  0.00744351 -0.5153962  -0.9109349
   0.6247506  -0.25256974 -0.5064652   0.93568456 -0.2202166   1.1164589
  -0.35446352  1.0229942   1.6192179  -0.5725113  -0.5652458  -0.6929094
   0.2638453  -0.41698906 -0.34140816  0.31902146 -0.439135   -0.5755246
  -0.14309503 -0.5750198   0.0871321  -0.21202105 -0.4397615  -0.303575
   0.6447126  -0.06025786 -0.6860709  -0.6522405  -0.52237105 -0.43320578
  -0.38257548  1.1466773   1.4223735   1.1255523  -0.40650088 -0.3375994
  -0.45411888  0.39951006  1.277741    2.2331262   0.17478086 -0.3605441
  -0.544415   -0.7055571  -1.0052652  -0.03600883 -0.3857186   0.07519965
  -0.25224042 -0.34070787  0.27456173 -0.37671477 -0.5135891  -0.56106323
  -0.75352025 -0.51926005 -0.43590924 -0.7106278   0.6773205  -0.6241457
  -0.40551788  1.6354113   1.2282767   0.07985068 -0.24731183 -0.4124967
  -0.29606676 -0.03671649  0.49597254 -0.14498822 -0.39995915 -0.6745103
  -0.5201403  -0.70664245 -0.45245597  0.85084015 -0.11712341  0.6715725
  -0.47762755  0.35172173  0.19482341  1.5958629  -0.18150538 -0.37119198
   0.01456726  1.0175922   0.5994437  -0.5343062 ]]