[[ 1.5052775   0.61808366  0.22167927 -0.19920762 -0.62878406 -0.9343694
  -0.85561675 -0.6277428  -0.36254048  0.02638799 -0.4846979  -0.91523737
   0.8127956  -0.24535091 -0.5391246   0.7295756  -0.06490871  1.1924145
  -0.26526     1.149051    1.0344296  -0.5945708  -0.43945023 -0.7366779
   0.41093642 -0.37848637 -0.37407434 -0.09657703 -0.38644698 -0.5887214
   0.00464436 -0.5284703   0.19081369 -0.4484389  -0.3988179  -0.32490063
   0.51043135  0.06855494 -0.768985   -0.6986048  -0.52028674 -0.4550415
  -0.4149425   0.6901402   1.9035709   1.345583   -0.33615285 -0.48707256
  -0.47485408  0.451303    1.5537579   2.7449193   0.30313823 -0.33245832
  -0.46138117 -0.61721796 -0.92342913  0.09671041 -0.395058    0.17711951
  -0.26862463 -0.35062557  0.44583923 -0.24818598 -0.51590943 -0.51212233
  -0.7117148  -0.4638764  -0.43127432 -0.8068042   0.18286511 -0.62210774
  -0.3538609   2.154939    1.0978041  -0.25362316 -0.13383143 -0.4312451
  -0.26463652 -0.1591896   0.67122346 -0.06623787 -0.3836808  -0.67347366
  -0.40340918 -0.732131   -0.4516802   1.1052095  -0.07174391  0.979601
  -0.4045157   0.23910542 -0.1053476   1.5326818  -0.33101523 -0.34178957
   0.0539251   1.2459824   0.5560909  -0.4886393 ]]