[[ 8.17615569e-01  5.68099856e-01  3.76926064e-01 -1.81885526e-01
  -5.19365966e-01 -7.96413064e-01 -8.05043340e-01 -3.75538200e-01
  -1.92605808e-01 -1.94344535e-01 -5.06587088e-01 -8.06942761e-01
   3.32055241e-01 -1.97740316e-01 -3.35261196e-01  6.04423165e-01
  -4.84013379e-01  7.20711648e-01 -1.72655419e-01  1.38814831e+00
   1.09983838e+00 -4.97990608e-01 -2.71064460e-01 -6.18984401e-01
   2.04625487e-01 -1.96371675e-01 -3.68084133e-01  6.33139610e-02
  -2.98119277e-01 -6.18214607e-01 -2.31027171e-01 -6.69819236e-01
   9.83298570e-02 -8.64443183e-02 -5.21019697e-01 -1.76106721e-01
   5.01585305e-01 -2.04269826e-01 -7.19020128e-01 -4.82558429e-01
  -4.97877449e-01 -4.04987037e-01 -4.14221376e-01  1.06482553e+00
   1.92276549e+00  4.11922157e-01 -3.84589136e-01 -5.29819056e-02
  -3.47659260e-01  5.10280430e-01  3.85864735e-01  2.68371320e+00
   3.04249823e-01 -3.92383069e-01 -5.91110170e-01 -6.88310742e-01
  -6.90391898e-01 -9.29993317e-02 -3.24432015e-01  1.20803379e-01
  -1.79848030e-01 -2.37361565e-01  2.32589900e-01 -3.52041662e-01
  -4.32858467e-01 -4.90534395e-01 -7.62076676e-01 -4.47403193e-01
  -4.23277617e-01 -6.98849678e-01  3.64345312e-01 -5.20248353e-01
  -3.65486205e-01  1.80485463e+00  1.16352391e+00 -1.21523902e-01
   3.49142879e-01 -4.32544649e-01 -2.46667713e-01 -1.76864769e-02
   1.14528513e+00 -1.96582377e-01 -3.82433146e-01 -5.23178160e-01
  -4.29314375e-01 -6.79258645e-01 -3.96148562e-01  1.29276824e+00
   4.63781133e-02  1.04680479e+00 -3.13671082e-01  5.57814658e-01
   3.72149408e-01  6.96833313e-01 -1.05067156e-04 -3.85737598e-01
   2.31239740e-02  1.16997671e+00  1.26821652e-01 -4.18125033e-01]]