[[ 7.8975993e-01  8.0020517e-01  5.0086653e-01 -1.4032044e-01
  -6.4032453e-01 -8.5779667e-01 -8.6296499e-01 -4.7344118e-01
  -2.1725734e-01 -2.8383812e-01 -4.3997300e-01 -1.0517167e+00
   4.7343817e-01 -2.9407087e-01 -6.8801981e-01  7.4028784e-01
  -3.1723320e-01  7.7332181e-01 -3.0448860e-01  5.8077192e-01
   2.5908637e+00 -4.8781395e-01 -8.0103052e-01 -5.8459687e-01
   2.9863399e-01 -7.1310216e-01 -2.3569368e-01 -7.7903241e-02
  -3.0947068e-01 -6.6140401e-01 -1.2659830e-02 -8.5450076e-03
   2.2303997e-02 -9.0126172e-02 -2.3907410e-01 -4.3258601e-01
   1.0281360e-01  3.7563652e-01 -8.8217163e-01 -6.6256487e-01
  -5.4538858e-01 -9.0591140e-02 -4.1145566e-01  1.7433378e+00
   1.2192280e+00  7.8028154e-01 -4.3847856e-01  3.5847902e-02
  -1.2249843e-01 -1.3296323e-01  1.7807754e+00  1.4534914e+00
  -6.9531031e-02  9.2412479e-02 -4.6243867e-01 -6.8533641e-01
  -8.4282327e-01  2.4941078e-01 -3.2872778e-01  2.5473920e-01
  -1.5744635e-01 -3.2131451e-01 -1.8412694e-03 -4.7144610e-01
  -4.8286191e-01 -5.3599131e-01 -8.4205866e-01 -5.3144509e-01
  -4.4521093e-01 -5.9187561e-01  5.3879440e-01 -6.6442341e-01
  -5.0128394e-01  1.1326081e+00  9.1459757e-01 -4.2673132e-01
  -4.9210578e-01 -4.1849414e-01 -1.0975918e-01 -8.7843481e-03
   1.5904765e-01 -4.3594569e-01 -4.4666454e-01 -6.8129390e-01
  -5.8749038e-01 -8.2252735e-01 -4.9814028e-01  5.2037591e-01
  -1.5278885e-01  3.2768723e-01 -6.0758603e-01  3.5759556e-01
  -3.3068809e-01  1.0977619e+00  3.9305815e-01 -4.0320745e-01
   6.7389145e-02  7.3980016e-01 -5.5513173e-02 -4.9520728e-01]]