[[ 0.9337571   0.62219673  0.13383    -0.16677974 -0.47900602 -0.6906824
  -0.6730668  -0.32691154 -0.25823054 -0.30064425 -0.23640883 -0.9145027
   0.76981    -0.3243225  -0.58540875 -0.13366666  0.03083459  0.61076623
  -0.00465946  0.83437496  0.9605372  -0.53126687 -0.5415196  -0.5612188
   0.29968554 -0.47827563  0.09528074 -0.13498116 -0.12776247 -0.610074
   0.14709266  0.45153102  0.16355954 -0.40439782 -0.44148692 -0.16838281
  -0.11080025  0.62866014 -0.7713338  -0.53685635 -0.42333016 -0.31679237
  -0.41479948  1.0366013   1.8881828   0.5854922  -0.5162986  -0.02905486
   0.00420092 -0.03920146  1.7246875   2.2008545   0.15772267  0.07143776
  -0.6345347  -0.57461625 -0.68910563  0.80795074 -0.4085781   0.31355333
  -0.16199592 -0.386433    0.03144871 -0.2909778  -0.35127077 -0.32172218
  -0.78789055 -0.39670178 -0.4147296  -0.5011807  -0.26762867 -0.6200402
  -0.41198084  1.7934309   0.62875235 -0.18887596 -0.18905863 -0.32443503
  -0.30720323 -0.3399983   0.45888498 -0.4394293  -0.39335757 -0.5701631
  -0.39346522 -0.6739051  -0.43446776  0.95263386 -0.05121166  0.50700223
  -0.3625145   0.14779072 -0.22338775  0.8221582  -0.25998926 -0.35547268
  -0.1665365   1.0633965  -0.00386318 -0.3433038 ]]