[[ 1.2277111e+00  7.2772664e-01  4.1295129e-01 -1.5922071e-01
  -6.3427234e-01 -7.9748189e-01 -7.5998449e-01 -3.5051602e-01
  -1.2112436e-01 -2.4882202e-01 -4.9509773e-01 -9.1455156e-01
   2.3880260e-01 -2.4180338e-01 -4.9861124e-01  5.4448235e-01
  -2.2504292e-01  5.6793141e-01 -2.3642708e-01  1.2167612e+00
   1.2710648e+00 -5.0360191e-01 -5.2499723e-01 -5.8560246e-01
   3.0327353e-01 -3.0119359e-01 -3.7688258e-01 -9.3906365e-02
  -3.5526600e-01 -6.5088481e-01 -1.3131553e-01 -6.2122029e-01
   1.9752072e-01 -1.0969389e-01 -4.4050005e-01 -2.8661677e-01
   1.9693661e-01  3.5475960e-01 -7.8309876e-01 -5.5523378e-01
  -4.7228751e-01 -3.2687312e-01 -4.2770228e-01  9.7295833e-01
   1.9296777e+00  8.6823177e-01 -3.8804847e-01 -4.1864845e-01
   1.0869186e-03  1.4546788e-01  1.1793231e+00  2.5399928e+00
   1.9541723e-01 -2.9124472e-01 -6.1244154e-01 -6.9205165e-01
  -8.2455051e-01  1.5984241e-02 -3.7018850e-01  2.3160167e-01
  -2.1721053e-01 -3.0631608e-01  2.2834609e-01 -3.4549445e-01
  -4.3143716e-01 -5.4131067e-01 -7.9678434e-01 -3.8606468e-01
  -4.1173673e-01 -6.5792876e-01  1.1796018e-01 -5.7150024e-01
  -3.7078744e-01  1.9253170e+00  9.9155301e-01 -2.8972644e-01
  -1.3640517e-01 -4.4098133e-01 -2.0978434e-01 -1.0321346e-01
   7.4753600e-01 -2.3044138e-01 -4.3016860e-01 -6.1572725e-01
  -3.6850056e-01 -7.4177957e-01 -4.1452983e-01  1.0771996e+00
   2.4043559e-01  9.3302268e-01 -3.9558548e-01  4.0507257e-01
  -5.4962859e-03  9.0512425e-01 -1.3219982e-01 -3.4001163e-01
  -1.3310499e-01  1.1656579e+00  2.0244591e-01 -3.6402640e-01]]