[[ 1.1297773   0.51657826  0.3606695  -0.25544772 -0.68720144 -0.9891331
  -0.81416214 -0.59067976 -0.33756292  0.00679686 -0.51412064 -0.911575
   0.5916719  -0.25091255 -0.52121216  0.9211866  -0.22237182  1.0855758
  -0.3542583   1.0785277   1.5774603  -0.57241917 -0.54891807 -0.7066745
   0.25159457 -0.42564127 -0.34809813  0.29183653 -0.43993214 -0.5749798
  -0.14907926 -0.5881164   0.16574916 -0.20878167 -0.43815705 -0.31787026
   0.6259998  -0.07033888 -0.6920911  -0.65264213 -0.5187532  -0.44620386
  -0.38532186  1.1143202   1.5517285   1.1934322  -0.41232488 -0.36485726
  -0.4598669   0.376498    1.313586    2.3975399   0.15776306 -0.36736938
  -0.5523278  -0.7010741  -1.0134351  -0.0415794  -0.39249954  0.07195233
  -0.24553168 -0.3489888   0.3346605  -0.37709868 -0.52638847 -0.5673763
  -0.7698374  -0.5298485  -0.4388854  -0.72136027  0.64594775 -0.6226305
  -0.3992054   1.828514    1.2872936   0.05829518 -0.24038075 -0.4123919
  -0.29183358 -0.04836226  0.5148072  -0.1598396  -0.40124142 -0.67650944
  -0.52184075 -0.7058876  -0.45865694  0.9329976  -0.14534551  0.719755
  -0.46990812  0.36323008  0.17298543  1.6079797  -0.19147378 -0.3717556
   0.00415672  1.0861799   0.6615024  -0.5383026 ]]