[[ 0.70367646  0.3477978  -0.11706134  0.1746655  -0.6527325  -1.0703083
  -0.9643258  -0.34941134 -0.30935296  0.22256452 -0.6934951  -1.0662886
   0.03789102 -0.3693758  -0.7893406  -0.22017932 -0.29153737  1.6724992
  -0.30231202  0.21854535  1.8909583  -0.5891708  -0.33821246 -0.5767333
   0.5710441  -0.45712525  0.22836456 -0.31609908 -0.4351585  -0.89690334
   0.07930029  0.18946852 -0.23454148 -0.49885836 -0.6213233  -0.15466295
   0.8500398   0.6837576  -1.0738753  -0.83578616 -0.5047581  -0.19993183
  -0.5769059   1.3905888   0.56964487  0.6193223  -0.21015716  0.03512655
   0.07298034  1.1380725   2.2191296   0.87810457 -0.25332466 -0.08204829
  -0.9509344  -0.8686432  -0.6425814   0.8792954  -0.5098404   0.08756897
  -0.01320519 -0.45092574 -0.3976399  -0.58711004 -0.43720332 -0.42595637
  -1.0413133  -1.048455   -0.46622965 -0.7463376  -0.11040556 -1.0222427
  -0.6217144   0.31634116 -0.13656126 -0.08875775 -0.15140471 -0.36162752
  -0.54455805 -0.39798763  0.5571039  -0.67868656 -0.4415581  -0.5012303
  -0.508438   -0.885596   -0.5216311   0.49757478  1.7939421   0.6250376
  -0.47517976 -0.14878304 -0.16768599  0.88406    -0.49312568 -0.5497368
  -0.01897168  0.2781562  -0.22302805 -0.23241931]]