[[ 1.68196273e+00  6.71387553e-01  2.15942368e-01 -1.85404971e-01
  -5.72405756e-01 -7.20306635e-01 -9.81996715e-01 -4.87595022e-01
  -2.74281323e-01 -1.86568871e-03 -4.76509988e-01 -8.07778180e-01
   1.33015260e-01 -2.29795620e-01 -4.76681501e-01  1.46766752e-01
  -4.37547565e-02  1.00046778e+00 -2.14505270e-01  1.18479121e+00
   1.06521654e+00 -5.06640732e-01 -4.31659549e-01 -5.89037597e-01
   4.65599686e-01 -4.15778786e-01 -4.19539273e-01 -1.57411456e-01
  -3.01211625e-01 -5.83496809e-01  3.62505585e-01 -5.55030704e-01
   1.09591559e-01 -3.89388353e-01 -3.18076342e-01 -3.10633063e-01
   2.25386530e-01  1.36885062e-01 -6.65860951e-01 -6.00673199e-01
  -4.69111145e-01 -4.14406598e-01 -3.92971009e-01  5.43374538e-01
   1.92152333e+00  1.23545170e+00 -4.14439350e-01 -4.84666288e-01
  -4.75967258e-01  1.43040910e-01  1.36344361e+00  2.57296848e+00
   7.90570974e-02 -3.04475576e-01 -5.78352392e-01 -6.30350530e-01
  -8.19188356e-01  2.13355608e-02 -3.93024713e-01  1.40704274e-01
  -2.57050514e-01 -2.94006139e-01  5.68643153e-01 -3.29369873e-01
  -3.73826295e-01 -5.53422570e-01 -7.30434000e-01 -3.95692945e-01
  -4.20521706e-01 -6.99905038e-01  1.60681363e-02 -5.16133368e-01
  -2.72125363e-01  2.05536604e+00  8.82806718e-01 -2.41683185e-01
  -6.26067817e-03 -1.16346166e-01 -2.36293510e-01 -1.80526078e-01
   6.71568215e-01 -2.51437902e-01 -3.64003479e-01 -6.90955698e-01
  -4.46516007e-01 -7.40334153e-01 -4.41517293e-01  1.49925208e+00
  -6.93706796e-02  1.38909209e+00 -3.76649082e-01  3.42607707e-01
   4.65837233e-02  1.64834237e+00 -4.17125076e-01 -3.01559985e-01
  -8.15675184e-02  1.26337266e+00  7.73921967e-01 -4.45620090e-01]]