[[ 0.5564727   0.80393666  0.6329189  -0.27108878 -0.6875179  -0.8988463
  -0.90359247 -0.44158638 -0.17556451 -0.21632911 -0.554514   -1.0546005
   0.19641581 -0.24917802 -0.65722525  0.9240699  -0.49049017  0.6921988
  -0.39558253  0.81214863  2.5664704  -0.48596615 -0.5351715  -0.5844439
   0.14027177 -0.6566641  -0.29715645  0.09287642 -0.40825683 -0.6442349
  -0.15230893 -0.33343175 -0.00909851  0.09341337 -0.40464708 -0.41912526
   0.1768424   0.15521805 -0.8611377  -0.643736   -0.5192371  -0.18092678
  -0.38322037  1.8565086   1.3738475   0.5439816  -0.41270557 -0.17279111
  -0.21598852  0.00832164  1.2418523   2.0191393  -0.13738674 -0.16268495
  -0.4870225  -0.70431966 -0.9223845   0.00587627 -0.31096736  0.12113172
   0.00898933 -0.34331945  0.03278776 -0.38830328 -0.51346946 -0.58998865
  -0.8528531  -0.64152765 -0.44042617 -0.6158805   0.6724316  -0.6704063
  -0.48024696  1.3450319   1.009367   -0.32179534 -0.03697211 -0.38160396
  -0.25378513  0.01493381  0.49023145 -0.4256455  -0.46687013 -0.6679805
  -0.653613   -0.79098934 -0.482374    0.75390726  0.05147618  0.3501949
  -0.6116702   0.56990284 -0.10641278  1.0225201   0.30760473 -0.437292
  -0.05558582  0.69089663  0.01930847 -0.50305563]]