[[ 0.8680032   1.0576261   0.08263844 -0.2680277  -0.617947   -0.87040955
  -0.88943577 -0.40561482 -0.17090857 -0.2254255  -0.44179374 -1.0198178
   0.30631486 -0.25690725 -0.60530216  0.24740413 -0.46464226  0.4726512
  -0.14765488  1.138699    2.1345224  -0.4697612  -0.6694673  -0.65992343
   0.06991566 -0.5306346  -0.42580613 -0.03280768 -0.20868587 -0.698529
  -0.32008934 -0.27391723  0.28996933 -0.17925109 -0.2587104  -0.37961438
   0.15335502  0.39348552 -0.7822485  -0.56257    -0.5601032  -0.1031381
  -0.38550365  0.8960815   2.07312     0.4567346  -0.41218698 -0.11156043
   0.16895187 -0.00942407  1.3182954   2.5544553  -0.12349531  0.10031009
  -0.68680763 -0.7781148  -0.878031    0.10010989 -0.3024344   0.1656423
  -0.19878037 -0.33130038  0.10155725 -0.45825753 -0.48512828 -0.65860033
  -0.93656516 -0.53486395 -0.39640224 -0.61386186  0.56585246 -0.6148462
  -0.43407643  1.91241     1.1052469  -0.06104068 -0.16405746 -0.39459133
  -0.00725268 -0.13425931  0.52826416 -0.43491924 -0.44908115 -0.59206486
  -0.4324547  -0.75679433 -0.41333273  1.111995    0.13812234  0.57564235
  -0.5000674   0.47492588 -0.02474493  0.8043921   0.05159307 -0.36613336
   0.142182    1.0000588  -0.02285254 -0.30217284]]