[[ 1.6801196   1.0271621   0.16420937 -0.1027946  -0.62101823 -0.8187247
  -0.95880055 -0.5993538  -0.3865478   0.04382601 -0.4236511  -0.92615587
   0.7880912  -0.26037398 -0.67928034 -0.05319319  0.47426334  1.5414325
  -0.18609926  0.90185326  1.2886189  -0.5691536  -0.6251413  -0.65946025
   0.7215532  -0.635761   -0.33448127  0.15238239 -0.3034206  -0.5280042
   0.31306574 -0.06312324  0.13393013 -0.41823494 -0.05393676 -0.30928177
   0.6262275   0.44089422 -0.6889781  -0.6346409  -0.44425294 -0.42979655
  -0.3430352   0.8218876   1.4377086   2.146635   -0.5514591  -0.34124944
  -0.53022265  0.01804266  2.6194558   2.4997296   0.15448497  0.06026042
  -0.7145308  -0.7011897  -0.9202963   0.34268072 -0.44490862  0.2373888
  -0.252986   -0.43284437  0.22910076 -0.25483912 -0.40734783 -0.5612827
  -0.84121144 -0.40641472 -0.45790866 -0.6934666  -0.03211265 -0.5790515
  -0.40723774  2.178825    1.1023552  -0.14314403 -0.23126996 -0.25919867
  -0.01418249 -0.29697812  0.13781337 -0.4142832  -0.3648753  -0.7537518
  -0.39614743 -0.6453015  -0.5258031   0.9807962  -0.3579855   0.41262698
  -0.43123057  0.3668123  -0.08168553  1.9215704  -0.15918103 -0.2808828
   0.14509583  1.1709511   0.7521636  -0.5220468 ]]