[[ 0.8665064   1.0719965   0.81979585 -0.0265922  -0.7231269  -0.8741385
  -0.83938    -0.36923102 -0.09863137 -0.36293036 -0.58110243 -1.0056171
   0.07994141 -0.23798989 -0.6696804   1.0764017  -0.6084685   0.03167446
  -0.34664497  1.085796    2.359018   -0.43022838 -0.69168115 -0.5599836
  -0.09597423 -0.5545907  -0.411893   -0.26127902 -0.41402552 -0.6811908
  -0.46486878 -0.6839163   0.1827774   0.22587147 -0.20024896 -0.40840968
  -0.05777964  0.16318925 -0.88726443 -0.5451228  -0.5413768  -0.33750868
  -0.45461103  1.8622408   1.8302703   0.34718478 -0.40441883 -0.4667325
  -0.04627334 -0.16458109  0.8096028   2.4540896   0.14125328 -0.23532687
  -0.6788023  -0.81528044 -1.0073096   0.01770245 -0.35272822  0.40542078
  -0.23008318 -0.3056494   0.15881535 -0.31507877 -0.5194548  -0.65299547
  -0.8576586  -0.38457352 -0.4145004  -0.68656456  0.35843104 -0.57418007
  -0.4120378   1.7088717   1.3130211  -0.46108988 -0.24319988 -0.5595244
   0.13000952  0.0051884   0.49472624 -0.3527833  -0.51382166 -0.6384017
  -0.42592376 -0.81979537 -0.4372985   0.9655634   0.1854394   0.7827077
  -0.5538687   0.5861699  -0.2722245   0.4002288   0.33981544 -0.40583792
   0.06574534  1.0839423  -0.1836463  -0.45359382]]