[[ 0.7509633   1.1413419   0.34718525 -0.07472052 -0.6310451  -0.85645115
  -0.856358   -0.4792806  -0.13744083 -0.2119798  -0.530631   -0.9204363
   0.5199062  -0.24118957 -0.57377416  0.47815192 -0.33205122  0.50580263
  -0.26659134  0.9352843   1.8921272  -0.5113371  -0.56796795 -0.59000367
   0.07525299 -0.43853968 -0.36944014 -0.21421382 -0.35635358 -0.6498542
  -0.26027584 -0.4631009   0.02587456 -0.1770063  -0.10482153 -0.3256199
   0.15943815  0.32659993 -0.8077682  -0.6051169  -0.48898715 -0.300581
  -0.40908888  0.7526665   1.6198632   0.43706927 -0.33690923 -0.33745098
  -0.05936455  0.17025499  1.1112883   2.1155312   0.17192437 -0.1849577
  -0.5727842  -0.67573667 -0.8101523   0.10075184 -0.33218312  0.17812474
  -0.18935578 -0.32736948  0.06910063 -0.2946728  -0.46275112 -0.5624892
  -0.7659059  -0.40304685 -0.3775832  -0.68179727  0.12980393 -0.5332692
  -0.41888896  1.6192448   0.9849549  -0.47693056 -0.16595577 -0.4971339
   0.16624215 -0.13596983  0.56038094 -0.22320227 -0.4092273  -0.57080054
  -0.28275147 -0.7312215  -0.42573738  0.90206414  0.2749749   0.5191444
  -0.45257702  0.35839754 -0.20939624  0.60030746  0.13057618 -0.36339608
   0.18168777  0.85572416 -0.06039488 -0.41360152]]