[[ 0.8713717   0.7296672   0.7069486  -0.04074144 -0.56444055 -0.74139667
  -0.7749226  -0.39764994 -0.23036759 -0.283632   -0.44706097 -0.90630776
   0.8336873  -0.23653531 -0.52680296  0.6650101  -0.15298438  0.76025856
  -0.162107    0.874683    1.8036475  -0.4610577  -0.53021497 -0.5664641
   0.19684137 -0.43363622 -0.37028223 -0.18353659 -0.19900908 -0.5548677
  -0.12819228 -0.28719398  0.07500713  0.07197939 -0.22399548 -0.2402206
   0.26510194  0.10066532 -0.82988447 -0.5689194  -0.4664305  -0.32742617
  -0.3753145   1.34897     1.5441616   0.6935531  -0.5111783  -0.22554307
  -0.381536    0.23500726  1.2009115   2.1347544   0.42631477  0.08035107
  -0.59993935 -0.6803936  -0.78766334  0.23415926 -0.36256182  0.3990295
  -0.17302044 -0.37175274  0.08849632 -0.2259836  -0.4364126  -0.44539157
  -0.7581506  -0.32421574 -0.42301852 -0.6362941   0.18185881 -0.5117848
  -0.40264958  1.6356637   1.0714469  -0.53771615 -0.0081702  -0.4999504
  -0.04244915 -0.1997892   0.65381145 -0.32284945 -0.4724538  -0.60410434
  -0.47413135 -0.64328045 -0.46190715  1.0749125  -0.26000273  0.43671155
  -0.3906784   0.5434484  -0.142104    0.7588568   0.32235962 -0.38068306
   0.18495843  1.0120355  -0.02545536 -0.52830726]]