[[ 1.1569232   0.43611038  0.95870256 -0.0163773  -0.690627   -0.78618324
  -0.6457394  -0.4054468  -0.1992154  -0.3186776  -0.42593616 -0.9381231
   0.8965693  -0.25197875 -0.5165925   1.03374     0.02139095  0.7557049
  -0.2130683   0.8295189   1.9242467  -0.45423448 -0.64584726 -0.5536246
   0.30943012 -0.44697538 -0.35815302 -0.06227307 -0.231381   -0.5268954
  -0.06442396 -0.31826544  0.12269623  0.22940311 -0.3174458  -0.23839144
   0.08976662  0.23236766 -0.84545314 -0.55915844 -0.47259292 -0.30338055
  -0.36399585  1.7041419   1.6458622   1.0587486  -0.51460135 -0.5103302
  -0.34712312  0.13269515  1.4140393   1.9619032   0.47991875  0.12007851
  -0.61038345 -0.7301189  -0.9797416   0.2813786  -0.363728    0.5068852
  -0.2526174  -0.41449645  0.13873667 -0.2223064  -0.42533165 -0.4462093
  -0.7627068  -0.27145788 -0.413865   -0.58954746  0.37983954 -0.52888894
  -0.41452605  1.7190515   1.1698225  -0.46662134 -0.29928035 -0.510753
  -0.14769518 -0.17717412  0.52841926 -0.3006197  -0.5256875  -0.6769896
  -0.50326437 -0.6626471  -0.46960586  0.97553295 -0.45140535  0.42070678
  -0.44495222  0.5246057  -0.17176741  1.1334773   0.1657139  -0.36594096
  -0.07395193  1.175732    0.15767153 -0.56255543]]