[[ 0.84214336  0.7079796   0.73141694 -0.24373716 -0.68292606 -0.8381208
  -0.7623009  -0.41578773 -0.14911355 -0.32440725 -0.45426068 -1.0559189
   0.36846215 -0.28643298 -0.6735365   1.0031121  -0.11462796  0.63304186
  -0.38328925  0.47469872  2.6549563  -0.48634303 -0.87308174 -0.5284228
   0.29553267 -0.66392386 -0.29398432  0.09917507 -0.3667301  -0.59589607
   0.02227716 -0.2070183  -0.03013402  0.10936395 -0.28091535 -0.4290931
  -0.11894652  0.5433302  -0.8396609  -0.67       -0.4867261  -0.1839276
  -0.3922741   1.7666689   1.0968753   0.98016787 -0.4701138  -0.20892924
  -0.09208507 -0.15325029  1.7643505   1.3955117  -0.09073592 -0.10624631
  -0.45020822 -0.666739   -0.93041867  0.10660812 -0.34021905  0.19752486
  -0.13134485 -0.42711702  0.022591   -0.491393   -0.4781691  -0.56502336
  -0.8230034  -0.47958088 -0.43866298 -0.5732951   0.5174539  -0.6584592
  -0.46890503  1.1260154   0.88132954 -0.40381834 -0.5252736  -0.4311357
  -0.21363804 -0.05906608  0.03057506 -0.38179973 -0.5117799  -0.7418948
  -0.6449129  -0.7927951  -0.495504    0.48997045 -0.14327791  0.19306995
  -0.61125827  0.38580817 -0.29588795  1.3805583   0.3474734  -0.38432625
  -0.06320351  0.64317876  0.16444999 -0.5165609 ]]