[[ 0.7457423   0.7857515   0.61827105 -0.09881304 -0.66149914 -0.86546636
  -0.81756663 -0.50896025 -0.07598566 -0.3333181  -0.43908948 -1.0018789
   0.665833   -0.2703085  -0.5771472   1.0086699  -0.2592617   0.46222025
  -0.27440643  0.6197636   2.584838   -0.5014726  -0.7608768  -0.5880651
   0.18380408 -0.60138714 -0.4572166   0.05836462 -0.259255   -0.62603325
  -0.24063337 -0.26306453 -0.01674293 -0.02566241 -0.09663863 -0.39912
  -0.05303548  0.46390706 -0.8545944  -0.6708763  -0.5350825  -0.11710577
  -0.40866756  1.3237003   1.5127758   0.5601416  -0.3897128  -0.44390282
  -0.16401485 -0.07895567  1.3620005   1.638664    0.09060984 -0.00912132
   0.02407342 -0.38293204 -0.93800825  0.19758321 -0.18937357  0.27398646
  -0.20835468 -0.2833327   0.01955445 -0.33694988 -0.49313682 -0.6085544
  -0.83985466 -0.42171162 -0.3890078  -0.6535227   0.39695758 -0.55115926
  -0.43256903  1.3930539   1.1606412  -0.44345626 -0.44139817 -0.533604
   0.15195236 -0.08219071  0.2244122  -0.32060757 -0.4965418  -0.66929436
  -0.41449666 -0.76765543 -0.49622437  0.6496918  -0.15072772  0.30565858
  -0.53658295  0.35280097 -0.36655393  0.9779155   0.42766154 -0.38945735
   0.1061385   0.82153493 -0.05892227 -0.49911386]]