[[ 0.48862857  1.0035121   0.00586761 -0.22902519 -0.5861926  -0.9786475
  -0.8857811  -0.66821206 -0.1534859  -0.1342852  -0.49793348 -0.93354636
   0.60119253 -0.26786834 -0.4856488   0.5703468  -0.5138008   0.3513223
  -0.36858582  0.8697126   2.0517862  -0.6044585  -0.6683254  -0.685512
  -0.02046428 -0.5172846  -0.49655274  0.07743    -0.43371475 -0.6757082
  -0.36810076 -0.3943154  -0.05670662 -0.49240524 -0.24969316 -0.49181888
   0.11684438  0.36171606 -0.7934032  -0.70845485 -0.5966287  -0.154016
  -0.39455724  0.08225053  1.8158605   0.15575458 -0.2606022  -0.3693343
  -0.04954307  0.18172458  0.90543854  2.0983527  -0.080365   -0.37633303
   0.14112157 -0.33740056 -0.84943753  0.04712301 -0.15135348 -0.07014529
  -0.14588484 -0.2661607   0.13279758 -0.2461485  -0.5113322  -0.59609634
  -0.73645335 -0.5238356  -0.3140108  -0.73440665  0.352072   -0.61187255
  -0.41183302  1.4444175   1.084081   -0.16184531 -0.25855508 -0.41819814
   0.04089119 -0.10061708  0.5415704  -0.09188336 -0.3410815  -0.5405946
  -0.2824724  -0.7755483  -0.4355579   0.7888698   0.27214503  0.40988392
  -0.52561015  0.10206169 -0.24222317  1.008388    0.05888727 -0.39568022
   0.16982317  0.7023448  -0.04697772 -0.48363551]]