[[ 0.8584948   0.8301884   0.54812413 -0.23480581 -0.5657463  -0.86389136
  -0.9275405  -0.4410743  -0.16824582 -0.15177852 -0.53697205 -0.96011245
   0.21539953 -0.19332305 -0.731347    0.76714325 -0.25144944  0.9135532
  -0.407043    1.4433105   1.6883235  -0.5095122  -0.62343705 -0.6972366
   0.18401705 -0.602446   -0.39478683  0.06906788 -0.42416346 -0.54445755
  -0.08602634 -0.62046576  0.09057798 -0.00343335 -0.44615194 -0.45914885
   0.33931863 -0.02701187 -0.8218503  -0.65769696 -0.4830134  -0.31977808
  -0.3456047   1.3010056   1.9068289   1.3791538  -0.5130281  -0.0594323
  -0.4488676   0.18888779  1.7766051   3.0055828   0.06989737 -0.276663
  -0.4901384  -0.57522005 -0.77892756 -0.00677803 -0.45876133  0.37096077
   0.15491828 -0.35269442  0.15542573 -0.47127914 -0.46030635 -0.5535848
  -0.90408665 -0.6004072  -0.48912558 -0.6338258   0.44743896 -0.603199
  -0.4363318   1.908699    1.0560594  -0.39490783  0.05842744 -0.33822426
  -0.285719    0.15649821  0.6224718  -0.3599959  -0.44155905 -0.7418006
  -0.58176774 -0.7244605  -0.49351192  1.1263785  -0.22842929  0.88938755
  -0.50600994  0.6562136   0.01111919  1.5376734   0.20979919 -0.40313515
  -0.04701915  1.0653152   0.45755368 -0.5447899 ]]