[[ 0.9837194   0.56985825  0.35194373 -0.2197129  -0.6092113  -0.73834795
  -0.79169077 -0.31800562 -0.12244189 -0.23807487 -0.49526858 -0.86830235
   0.23581357 -0.22910957 -0.45961964  0.4757291  -0.30327076  0.7593028
  -0.21076286  1.0999179   1.3013588  -0.49496505 -0.4373539  -0.54807824
   0.22602493 -0.27890205 -0.36235693 -0.20727699 -0.31106836 -0.6161488
  -0.0324708  -0.6181726   0.09636663 -0.13769488 -0.44162825 -0.27473634
   0.23847248  0.23510809 -0.76202327 -0.56021214 -0.46529537 -0.32334554
  -0.43312424  0.85384643  1.7409643   0.6748851  -0.31844625 -0.43747482
  -0.17271693  0.2689254   0.97452813  2.2848842   0.09452372 -0.32424414
  -0.5940336  -0.6566513  -0.7146679  -0.08860683 -0.37753338  0.07506241
  -0.15013991 -0.30989593  0.23752472 -0.40104204 -0.42221045 -0.46517834
  -0.7337761  -0.45398363 -0.42809385 -0.6681499   0.11241573 -0.5443266
  -0.3620127   1.7407619   0.87299013 -0.41330618 -0.0732318  -0.3504225
  -0.26325145 -0.15733209  0.8577774  -0.2464521  -0.38910374 -0.58929294
  -0.46910447 -0.7349925  -0.42787135  1.1210798   0.21864112  0.9837627
  -0.37111992  0.37804344  0.00578186  0.92941713 -0.16832054 -0.359017
  -0.10880297  0.9923589   0.20852092 -0.34495297]]