[[ 1.3349277   1.6792289   0.19682771  0.05728516 -0.6219561  -0.8251076
  -1.1075481  -0.46746507 -0.1518761  -0.15287247 -0.5770916  -0.9250947
   0.15766886 -0.19798964 -0.6007636   0.08206655 -0.53502816  0.28394875
  -0.17051914  1.7674376   1.2692236  -0.49475828 -0.4088933  -0.67930084
   0.15891168 -0.43000004 -0.44688722 -0.6406566  -0.32904062 -0.7776444
  -0.25749084 -0.6047201   0.3123179  -0.29954642 -0.10369232 -0.3317547
   0.1543939   0.22058229 -0.9074905  -0.54204464 -0.5344507  -0.4310359
  -0.45303458  0.6712977   2.8103983   0.46560514 -0.33909184 -0.5083858
  -0.07103541  0.11788298  0.8867184   3.6863964   0.32859212 -0.30243263
  -0.64268696 -0.71060896 -0.88248634  0.14792472 -0.36346182  0.3726458
  -0.29141337 -0.2176555   0.42782944 -0.17163436 -0.47255784 -0.6729091
  -0.8793823  -0.36951998 -0.37352195 -0.82723784 -0.35358667 -0.5387585
  -0.31432697  2.660898    1.2493325  -0.60550886  0.1520719  -0.46354765
   0.29554027 -0.1026478   0.9894521  -0.29138637 -0.393045   -0.5762759
  -0.14360422 -0.8174038  -0.40238997  1.6715037   0.553609    1.3899223
  -0.3843873   0.5752843  -0.2090876   0.17460884  0.02371126 -0.3716183
   0.20805952  1.5359348  -0.16837695 -0.35039088]]