[[ 1.4270512   0.9885214   0.05026033 -0.21351427 -0.5846417  -0.8123658
  -0.91144097 -0.2994456  -0.10319733 -0.21882412 -0.5075077  -0.97579205
  -0.08794479 -0.25922206 -0.5522799   0.09995157 -0.52293766  0.30078077
  -0.22123371  1.3507326   1.4291916  -0.47171193 -0.55661    -0.65417093
   0.23237807 -0.3825106  -0.41083586 -0.22152954 -0.33018044 -0.7760357
  -0.28581917 -0.58736485  0.42007703 -0.39195096 -0.46094054 -0.38637155
   0.1828916   0.47508875 -0.79966736 -0.56254363 -0.55653393  0.05903064
  -0.45221022  0.6283525   2.3596723   0.5714311  -0.26672873 -0.0761176
   0.426856   -0.03035959  1.1906134   2.7891977   0.00821052  0.070849
  -0.66311586 -0.75391144 -0.7682678   0.12325063 -0.32705218  0.3992581
  -0.21995889 -0.25484365  0.26964092 -0.34260073 -0.44611007 -0.67235357
  -0.9361714  -0.4302189  -0.3913064  -0.63708925  0.35867962 -0.618561
  -0.37665427  2.0153112   0.9018758  -0.1516135  -0.13851942 -0.39968193
  -0.20175329 -0.1300059   0.562079   -0.2648048  -0.45946145 -0.59785473
  -0.31695148 -0.83006203 -0.3625042   1.2063599   0.65891784  1.0929946
  -0.47544044  0.36472097 -0.04245654  0.7122097  -0.20866075 -0.30459258
  -0.02410247  1.2107382   0.0457118  -0.21060307]]