[[ 1.0963097   1.4297907   0.09029449 -0.09331287 -0.6051884  -0.8286035
  -1.0446177  -0.46162722 -0.15783894  0.12286519 -0.5462403  -0.9027167
   0.09699894 -0.22448233 -0.6815069   0.03228876 -0.16477966  1.42582
  -0.27345103  1.1444088   1.2011052  -0.5532505  -0.5114117  -0.5621622
   0.38909903 -0.433168   -0.26668775 -0.43480152 -0.41511488 -0.6944498
  -0.0345863  -0.43328375  0.00615809 -0.40925354 -0.11192811 -0.30542266
   0.73019814  0.4632798  -0.8026099  -0.5932827  -0.44856194 -0.3535378
  -0.48412156  1.0132809   1.3417935   1.1224     -0.16947415 -0.31599948
  -0.09554791  0.16066037  1.5560282   2.4435503   0.00716113 -0.3083047
  -0.7721228  -0.73676866 -0.6940069   0.09546096 -0.40602207  0.1172622
  -0.23911351 -0.2820951   0.09781661 -0.3655203  -0.4128519  -0.64699274
  -0.8483973  -0.5410227  -0.46186742 -0.7505107  -0.36988744 -0.5771632
  -0.40928113  1.6586511   0.76984817 -0.4609296  -0.13920699 -0.39408678
   0.05835886 -0.21430111  0.26153153 -0.37564182 -0.34968367 -0.67042
  -0.25016657 -0.77431375 -0.46372983  0.8535879   0.7222398   0.8449493
  -0.46885425  0.34433398 -0.25331718  0.53923136 -0.14602229 -0.32948014
   0.1086479   0.9949038  -0.01871969 -0.23209476]]