[[ 5.8664042e-01  8.1357229e-01  4.0500161e-01 -2.5831842e-01
  -6.7561024e-01 -9.1239476e-01 -7.9038346e-01 -3.7618434e-01
  -1.8110760e-01 -3.0697480e-01 -4.6042606e-01 -1.0757593e+00
   3.9654332e-01 -2.8118089e-01 -6.2430233e-01  7.0466423e-01
  -5.1574248e-01  4.7651872e-01 -2.3924181e-01  7.4878395e-01
   2.8357379e+00 -4.4683516e-01 -7.9372877e-01 -6.2022477e-01
  -6.7920439e-02 -5.5374730e-01 -3.8821831e-01  1.3435461e-01
  -2.4023418e-01 -6.7957801e-01 -4.0436995e-01 -2.8924879e-01
   1.6911910e-01  2.2978164e-02 -2.5422081e-01 -3.7044263e-01
   1.7620344e-01  4.2328775e-01 -7.8461844e-01 -5.9663153e-01
  -5.8048183e-01 -6.4951025e-02 -3.9839411e-01  1.5037699e+00
   1.4493229e+00  4.0006867e-01 -4.4888335e-01 -5.4210134e-02
   2.2605738e-01 -3.7780866e-02  1.3958842e+00  1.7824008e+00
  -8.8901810e-02  1.6191930e-01 -7.1543455e-01 -8.5312712e-01
  -9.5100689e-01  7.1190462e-02 -3.5249120e-01  2.3409626e-01
  -1.9876453e-01 -3.7258881e-01 -6.0698614e-02 -5.1988637e-01
  -5.1731235e-01 -6.5029323e-01 -9.3661737e-01 -5.3415203e-01
  -4.1704425e-01 -5.7150590e-01  9.4010234e-01 -6.4136302e-01
  -4.9231917e-01  1.2438934e+00  1.0765789e+00  2.3335025e-02
  -4.1187257e-01 -4.5542932e-01 -3.5483614e-02 -7.0321500e-02
   2.4738371e-01 -4.3414465e-01 -5.1257306e-01 -6.3411933e-01
  -5.4234827e-01 -7.8326893e-01 -4.3734077e-01  6.7368710e-01
   1.0860251e-01  2.7930972e-01 -5.8782732e-01  4.4535372e-01
  -1.5311199e-03  9.6407789e-01  2.2639740e-01 -3.9052200e-01
   1.5521786e-01  7.0705497e-01 -7.7443752e-03 -3.6438477e-01]]