[[ 0.52758056  1.0667766  -0.2802787  -0.34577537 -0.46069553 -0.6678183
  -0.67563    -0.28729135 -0.0045006  -0.174175   -0.42461425 -0.8220365
   0.06315182 -0.23446627 -0.32685736 -0.19640893 -0.40145206  0.47611552
  -0.09795192  1.1962199   0.7648858  -0.5089057  -0.3589548  -0.49651676
   0.07826504  0.00227007 -0.3811976  -0.4107623  -0.23243615 -0.6949215
  -0.21423082 -0.5374954   0.16891126 -0.39569417 -0.42736003 -0.1853625
   0.2766972   0.6220287  -0.68425333 -0.5092088  -0.4091311  -0.25426143
  -0.43829158 -0.18526919  1.654078    0.05823836 -0.31920627 -0.25359473
   0.58233184  0.43308252  0.58844995  2.2265036  -0.08339116 -0.47637254
  -0.5387486  -0.5342498  -0.53722465 -0.19030567 -0.3451516  -0.22459292
  -0.1267732  -0.24943545  0.03781432 -0.5071319  -0.35173804 -0.48353708
  -0.6941774  -0.46596792 -0.35241374 -0.5670887  -0.34263572 -0.4807997
  -0.34576786  1.5605564   0.48873734 -0.3907544   0.07222994 -0.43028745
  -0.15073568 -0.26070997  0.8736502  -0.1121766  -0.3397011  -0.44292936
  -0.1537127  -0.67218953 -0.34885305  1.0647321   0.82567066  0.6668152
  -0.25202838  0.18924598  0.02453583  0.0160502  -0.31875604 -0.2990012
  -0.08981812  0.7285486  -0.19883713 -0.15268014]]