[[ 0.6918795   1.1190375   0.02424181 -0.15138225 -0.49149707 -0.6997766
  -0.7258496  -0.3105295  -0.02803844 -0.18979053 -0.4535695  -0.82459617
   0.21507756 -0.23753282 -0.40013435 -0.18349797 -0.4454297   0.31183547
  -0.15936576  1.308278    0.9131282  -0.50205886 -0.41869915 -0.5500377
   0.04034045 -0.13363263 -0.39896685 -0.43926045 -0.29379243 -0.7089894
  -0.26058316 -0.54922384  0.1828053  -0.35933468 -0.4476433  -0.24641107
   0.14793728  0.56895155 -0.77046996 -0.50000983 -0.4139175  -0.24008624
  -0.43153444 -0.06230802  2.059529    0.1196196  -0.36764717 -0.3117122
   0.5008878   0.28230238  0.76184046  2.5171328   0.20933779 -0.271967
  -0.5502029  -0.56487185 -0.63163227  0.05210995 -0.3567855   0.1293376
  -0.15057313 -0.24623886  0.09342778 -0.27830815 -0.3637915  -0.51921433
  -0.7506114  -0.34677717 -0.3474446  -0.58911085 -0.34800735 -0.50825036
  -0.34828004  1.8105285   0.6349499  -0.47871423  0.01425723 -0.44633937
  -0.16834469 -0.25134546  0.8489787  -0.18315282 -0.38669422 -0.47760224
  -0.16163152 -0.68067867 -0.35751382  1.1825676   0.76505566  0.67918015
  -0.30484962  0.24888101 -0.05163998  0.01645632 -0.19055346 -0.31893438
  -0.08871491  0.9451465  -0.21594916 -0.24177837]]