[[ 0.94083786  0.7861101   0.2641723   0.20047724 -0.6428711  -0.9206209
  -0.87554526 -0.45080733 -0.22293824 -0.26135918 -0.5362714  -0.92942464
   0.37667134 -0.31282678 -0.6597491   0.37566024 -0.45339134  0.87516856
  -0.29411963  0.7731518   2.4898908  -0.48694503 -0.7103095  -0.653223
  -0.01026079 -0.57137984 -0.3011393  -0.21697818 -0.33945572 -0.70090747
  -0.35557497 -0.38194486  0.20872642 -0.22550014 -0.04029704 -0.3377397
   0.6432595   0.25211212 -0.86603874 -0.48730996 -0.5900735  -0.04634642
  -0.45448154  1.4470688   1.1661786   1.005192   -0.40505564 -0.04039
   0.07098058 -0.00588124  2.1451118   1.5149889   0.03812364  0.1619649
  -0.7554478  -0.82123506 -0.8512969   0.5227062  -0.34764233  0.23913944
  -0.2214154  -0.07166643 -0.10069305 -0.46172386 -0.49446598 -0.59016955
  -0.94504476 -0.5424061  -0.4325296  -0.6170523   0.59899116 -0.5978244
  -0.5372829   1.0594648   0.9197772  -0.28507945 -0.5070911  -0.46922794
   0.10543264 -0.05647496  0.21111462 -0.40500674 -0.43793583 -0.6029142
  -0.43359765 -0.8150238  -0.4925511   0.42384806  0.22761934  0.58187497
  -0.5574036   0.2938161  -0.20740074  1.0824242   0.1507234  -0.37369108
   0.30797493  0.71124065 -0.08982836 -0.45588675]]