[[ 0.4360577   2.610663   -0.32156494 -0.00888462 -0.7260749  -1.012359
  -1.3094014  -0.70303047 -0.2022786  -0.17849097 -0.72458833 -0.9103993
  -0.19437698 -0.1823843  -0.8018791   0.00326433 -0.4880571   0.1958985
  -0.42599198  1.1538601   2.9209507  -0.582607   -0.7660735  -0.72078246
  -0.06098277 -0.89152104 -0.52425873  0.08572405 -0.5698095  -0.71082276
  -0.42081088 -0.49574283  0.02334976 -0.42239958  0.9459505  -0.5194867
   0.23867628 -0.09081572 -0.69823307 -0.63716054 -0.5751952  -0.45008776
  -0.37834188  0.28841367  1.7483975   0.4492498  -0.46016696 -0.24201949
  -0.5101131  -0.2294671   1.2210879   2.782087   -0.47697663 -0.5550866
  -0.22211637 -0.45301136 -1.0778356  -0.33665818 -0.2858473  -0.41028947
  -0.11104299 -0.21998172  0.1241008  -0.5505736  -0.63059676 -0.8999038
  -0.9214319  -0.6180048  -0.3636013  -0.8496502   0.2226244  -0.4130271
  -0.40228012  2.3599193   1.9205939  -0.24918029 -0.22203808 -0.41528612
   1.4164579   0.07169785  0.35206679 -0.45733878 -0.25617567 -0.5804927
  -0.16342998 -0.7955709  -0.50360703  1.0612592  -0.00732744  0.41073376
  -0.5125527   0.53614134 -0.18712007  0.7095184   0.80763763 -0.3804971
   1.0244066   0.72842896  0.06070191 -0.50582397]]