[[ 0.7866819   0.89158595  0.55788714 -0.11384963 -0.62873167 -0.8787591
  -0.8580816  -0.41552716  0.01149555 -0.28217047 -0.47427484 -1.0037978
   0.54448277 -0.24989408 -0.52193743  0.6757951  -0.51808333  0.48923835
  -0.29389915  0.8950651   2.3644063  -0.49713725 -0.7353418  -0.6378885
   0.14066188 -0.49417007 -0.3952576  -0.05728363 -0.3028064  -0.7416662
  -0.36297917 -0.33440167  0.1316941  -0.16695149 -0.3427782  -0.40217614
   0.13008821  0.5841335  -0.9245971  -0.634758   -0.5351891   0.166957
  -0.42868483  0.9966226   2.0647752   0.29500273 -0.13848598 -0.21240701
   0.15663627  0.03630476  1.1957725   2.0161352   0.2421561   0.18927428
   0.02217811 -0.42325562 -0.7971062   0.31513628 -0.15013589  0.49746588
  -0.21716897 -0.25612462  0.0232959  -0.22786082 -0.47453806 -0.6576921
  -0.9150531  -0.3887277  -0.353082   -0.62385887  0.46435365 -0.6278443
  -0.43562338  1.5005174   1.0330838  -0.45354813 -0.43263313 -0.5216628
  -0.12335161 -0.14862272  0.34560466 -0.2737576  -0.5242891  -0.6536264
  -0.5034371  -0.81092405 -0.42874882  0.8366865   0.39614293  0.51172614
  -0.568705    0.35111102 -0.29501516  0.7014219   0.39852154 -0.37358552
   0.10914496  0.95689327 -0.26990646 -0.3351238 ]]