[[ 0.7075776   0.56101996  0.22692291 -0.06542844 -0.4775167  -0.7026268
  -0.71613276 -0.25599158 -0.26428726 -0.346871   -0.3449592  -0.920564
   0.718144   -0.34201375 -0.64140594 -0.17638119 -0.15205209  0.6077896
  -0.0719824   0.9060937   1.0435001  -0.520643   -0.55696696 -0.5991895
   0.20691761 -0.50763756  0.31257057 -0.26897082 -0.22495298 -0.64979434
   0.07381152  0.58746016  0.23924889 -0.42318755 -0.5085776  -0.09629626
  -0.03104501  0.5252928  -0.8767555  -0.5223085  -0.44789428 -0.16701314
  -0.43944532  1.3579571   1.9767144   0.38866767 -0.4242707   0.13341096
   0.09977631 -0.05704561  1.744394    2.2717166   0.27724165  0.2709702
  -0.6872843  -0.6096104  -0.63577837  1.0549443  -0.43451416  0.4859364
  -0.16810387 -0.37286317 -0.01365798 -0.22642688 -0.3559049  -0.20947136
  -0.8248138  -0.4146526  -0.42042318 -0.43516168 -0.16748714 -0.66018003
  -0.44295     1.575876    0.43403655 -0.3212722  -0.24711722 -0.34726727
  -0.34270054 -0.22236067  0.51515377 -0.48217714 -0.41341624 -0.5499295
  -0.47145957 -0.7019409  -0.41501284  0.77557975  0.11691616  0.46699795
  -0.40552002  0.1366362  -0.26828507  0.60830706 -0.19260731 -0.38570705
  -0.13262314  1.0769392  -0.157563   -0.30851567]]