[[ 0.7630027   0.5311686   0.54004127  0.06534538 -0.6415173  -0.8613284
  -0.709964   -0.39385062 -0.05085458 -0.41141412 -0.38622382 -0.9410542
   0.5239154  -0.34673184 -0.6279877   0.8350227  -0.3999483   0.5005663
  -0.28331023  0.45557287  2.5595908  -0.53100127 -0.76261103 -0.5567539
   0.10575946 -0.5578672  -0.05204891 -0.00450561 -0.27767512 -0.6719778
  -0.24686481 -0.00482205  0.1311552  -0.07923134 -0.2413169  -0.25880373
   0.05752013  0.52933955 -0.91021746 -0.49466467 -0.5369528  -0.12380283
  -0.47681254  1.9129285   1.1812187   0.46676394 -0.3493989  -0.11928421
   0.09431564 -0.0825086   1.589396    1.228961    0.00604243 -0.10751047
  -0.2915599  -0.49974382 -0.8443561   0.8667388  -0.18333942  0.19818991
  -0.15398037 -0.10501201 -0.17207319 -0.44666883 -0.47474164 -0.5287622
  -0.9176077  -0.50499856 -0.41980636 -0.5697468   0.33274728 -0.6181048
  -0.48359135  1.0130724   0.8022827  -0.26807582 -0.5713685  -0.5311031
  -0.09069446 -0.05098593  0.11407876 -0.361082   -0.5011018  -0.6157532
  -0.4686791  -0.8092313  -0.48974612  0.3850481   0.20780256  0.53103447
  -0.57009345  0.21820612 -0.37708676  0.94248956  0.16025496 -0.39356598
  -0.03554653  0.69027525 -0.2862324  -0.38963202]]