[[ 8.66635680e-01  8.08076799e-01  7.40032434e-01 -2.59038299e-01
  -6.95200861e-01 -8.57036114e-01 -8.27154458e-01 -4.28760976e-01
  -1.80330962e-01 -2.95112908e-01 -4.87668365e-01 -1.08815789e+00
   3.06123465e-01 -2.87524432e-01 -7.18635023e-01  1.03806269e+00
  -1.21630497e-01  7.45361507e-01 -4.07722235e-01  4.58873063e-01
   2.81670737e+00 -4.91752625e-01 -9.13029373e-01 -5.30682147e-01
   3.91714782e-01 -7.40914464e-01 -2.44960561e-01  1.04452334e-01
  -3.81039888e-01 -6.14313364e-01  1.43010020e-01 -7.27215931e-02
  -4.76449467e-02  1.21842936e-01 -2.83574849e-01 -4.47031021e-01
  -1.27840355e-01  5.21963060e-01 -8.65215123e-01 -6.90876126e-01
  -4.96741295e-01 -2.04827204e-01 -3.87624711e-01  2.01898599e+00
   1.06442761e+00  1.04446292e+00 -4.91209418e-01 -7.83745423e-02
  -1.64119512e-01 -1.72140241e-01  1.85955644e+00  1.36487091e+00
  -1.62126571e-01 -1.26471207e-01 -5.08773744e-01 -7.07355917e-01
  -9.61195529e-01  1.11128584e-01 -3.70094180e-01  1.78521097e-01
  -1.08996443e-01 -4.41433430e-01  2.26690117e-02 -5.34444690e-01
  -4.89278167e-01 -5.94188750e-01 -8.39950740e-01 -5.10127544e-01
  -4.50070590e-01 -5.75210810e-01  5.72540879e-01 -6.95784509e-01
  -4.81511831e-01  1.09596407e+00  9.00096536e-01 -4.16859984e-01
  -5.53620458e-01 -3.99125636e-01 -2.41458327e-01  2.24431744e-04
  -2.86238361e-02 -4.04448479e-01 -5.14313400e-01 -7.76181757e-01
  -7.09559083e-01 -8.30110312e-01 -5.03531933e-01  5.10134220e-01
  -1.96344346e-01  2.17085406e-01 -6.53142035e-01  4.15789962e-01
  -3.01298380e-01  1.47768986e+00  4.14317787e-01 -3.91534358e-01
  -6.50736541e-02  6.37543619e-01  1.84071869e-01 -5.37474036e-01]]