[[ 0.8864323   1.0651393   0.25317192 -0.07463486 -0.6372535  -0.8101691
  -0.83774424 -0.50796765 -0.2243207  -0.24218708 -0.41965777 -0.9691348
   0.6829764  -0.25739092 -0.58002096  0.32118154 -0.16151081  0.7270476
  -0.14444157  0.87176925  2.0781474  -0.5100761  -0.63080674 -0.6104106
   0.17584853 -0.45149457 -0.3906547  -0.08795298 -0.18465021 -0.62326986
  -0.11472151 -0.19927406  0.081614   -0.17703009  0.01244213 -0.2774252
   0.20137797  0.49342367 -0.7619012  -0.6136874  -0.52141905 -0.38448426
  -0.4088652   0.9365303   1.501078    0.7494097  -0.4743729  -0.3288364
  -0.05210739  0.12259457  1.601232    2.0230455   0.14851731 -0.06707718
  -0.6444969  -0.7221294  -0.8821753   0.15664002 -0.38419724  0.18140207
  -0.2653843  -0.37870297  0.05984524 -0.4184754  -0.4520791  -0.5789885
  -0.8136145  -0.40291718 -0.39917275 -0.6740461   0.1735788  -0.51079774
  -0.41870055  1.639295    1.0229796  -0.22873375 -0.28082776 -0.4494282
   0.28656268 -0.15649189  0.4508627  -0.3164852  -0.4216705  -0.6184439
  -0.22340342 -0.7291651  -0.4607874   0.88814306  0.05696064  0.4500072
  -0.4344808   0.3410592  -0.09381116  0.91694915  0.05536406 -0.3413825
   0.15677463  0.8542198   0.18184324 -0.40737772]]