[[ 1.3142686   1.4505374   0.18172051 -0.07910078 -0.5540883  -0.7630009
  -1.0742183  -0.37013504 -0.19421892 -0.13938405 -0.57044667 -0.9643571
   0.11140843 -0.23745091 -0.65481997 -0.07289906 -0.27986676  0.84213316
  -0.22696246  1.1511564   1.1869496  -0.541368   -0.56210494 -0.6082551
   0.7928383  -0.58959514 -0.11469568 -0.41539678 -0.35600623 -0.7946408
   0.2749359   0.18689965  0.17856325 -0.4354595  -0.4257009  -0.37345737
   0.06630642  0.35171902 -0.9427981  -0.57168096 -0.47603753 -0.12749825
  -0.41620657  1.1856285   2.2450972   0.6405901  -0.280921    0.35492805
  -0.11382461  0.02561287  1.3110017   2.5921893   0.12065113  0.03462935
  -0.71614015 -0.71458787 -0.6905188   0.41532165 -0.40044165  0.4078656
  -0.11811654 -0.32240623  0.14627124 -0.23657916 -0.399387   -0.61427444
  -0.855459   -0.41603932 -0.4162931  -0.6415967  -0.15905647 -0.6738934
  -0.41998416  2.065137    0.7158503  -0.58782065 -0.06864688 -0.3854813
  -0.28012508 -0.0228995   0.5848772  -0.36309984 -0.4112063  -0.6405769
  -0.4431287  -0.8412551  -0.39343414  1.225667    0.32699084  0.86195695
  -0.49406236  0.47228846 -0.22441073  0.4893456   0.20086424 -0.3633162
  -0.02953292  1.221249   -0.2537005  -0.29442117]]