[[ 1.0949736   0.8026593   0.40523905 -0.09749056 -0.587733   -0.777159
  -0.77901834 -0.47747958 -0.19346194 -0.269099   -0.40965623 -0.9079891
   0.69422823 -0.2622496  -0.5203004   0.29007885 -0.00632663  0.53749967
  -0.20062907  0.81524146  1.675438   -0.51230377 -0.6500902  -0.5982362
   0.3258592  -0.50852823 -0.4163129   0.02430974 -0.2762717  -0.59077007
  -0.05260444 -0.22898363  0.07125422 -0.21495178 -0.20496885 -0.36085343
   0.00397426  0.4837079  -0.777431   -0.603402   -0.47588235 -0.19340932
  -0.36942923  0.7039233   1.8439811   0.9384056  -0.44781235 -0.39434302
  -0.16734199 -0.04189723  1.6641845   2.0325222   0.22723502  0.04988024
  -0.30970442 -0.55274737 -0.81370944  0.266921   -0.26865327  0.32830128
  -0.22338824 -0.38185215  0.11930376 -0.21286707 -0.4083495  -0.47663993
  -0.76491994 -0.32170412 -0.37487978 -0.6173461   0.09801409 -0.5649449
  -0.4036462   1.8038479   0.9906703  -0.33713457 -0.3136487  -0.40887037
  -0.04381562 -0.22543833  0.44563216 -0.30934194 -0.40854934 -0.6301528
  -0.38730907 -0.6791399  -0.459986    0.89426124 -0.14757866  0.3723479
  -0.42813817  0.2830452  -0.2086983   1.1295137   0.13017003 -0.3374659
   0.05192055  0.98097235  0.20663176 -0.47241738]]