[[ 0.90413475  0.46311364  1.0313207  -0.11729164 -0.74405056 -0.88820916
  -0.7270138  -0.33581072 -0.11832742 -0.33161873 -0.556926   -0.9688983
   0.39466846 -0.20778815 -0.49963772  1.3909543  -0.5757315   0.40462518
  -0.30982494  1.3009219   1.9376185  -0.440252   -0.5589676  -0.59693885
   0.01157641 -0.37630233 -0.37917185 -0.04773523 -0.37649348 -0.6192331
  -0.3910763  -0.7647584   0.17277579  0.40347388 -0.5776947  -0.28133285
   0.20586464 -0.17452239 -0.8985465  -0.5028638  -0.5315301  -0.36476237
  -0.39327106  2.2025547   2.0854132   0.4550467  -0.43421432 -0.56106836
  -0.3162523   0.19936317  0.5484147   2.7979798   0.39808473 -0.25205645
  -0.64943606 -0.8019375  -1.0391072  -0.02584452 -0.34311914  0.4007586
  -0.24577585 -0.30701986  0.25101018 -0.27626464 -0.49177647 -0.5292534
  -0.8344278  -0.4319365  -0.43358028 -0.67233306  0.6575874  -0.5967804
  -0.40289646  1.8860726   1.4774755  -0.3392125  -0.13054806 -0.5114521
  -0.2600688   0.03545443  1.0468836  -0.3213179  -0.51210207 -0.62637335
  -0.6123902  -0.7510793  -0.42870858  1.2329067  -0.18283722  1.0265889
  -0.467364    0.739679    0.06695683  0.73186153  0.17294112 -0.45654425
  -0.11712863  1.3953558  -0.06740645 -0.5106958 ]]