[[ 8.0863470e-01  7.6657671e-01  7.2305453e-01 -7.9159088e-02
  -7.2423202e-01 -8.7538922e-01 -8.1091344e-01 -3.6058089e-01
  -8.0727488e-02 -3.3464804e-01 -5.5567503e-01 -1.0149753e+00
   1.5815330e-01 -2.2341911e-01 -5.8696586e-01  1.1700838e+00
  -6.0884738e-01  4.0469798e-01 -2.6892984e-01  1.2523912e+00
   2.1275287e+00 -4.5338750e-01 -5.7857257e-01 -5.7811058e-01
  -2.6465062e-02 -3.5581174e-01 -4.0816972e-01 -3.2265800e-01
  -3.5279778e-01 -6.7836678e-01 -4.0663159e-01 -7.2980303e-01
   1.4731674e-01  2.4579114e-01 -3.7176010e-01 -3.0937433e-01
   1.1206137e-01  2.0796748e-01 -9.3302172e-01 -5.5842006e-01
  -5.5766594e-01 -3.7047398e-01 -4.7315761e-01  1.8293195e+00
   1.9438788e+00  3.7195781e-01 -3.5914341e-01 -5.3576291e-01
  -7.1633700e-04  1.4354175e-01  7.1708661e-01  2.6353540e+00
   1.6486314e-01 -3.5417536e-01 -6.7857063e-01 -8.1271720e-01
  -9.5296603e-01 -9.8050185e-02 -3.7054858e-01  2.4739310e-01
  -2.2946383e-01 -2.8896245e-01  1.5208259e-01 -4.3014529e-01
  -5.1869410e-01 -5.9362894e-01 -8.5415006e-01 -4.7885314e-01
  -4.2888668e-01 -7.2926724e-01  3.7511003e-01 -5.6375557e-01
  -4.1149232e-01  1.6935366e+00  1.1672524e+00 -4.8789331e-01
  -1.0701810e-01 -5.7641447e-01  3.5815392e-02  1.7120570e-02
   8.9142126e-01 -3.0807507e-01 -5.0566256e-01 -6.1472338e-01
  -3.2066426e-01 -8.1597602e-01 -4.3209314e-01  1.0593821e+00
   3.2515705e-01  9.8163873e-01 -4.8837981e-01  5.8064634e-01
  -1.4269489e-01  4.4060507e-01  8.5201785e-02 -4.2392641e-01
  -1.0991228e-01  1.0983663e+00 -1.8296304e-01 -3.9788419e-01]]