[[ 0.61137027  1.0525197   1.1130266  -0.05972401 -0.80608857 -0.9939576
  -0.77883196 -0.407894   -0.10569766 -0.35797653 -0.62491554 -1.0658379
   0.13309692 -0.24010006 -0.712745    1.5020264  -0.6331474   0.03330126
  -0.5022086   1.0389479   3.1466966  -0.39754975 -0.8878843  -0.5676417
  -0.24689578 -0.6495496  -0.40803796 -0.07069913 -0.5101445  -0.65888995
  -0.58377993 -0.72578335  0.16739082  0.57430375 -0.22486894 -0.41625625
  -0.0230151   0.05688509 -0.9250267  -0.5387571  -0.5575549  -0.31227282
  -0.38748947  2.320125    1.689017    0.4632638  -0.5096396  -0.43137664
  -0.03396751 -0.18713562  0.82017744  2.3164983   0.08222222 -0.19338033
  -0.73489076 -0.9122527  -1.1718173  -0.05297473 -0.36531758  0.34280398
  -0.21412222 -0.35498288  0.07726225 -0.37649983 -0.56027436 -0.68660444
  -0.9333558  -0.4352975  -0.41440585 -0.62895834  0.86402464 -0.60542977
  -0.4717236   1.5690233   1.5797873  -0.41400737 -0.3924653  -0.58373535
   0.09689735  0.05384791  0.32867482 -0.43924844 -0.58488786 -0.69091684
  -0.6234986  -0.7941712  -0.459727    0.839452   -0.04007696  0.44143146
  -0.660014    0.79462093 -0.23710841  0.6638817   0.6027081  -0.45422935
   0.108514    1.0432229  -0.18782336 -0.5812558 ]]