[[ 0.42325628  0.45559335  0.59172684 -0.17041424 -0.488537   -0.71140397
  -0.6176687  -0.2332793  -0.1845682  -0.39602575 -0.31144953 -0.9594401
   0.7040506  -0.31249368 -0.5972163   0.5656673  -0.303797    0.48102355
  -0.10969442  0.65953946  1.7066967  -0.46654972 -0.588888   -0.49597636
   0.00724452 -0.4646422   0.04912081 -0.17546768 -0.16263448 -0.5975416
  -0.13316244  0.23035558  0.07970793  0.00559555 -0.5239949  -0.17626876
  -0.04160797  0.39428982 -0.8506497  -0.53857833 -0.4431358  -0.25757536
  -0.42952687  1.8104051   1.4170406   0.10418373 -0.5118973   0.10549407
   0.01248204  0.03683585  1.1067672   1.8254603   0.18371326  0.06063032
  -0.6568481  -0.646254   -0.6634261   0.62566507 -0.39149603  0.35350937
  -0.07749087 -0.38082704 -0.11212441 -0.34059522 -0.41064805 -0.3233518
  -0.7930918  -0.43979913 -0.44285682 -0.48985493  0.09809816 -0.609623
  -0.4505839   1.1898053   0.7003428  -0.36817968 -0.13014466 -0.4683099
  -0.35064086 -0.24145779  0.42768785 -0.4579852  -0.48712933 -0.56139714
  -0.5348897  -0.6816873  -0.44243947  0.7766928  -0.0102921   0.33154503
  -0.4363174   0.34838828 -0.25588208  0.44993502  0.11998041 -0.42933902
  -0.09883083  0.84070987 -0.3425411  -0.39360324]]