[[ 0.9819044   0.89214426  0.1384472   0.03658302 -0.57455343 -0.7508789
  -0.8929139  -0.45015058 -0.15891612 -0.18265207 -0.5025431  -0.8239389
   0.3053019  -0.23650089 -0.4305258   0.04874032 -0.50871277  0.55919105
  -0.16807763  1.3738508   0.9411531  -0.53751546 -0.31311882 -0.6414613
   0.1653859  -0.19822463 -0.39855027 -0.33298764 -0.30135345 -0.6988195
  -0.21238391 -0.630914    0.12730695 -0.39355934 -0.3011186  -0.22992839
   0.3816306   0.1435992  -0.7643158  -0.5524228  -0.51271564 -0.42247525
  -0.48281056  0.43481237  2.0393836   0.3532205  -0.32904676 -0.39662138
  -0.04170509  0.36078307  0.756121    2.6696134   0.4060329  -0.33426824
  -0.5834858  -0.6338218  -0.72741973  0.09894868 -0.35893053  0.25385424
  -0.29035008 -0.23001036  0.21411605 -0.26183686 -0.42371216 -0.5415322
  -0.77085036 -0.36154386 -0.39034292 -0.75928694 -0.17178549 -0.46232116
  -0.34491202  1.8144009   0.845712   -0.31918645  0.02093379 -0.44442776
   0.09320259 -0.11941683  0.9696458  -0.1865399  -0.35759613 -0.5181239
  -0.05226992 -0.7413803  -0.4051502   1.1651561   0.48641476  1.2042922
  -0.29678968  0.30025095  0.10799035  0.38861623 -0.27078232 -0.36055857
  -0.03652126  1.0946871   0.075016   -0.33457237]]