[[ 0.7502454   0.6503012   0.7412374  -0.28073803 -0.696284   -0.84450823
  -0.7353713  -0.3798306  -0.12439647 -0.3369028  -0.47966737 -1.0347104
   0.3101125  -0.27773333 -0.6573101   1.1145831  -0.16086088  0.5800506
  -0.38473824  0.5668146   2.6095147  -0.47737622 -0.86804986 -0.51938444
   0.22972892 -0.66068804 -0.32093728  0.17122342 -0.3739557  -0.56398207
  -0.05153817 -0.280012    0.00284468  0.19550258 -0.3175699  -0.43089613
  -0.08466665  0.4268278  -0.8125066  -0.6404995  -0.48523813 -0.18801339
  -0.37390053  1.8436177   1.1253892   0.9325488  -0.4777508  -0.24852055
  -0.14786948 -0.14494626  1.564629    1.5200701  -0.15149036 -0.14153409
  -0.47865605 -0.6780918  -0.9340949  -0.00388024 -0.33420673  0.12816049
  -0.11891565 -0.42517024  0.04105194 -0.5194949  -0.48107624 -0.53576493
  -0.81071496 -0.50510174 -0.44319662 -0.54549044  0.6307908  -0.64926136
  -0.47431627  1.1454144   0.9859084  -0.34791183 -0.48389584 -0.42769772
  -0.23105873 -0.03039921  0.10537133 -0.38519928 -0.49146798 -0.7295431
  -0.6801305  -0.76489735 -0.49114364  0.5327078  -0.25938115  0.18549807
  -0.6072299   0.46766487 -0.21503082  1.3686781   0.33662754 -0.39695093
  -0.0899115   0.6780374   0.17019206 -0.51171666]]