[[ 4.9715871e-01  9.0202761e-01  5.6954193e-01 -2.4414843e-01
  -6.4122498e-01 -9.1756016e-01 -8.9861566e-01 -4.0947080e-01
  -9.6952170e-04 -3.2391348e-01 -5.5662090e-01 -1.0986623e+00
   3.3433700e-01 -2.7211976e-01 -6.2925327e-01  1.0305132e+00
  -5.0050837e-01  7.0307124e-01 -4.0907130e-01  5.1435435e-01
   2.7137327e+00 -5.6486869e-01 -7.1617204e-01 -5.7954264e-01
   4.4790375e-01 -7.2719747e-01 -2.2894156e-01  1.8296836e-01
  -4.1236997e-01 -7.5754464e-01 -7.9525582e-02  1.2664250e-01
  -2.8382659e-02 -1.3558955e-01 -4.3885410e-01 -5.0750661e-01
   5.4498628e-02  5.2923304e-01 -9.7257066e-01 -7.0790869e-01
  -5.3654099e-01  1.2688394e-01 -4.1805741e-01  1.7833148e+00
   1.4438723e+00  3.3809799e-01 -1.9709381e-01  1.5168707e-01
  -9.5985293e-02 -1.0034436e-01  1.3253453e+00  1.4606159e+00
  -1.7176634e-01 -6.0433440e-02  2.0533088e-01 -3.0682924e-01
  -7.7147382e-01  2.4412218e-01 -1.7064397e-01  1.8884771e-01
   4.4097070e-02 -2.5847501e-01 -1.1631693e-01 -3.5349229e-01
  -5.1923388e-01 -6.0975373e-01 -8.6976027e-01 -6.0450053e-01
  -4.0182269e-01 -5.7044095e-01  5.1789099e-01 -7.4360019e-01
  -5.2079523e-01  1.0983018e+00  9.5600927e-01 -4.3212804e-01
  -3.8484940e-01 -4.7504288e-01 -3.1162095e-01  1.3222685e-01
   2.7584106e-01 -3.4888890e-01 -4.5483339e-01 -6.7583555e-01
  -7.1922040e-01 -8.8908708e-01 -4.9094796e-01  4.6114999e-01
   1.1085231e-01  1.6378988e-01 -6.8170470e-01  3.6884898e-01
  -3.6247677e-01  8.9441943e-01  7.2707105e-01 -4.4145411e-01
  -3.1239571e-02  6.2452263e-01 -3.0920196e-01 -4.2166966e-01]]