[[ 1.21162927e+00  1.07169569e+00  1.62566409e-01  1.31095937e-02
  -5.57263553e-01 -7.11866379e-01 -8.69851172e-01 -5.34675956e-01
  -3.08695585e-01 -2.27600574e-01 -4.17419314e-01 -8.29398870e-01
   8.04013193e-01 -2.48519897e-01 -5.67057133e-01 -1.49696112e-01
   1.65809318e-01  7.30032682e-01 -1.16180658e-01  7.96010196e-01
   1.23815095e+00 -5.30656517e-01 -5.18960118e-01 -6.05425715e-01
   4.02754098e-01 -5.36978304e-01 -3.84552300e-01 -1.29119962e-01
  -2.33042300e-01 -5.45544863e-01  9.33299810e-02 -1.44998670e-01
   3.02565284e-02 -3.96902353e-01  1.21281795e-01 -3.07280123e-01
   1.19441234e-01  2.41922021e-01 -6.98724985e-01 -5.75968981e-01
  -4.48148072e-01 -4.08293337e-01 -3.69097769e-01  4.00403410e-01
   1.64556956e+00  1.09988713e+00 -5.18878281e-01 -3.92972708e-01
  -4.74580616e-01 -5.56345098e-04  1.85061646e+00  2.12216806e+00
   2.79284000e-01  6.02707118e-02 -5.65348923e-01 -6.00496471e-01
  -7.56693542e-01  3.00987422e-01 -3.69161457e-01  2.57326782e-01
  -2.69150883e-01 -3.90833527e-01  1.37473732e-01 -1.96494371e-01
  -3.80580425e-01 -4.16264176e-01 -7.04760075e-01 -3.04882944e-01
  -3.99344087e-01 -6.61313355e-01 -2.47806758e-01 -4.72259700e-01
  -3.86941522e-01  2.01401401e+00  9.66399491e-01 -3.74217808e-01
  -1.89929858e-01 -3.45694155e-01  2.92234659e-01 -2.78298408e-01
   5.32571435e-01 -3.62001091e-01 -3.07810664e-01 -5.86009026e-01
  -2.51568526e-01 -6.29073083e-01 -4.81001258e-01  9.88767564e-01
  -3.81735563e-01  4.43066239e-01 -3.26299220e-01  2.57961541e-01
  -1.75229982e-01  1.04956710e+00  7.26320073e-02 -3.21820110e-01
   2.78818190e-01  9.92377460e-01  3.12182814e-01 -4.95450765e-01]]