[[ 1.2450303   1.5700089   0.23218    -0.03352784 -0.5529623  -0.74226314
  -1.0606524  -0.38067555 -0.1708445  -0.13121001 -0.5603628  -0.9317995
   0.1539278  -0.22807878 -0.6516381  -0.05193052 -0.27425107  0.81785333
  -0.20959562  1.2281713   1.0123929  -0.56576616 -0.5322842  -0.5803695
   0.7991659  -0.5757443  -0.08882053 -0.40904224 -0.34938267 -0.77849364
   0.3322862   0.24078244  0.14226002 -0.41624755 -0.4113896  -0.36675727
   0.02683369  0.35946575 -0.92815584 -0.5600882  -0.44454962 -0.31293285
  -0.41937104  1.2285869   2.2372475   0.5710097  -0.29863304  0.29719242
  -0.21880548  0.04317414  1.1424702   2.7027361   0.17444389 -0.17052266
  -0.7032265  -0.67350173 -0.6791748   0.41433495 -0.41714978  0.36996347
  -0.10175624 -0.31240654  0.17900917 -0.21179387 -0.38670066 -0.611317
  -0.80478036 -0.37626457 -0.41735938 -0.65979654 -0.40258515 -0.65335566
  -0.400685    2.1436503   0.7777859  -0.6006664  -0.02649717 -0.39085925
  -0.24180767  0.02442451  0.65073836 -0.33244714 -0.37684646 -0.63997173
  -0.3998633  -0.8294807  -0.39745712  1.2886511   0.29373842  0.9310639
  -0.4704402   0.4972475  -0.21262777  0.36449212  0.21717536 -0.37029302
  -0.09505633  1.2776774  -0.22918338 -0.29464638]]