[[ 1.4532324   0.80150694  0.3053777  -0.14838041 -0.6682139  -0.93246293
  -0.85474575 -0.58419544 -0.289949   -0.12006948 -0.51430994 -0.9069165
   0.51006216 -0.23457974 -0.54190993  0.61574024 -0.11676544  0.6821944
  -0.31824997  1.3016143   1.405521   -0.55364394 -0.5591052  -0.7216462
   0.3128438  -0.41955534 -0.39945835  0.0899854  -0.42544302 -0.6106874
  -0.09830028 -0.59730846  0.28402263 -0.23020977 -0.31615278 -0.3333751
   0.26718095  0.12411633 -0.7547715  -0.62791705 -0.5077353  -0.44257897
  -0.3692716   0.64184797  2.190239    1.2272588  -0.44723883 -0.44939208
  -0.31380525  0.2265018   1.4329588   2.8886871   0.22228512 -0.31083366
  -0.5426386  -0.67433333 -0.99211603  0.03083315 -0.39663175  0.16703999
  -0.26110712 -0.35411435  0.43937695 -0.30362415 -0.4935825  -0.5844381
  -0.8005715  -0.42466658 -0.39205915 -0.7404867   0.3395656  -0.5586311
  -0.35618758  2.431993    1.319573   -0.16779855 -0.16772062 -0.42681408
  -0.07971296 -0.08948644  0.714554   -0.1815834  -0.4197494  -0.65498626
  -0.33735406 -0.71477973 -0.43468788  1.2801569  -0.03740864  0.8411382
  -0.42109036  0.40378672  0.03532342  1.4567988  -0.17056262 -0.34751397
  -0.010988    1.308116    0.6330722  -0.5301172 ]]