[[ 1.17729068e+00  6.05857551e-01  1.25828549e-01 -1.27955034e-01
  -5.29127300e-01 -6.93829298e-01 -7.36033738e-01 -2.38560781e-01
  -1.89671546e-01 -3.00626338e-01 -4.62949961e-01 -9.09945190e-01
   5.28466225e-01 -2.99012631e-01 -5.03859520e-01  7.76839182e-02
   8.38808715e-02  9.02818561e-01 -5.78451566e-02  9.01204228e-01
   6.55139744e-01 -5.54203331e-01 -3.97840261e-01 -5.43922007e-01
   5.67047834e-01 -2.71987617e-01  1.40789285e-01 -3.54909211e-01
  -2.41277367e-01 -6.84332252e-01  2.81976074e-01  2.28905275e-01
   1.22771062e-01 -4.20633525e-01 -4.38764930e-01  9.12131916e-04
   1.29177228e-01  6.39492929e-01 -8.65104139e-01 -5.67419410e-01
  -4.19977665e-01 -3.33948463e-01 -4.86931354e-01  1.23324966e+00
   1.73235822e+00  7.45662212e-01 -3.86296630e-01 -2.11120516e-01
   3.81000228e-02  2.48398826e-01  1.68544447e+00  2.18544507e+00
   2.57927597e-01 -1.67098254e-01 -6.38988554e-01 -5.84363878e-01
  -6.50365829e-01  6.50700450e-01 -4.30228621e-01  2.02261552e-01
  -2.06864163e-01 -3.45851302e-01  5.76070137e-02 -3.34368080e-01
  -3.70985508e-01 -2.48478055e-01 -7.59455562e-01 -4.13155526e-01
  -4.23904598e-01 -5.65801680e-01 -4.41014886e-01 -6.41680777e-01
  -3.90112221e-01  1.70107758e+00  4.83483016e-01 -4.84229654e-01
  -1.54962257e-01 -3.84311885e-01 -2.83280373e-01 -2.99852610e-01
   7.23182917e-01 -2.79195875e-01 -3.85008484e-01 -5.60791373e-01
  -3.42859596e-01 -7.61975467e-01 -4.33533043e-01  9.08482909e-01
   3.45228165e-01  9.22691703e-01 -2.97060549e-01  1.08898632e-01
  -1.89625144e-01  7.68546045e-01 -3.53094250e-01 -3.55520427e-01
  -1.22808166e-01  1.09422278e+00 -6.98924065e-02 -2.76096046e-01]]