[[ 0.77619404  0.6423812   0.23926048 -0.19145842 -0.4465056  -0.69381416
  -0.75908417 -0.28374952 -0.18686509 -0.29372734 -0.37424928 -0.90539765
   0.507262   -0.28166172 -0.54147136  0.15997337 -0.20215783  0.65524334
  -0.09473971  0.9296648   1.1113374  -0.51184523 -0.45254016 -0.5462441
   0.21874307 -0.34002033 -0.10978714 -0.20893341 -0.2056001  -0.6306962
  -0.03428435 -0.05211664  0.09305307 -0.2639101  -0.47664428 -0.19697183
   0.16007234  0.43007848 -0.80137473 -0.5703812  -0.43444666 -0.30482817
  -0.43745613  0.9786583   1.6299261   0.41863087 -0.4536415   0.05388114
  -0.00683071  0.18552664  1.2085141   2.2513132   0.15992144 -0.12108976
  -0.6179354  -0.5989233  -0.5564002   0.3849705  -0.39769703  0.20666686
  -0.08237386 -0.33429283  0.03094229 -0.34650114 -0.39831746 -0.38081688
  -0.77970946 -0.44998932 -0.43286788 -0.6002017  -0.1653347  -0.57245845
  -0.3955377   1.5549144   0.6114167  -0.39375925  0.08762583 -0.42773858
  -0.2874126  -0.23777072  0.69137067 -0.3587383  -0.4173171  -0.5400403
  -0.3622506  -0.6864806  -0.425304    0.9975382   0.27915937  0.6387384
  -0.3438185   0.29901618 -0.12920636  0.5834345  -0.07344555 -0.3824288
  -0.0551578   0.907987   -0.10050532 -0.34277108]]