[[ 0.96463025  0.68915546  0.3932682  -0.24292512 -0.6245333  -0.8342679
  -0.82362264 -0.44435406 -0.20406936 -0.19673423 -0.48775196 -0.98070645
   0.60511404 -0.2400751  -0.49759516  0.8746463  -0.23625088  0.7139688
  -0.22756104  0.9415811   1.4243305  -0.515995   -0.5132642  -0.59643626
   0.32566693 -0.3255061  -0.3757698  -0.29591733 -0.31987363 -0.6560639
  -0.13902125 -0.533752   -0.00411609 -0.19839118 -0.42948982 -0.28700233
   0.15588108  0.33316854 -0.8502287  -0.6524164  -0.522311   -0.32463568
  -0.43604425  0.964807    1.6478792   0.6646453  -0.28818157 -0.49482152
  -0.16022465  0.36535865  1.0675219   2.1532602   0.1873501  -0.32703167
  -0.4693757  -0.65926373 -0.86721426  0.01881074 -0.35811287  0.16037607
  -0.25623584 -0.32893002  0.16029364 -0.3294413  -0.4602253  -0.5046043
  -0.70550096 -0.4376783  -0.39805484 -0.7430872   0.15149632 -0.617497
  -0.36664325  1.5341529   0.8188364  -0.52237636 -0.1591115  -0.5370312
  -0.25612488 -0.15038979  0.64890677 -0.10567472 -0.45954728 -0.61243224
  -0.40602323 -0.7782161  -0.40374833  0.8796839   0.38858902  0.69997317
  -0.43116802  0.28375024 -0.23215607  0.8781619  -0.12658107 -0.36385393
   0.00523238  0.95473427 -0.06112893 -0.38357326]]