[[ 1.6179082e+00  8.5690153e-01  2.3547876e-01 -2.0343703e-01
  -6.8038058e-01 -9.5746452e-01 -8.8997769e-01 -5.8871442e-01
  -2.8219149e-01 -1.0108461e-01 -5.1780206e-01 -9.1772974e-01
   4.5733881e-01 -2.2956976e-01 -5.6422567e-01  5.5271327e-01
   1.0010770e-02  8.4001917e-01 -3.3193380e-01  1.3570480e+00
   1.3462656e+00 -5.6504244e-01 -5.9608704e-01 -7.2250700e-01
   4.2488375e-01 -4.2114416e-01 -3.5722023e-01  1.9418748e-01
  -4.3831787e-01 -6.0812694e-01 -1.5119373e-02 -5.8447546e-01
   3.0676517e-01 -2.5629127e-01 -3.0439535e-01 -3.3621046e-01
   3.4348160e-01  2.3583408e-01 -7.3340982e-01 -6.3814431e-01
  -5.0029099e-01 -4.2438972e-01 -3.5723957e-01  6.0485995e-01
   2.2220607e+00  1.4728097e+00 -3.7946570e-01 -3.9323878e-01
  -3.5015908e-01  2.2011034e-01  1.6436173e+00  2.9727631e+00
   1.3265771e-01 -3.3832139e-01 -5.8089232e-01 -6.9960928e-01
  -9.5501095e-01  8.5734949e-04 -4.0599430e-01  1.0806877e-01
  -2.5937784e-01 -3.5257724e-01  4.8307946e-01 -3.4089404e-01
  -4.8001891e-01 -6.1758047e-01 -8.2988083e-01 -4.5881292e-01
  -3.9582935e-01 -7.5054151e-01  3.6501166e-01 -5.7749099e-01
  -3.6276242e-01  2.5780187e+00  1.3418216e+00 -9.4663642e-02
  -1.4171886e-01 -3.8236463e-01 -9.1741502e-02 -7.0161827e-02
   7.0336437e-01 -1.7177409e-01 -3.9444962e-01 -6.8618989e-01
  -3.6164719e-01 -7.2074348e-01 -4.2942682e-01  1.3138959e+00
   2.9748537e-02  8.9348155e-01 -4.4085839e-01  4.3586245e-01
   7.1594134e-02  1.7002293e+00 -2.1398044e-01 -3.2157400e-01
  -3.0504568e-02  1.3529875e+00  7.7614915e-01 -4.8555848e-01]]