[[ 0.43633485  1.1665245   0.3788352  -0.22851744 -0.6409033  -0.9103306
  -1.0028929  -0.38968354 -0.02084441 -0.22039124 -0.58232415 -1.0580044
   0.04913708 -0.25737977 -0.60946614  0.7101005  -0.61640745  0.7726744
  -0.37590373  0.74846745  2.2824478  -0.58783513 -0.6794466  -0.5645166
   0.5282376  -0.6032036  -0.1320604   0.0110817  -0.40101883 -0.8314581
  -0.02506955  0.15230927 -0.06764666 -0.19882585 -0.5124396  -0.44554594
   0.10864928  0.51647633 -0.9684324  -0.67874825 -0.52968246 -0.05378065
  -0.45930997  1.6884099   1.610669    0.06573394 -0.08573748  0.2749308
  -0.06994352  0.18787725  0.87084067  1.6344115  -0.17431866 -0.29916945
  -0.1485133  -0.46433017 -0.7362188   0.24704063 -0.23498881  0.10275397
   0.01550767 -0.26446727 -0.13198428 -0.4196853  -0.48664948 -0.70177394
  -0.90221405 -0.62171865 -0.39982647 -0.6514634   0.28014493 -0.76496154
  -0.4938659   1.0939434   0.7786019  -0.36369848 -0.29112682 -0.46623507
  -0.32577518  0.12240587  0.39863935 -0.30771655 -0.4401441  -0.63202393
  -0.6256073  -0.9171788  -0.4294603   0.6721911   0.59553266  0.5089889
  -0.62504953  0.35860723 -0.20566191  0.51901007  0.5098225  -0.43596995
  -0.0982415   0.6385681  -0.40800533 -0.3126809 ]]