[[ 5.7969123e-01  8.4885716e-01  8.2341766e-01 -1.5455151e-01
  -7.5231552e-01 -9.4399732e-01 -7.6554042e-01 -3.3426523e-01
  -4.7008831e-02 -3.5454771e-01 -5.8798438e-01 -1.0510335e+00
   7.8645855e-02 -2.4990122e-01 -6.4409995e-01  1.2389158e+00
  -6.4201146e-01  3.1428838e-01 -4.1817370e-01  9.2616248e-01
   2.6687901e+00 -4.5102534e-01 -7.6946020e-01 -5.5153793e-01
  -1.3707264e-01 -4.5704472e-01 -3.3452874e-01 -1.7118905e-02
  -4.4848979e-01 -7.0262098e-01 -4.9595150e-01 -7.1011162e-01
   9.7580440e-02  2.8934470e-01 -3.4700942e-01 -3.6688203e-01
   1.4424336e-01  3.2274103e-01 -8.6223555e-01 -5.7552171e-01
  -5.3838724e-01 -2.8335151e-01 -4.5468745e-01  1.9662321e+00
   1.4152523e+00  3.4164664e-01 -3.1932998e-01 -3.0874190e-01
   1.3999929e-01 -1.0113121e-02  8.5575294e-01  1.9806873e+00
   3.6519956e-02 -3.0504581e-01 -7.2977614e-01 -8.6949652e-01
  -9.3707228e-01 -9.7845457e-02 -3.7692741e-01  2.3792119e-01
  -1.9966082e-01 -3.3025321e-01  1.4681034e-03 -4.8115784e-01
  -5.3070128e-01 -6.6585070e-01 -8.9729339e-01 -5.0930762e-01
  -4.3081772e-01 -6.5144545e-01  6.8204993e-01 -6.2054223e-01
  -4.7207397e-01  1.2612162e+00  1.1666797e+00 -2.5917321e-01
  -3.8746521e-01 -5.6236500e-01 -5.1176429e-02  4.5619372e-02
   3.8346294e-01 -3.6848229e-01 -5.3113174e-01 -6.5905160e-01
  -5.2712584e-01 -8.3506751e-01 -4.3863750e-01  6.4460808e-01
   4.0739310e-01  6.4341140e-01 -6.0460949e-01  5.6647569e-01
  -9.4538689e-02  6.4829797e-01  3.0756891e-01 -4.3773800e-01
  -1.2313436e-02  8.3432800e-01 -1.1510048e-01 -3.7165770e-01]]