[[ 0.9775296   0.9270859   0.06816418 -0.26940572 -0.5480527  -0.7841486
  -0.8119092  -0.40801436 -0.13218035 -0.14535017 -0.44482392 -0.9465079
   0.42711028 -0.25722283 -0.48679003  0.42859948 -0.22179386  0.49153295
  -0.17745233  0.9358787   1.1700708  -0.53445137 -0.5179319  -0.5722321
   0.32989854 -0.2720637  -0.39070207 -0.35370794 -0.29788658 -0.70271945
  -0.12705249 -0.48199856  0.08398434 -0.45062727 -0.39144325 -0.32476476
   0.03118102  0.65657413 -0.79134566 -0.64480644 -0.49268708 -0.2725617
  -0.4498236   0.3058911   1.6705621   0.4904669  -0.25775006 -0.3836566
   0.21723485  0.26224056  1.0657326   2.0822792   0.06013046 -0.35805824
  -0.45759928 -0.5959302  -0.7331188   0.04619474 -0.35318965  0.08896411
  -0.2145085  -0.2786212   0.15343846 -0.3313586  -0.4226403  -0.5462966
  -0.7012614  -0.3742014  -0.37231472 -0.7083465  -0.11851439 -0.588248
  -0.34172243  1.528533    0.5588021  -0.44019267 -0.09820204 -0.5153883
  -0.20088823 -0.20507391  0.5364834  -0.06885968 -0.427551   -0.56895757
  -0.24369197 -0.7788322  -0.3720189   0.85760653  0.74366224  0.66416085
  -0.40759042  0.15579522 -0.28168288  0.6831622  -0.24000385 -0.32614955
  -0.01331835  0.8804799  -0.07624353 -0.22856092]]