[[ 0.73219717  1.3701756  -0.00440399 -0.09460855 -0.6059083  -0.9940988
  -1.1208566  -0.63703847  0.00889292 -0.12982944 -0.50947946 -0.9992601
  -0.01139784 -0.24660768 -0.5332295   0.15267774 -0.62453145  0.753703
  -0.45326868  0.96751136  2.305397   -0.6406703  -0.7791176  -0.6874739
   0.27519846 -0.5401341  -0.40023735  0.05048575 -0.45886058 -0.9316974
  -0.34667465 -0.08726313 -0.04790148 -0.5427609  -0.23101279 -0.5079454
   0.18039685  0.846237   -0.90001005 -0.64644283 -0.6100787   0.02541409
  -0.4923756   0.1158704   2.0202875   0.12641299  0.29554522 -0.17883372
   0.16832529  0.01438154  1.2952523   1.9992974  -0.15857562 -0.29847023
   0.22393167 -0.31986135 -0.69954133  0.49802408  0.03580348  0.0888032
  -0.2684296  -0.15564384 -0.02262091 -0.31536442 -0.44607776 -0.8904552
  -1.0111542  -0.5305113  -0.2667123  -0.7143078   0.13144654 -0.70331556
  -0.447622    1.4326056   0.85397375  0.13353406 -0.44126576 -0.27654845
   0.01245842 -0.07649305  0.26826033 -0.23259997 -0.35534507 -0.52947354
  -0.36067203 -0.9635127  -0.4080808   0.73119664  1.0022187   0.7461327
  -0.6450086   0.13915999 -0.24074425  0.7043368   0.27256206 -0.34665707
   0.09795053  0.6943166  -0.21014121 -0.3319017 ]]