[[ 0.7576909   0.7074167   0.57551706 -0.22482677 -0.6876316  -0.90618116
  -0.7386392  -0.32380396 -0.08462068 -0.27159858 -0.52470523 -0.9692598
   0.07740626 -0.23770162 -0.52791464  0.9669586  -0.5947738   0.34858778
  -0.29104805  1.3157521   1.9313433  -0.47425875 -0.6073833  -0.592321
  -0.01633087 -0.35361642 -0.38902593  0.10229589 -0.3868054  -0.6726776
  -0.40074557 -0.7104416   0.19229247  0.13502899 -0.5391443  -0.33276972
   0.19267449  0.1874518  -0.7873679  -0.5274664  -0.5211528  -0.3317643
  -0.41175964  1.5286272   1.9710548   0.36677173 -0.40557516 -0.3497045
   0.08322329  0.10741165  0.65282583  2.617231    0.05102797 -0.37790304
  -0.67569906 -0.7884961  -0.9336735  -0.13551633 -0.35626006  0.14863293
  -0.15672784 -0.28139648  0.18398015 -0.44273338 -0.49420163 -0.6242467
  -0.86245227 -0.5071028  -0.42714912 -0.6425811   0.6125271  -0.6094694
  -0.4147827   1.7683291   1.2609669  -0.02354798 -0.09244417 -0.46572533
  -0.22606373  0.04677378  0.78800946 -0.31735972 -0.4628473  -0.6121137
  -0.49056205 -0.771339   -0.40927374  1.069843    0.23361324  0.89032763
  -0.49262413  0.60576737  0.1468355   0.7669941   0.01263299 -0.41679275
  -0.147143    1.0976841   0.07559201 -0.34435022]]