[[ 8.87558103e-01  9.72760141e-01  5.51056802e-01 -1.00647390e-01
  -6.35202825e-01 -8.44117463e-01 -7.49353886e-01 -3.19826365e-01
   1.52385328e-03 -2.25105539e-01 -5.27922928e-01 -9.25151527e-01
   2.46810153e-01 -2.27567106e-01 -5.25477290e-01  5.30048788e-01
  -5.33800304e-01  5.14253557e-01 -3.06321681e-01  1.36549842e+00
   1.55320346e+00 -4.78293538e-01 -5.61766148e-01 -5.75245380e-01
  -1.93831623e-02 -2.56409258e-01 -2.93095261e-01 -2.91957647e-01
  -3.82111639e-01 -7.12694168e-01 -3.50082397e-01 -6.48579836e-01
   2.90846050e-01 -3.21369618e-03 -5.12455642e-01 -3.01861674e-01
   3.28734636e-01  4.22875077e-01 -8.54279935e-01 -5.20281196e-01
  -4.73093957e-01 -2.28722990e-01 -4.36527193e-01  1.01898980e+00
   2.10885644e+00  3.90011132e-01 -1.84444204e-01 -2.52549440e-01
   2.44550005e-01  2.26467654e-01  7.48664200e-01  2.66275764e+00
   2.78345972e-01 -2.09053472e-01 -6.85876012e-01 -7.40632117e-01
  -7.11237848e-01  1.06838465e-01 -3.74408990e-01  3.49223614e-01
  -1.75179183e-01 -2.82470137e-01  1.60401329e-01 -2.67163634e-01
  -4.36531454e-01 -6.04462087e-01 -8.61673117e-01 -3.95717651e-01
  -3.91527623e-01 -6.39207661e-01  1.50246382e-01 -5.72082162e-01
  -4.15742785e-01  1.87369883e+00  1.02261674e+00 -4.11305159e-01
  -8.45222771e-02 -4.84663785e-01 -2.22040415e-01 -1.47296414e-01
   7.23756194e-01 -2.42479399e-01 -4.68423694e-01 -6.08097911e-01
  -4.25048500e-01 -7.58146822e-01 -3.92657131e-01  1.13841748e+00
   6.13703132e-01  9.31882858e-01 -4.75043803e-01  5.41287243e-01
  -8.18493813e-02  3.91567230e-01  5.03431633e-02 -3.74374837e-01
  -1.13230027e-01  1.15755117e+00 -1.09872453e-01 -2.67200261e-01]]