[[ 0.4276416   1.0702002   0.68149596 -0.24197584 -0.6588393  -0.8923731
  -0.8394144  -0.42044348 -0.1271461  -0.34484226 -0.48034024 -1.1302361
   0.3384512  -0.28420925 -0.7144152   0.9727172  -0.44014588  0.48651245
  -0.3913233   0.507822    2.7568526  -0.52660394 -0.7178649  -0.54674584
   0.35747397 -0.722676   -0.12342166  0.08019123 -0.40920013 -0.7279823
  -0.04387126  0.10287423 -0.08507168  0.02379234 -0.41036114 -0.46460414
  -0.1401056   0.49602473 -0.9610697  -0.6786922  -0.50184625 -0.14328042
  -0.40667897  2.0971851   1.2361828   0.34303817 -0.44496393  0.1863758
   0.01111588 -0.14183687  1.378193    1.4953514  -0.12312881 -0.17465922
  -0.2878099  -0.5812658  -0.8593411   0.23523629 -0.33191672  0.1991875
   0.04277027 -0.3475176  -0.16668698 -0.4189507  -0.50902295 -0.5753171
  -0.84449196 -0.5939194  -0.4374278  -0.5825127   0.4190943  -0.7450534
  -0.5194445   1.1187782   0.8412073  -0.4456385  -0.2972002  -0.511286
  -0.26588798  0.12604855  0.30863905 -0.4228118  -0.48362508 -0.67149043
  -0.6458657  -0.86168844 -0.48035103  0.44012952  0.15786834  0.05919288
  -0.65975237  0.4327012  -0.33793885  0.7083864   0.64939064 -0.45321062
  -0.08226417  0.5727959  -0.3218293  -0.48809952]]