[[ 0.9621998   0.6721741   0.34333086 -0.25786227 -0.6024634  -0.79556453
  -0.7781351  -0.49116838 -0.1352676  -0.24941246 -0.38397467 -0.9313705
   0.46040848 -0.2740206  -0.52284974  0.50793016 -0.06897584  0.61947745
  -0.29552853  0.73410404  1.9909416  -0.5324604  -0.7166606  -0.5960069
   0.31196734 -0.531354   -0.4063813   0.20108806 -0.3227463  -0.57260275
   0.01201451 -0.33577335  0.03386233 -0.22814031 -0.25419858 -0.40917867
   0.02782626  0.5101864  -0.7333267  -0.66435087 -0.4811284  -0.13998538
  -0.37537053  0.70329404  1.5279245   0.9776976  -0.4110202  -0.35424066
  -0.12139115 -0.01785346  1.6698968   1.7905185  -0.03023392 -0.14718674
  -0.08942015 -0.41463906 -0.8355256   0.09281844 -0.23290491  0.10365123
  -0.1624619  -0.34291717  0.16434036 -0.41052943 -0.44149977 -0.53368515
  -0.78257966 -0.4427497  -0.3945561  -0.6027908   0.32410663 -0.587698
  -0.39792576  1.4857913   0.9120722  -0.24217169 -0.36930054 -0.3459421
  -0.14895697 -0.15992555  0.2903547  -0.27058044 -0.41725424 -0.6778883
  -0.49854854 -0.7230798  -0.47754785  0.755852   -0.11837279  0.3867929
  -0.48435888  0.24936372 -0.147381    1.4997579   0.10946301 -0.33605006
  -0.01770067  0.75661063  0.3722637  -0.4731399 ]]