[[ 4.93628621e-01  4.65693176e-01  5.17017603e-01 -3.59350145e-01
  -6.49665594e-01 -9.89031017e-01 -7.77035892e-01 -5.00035703e-01
  -1.06421635e-01 -2.62696326e-01 -4.88195181e-01 -1.08882689e+00
   7.30310917e-01 -2.72386134e-01 -5.88136256e-01  1.33225977e+00
  -5.04344702e-01  5.59893906e-01 -3.70774239e-01  3.22696298e-01
   2.89510775e+00 -5.03488123e-01 -8.50004971e-01 -6.35635734e-01
   2.55949702e-02 -6.18656635e-01 -4.43118602e-01  8.15746114e-02
  -3.69712412e-01 -6.70661390e-01 -4.25559342e-01 -3.81870270e-01
  -4.81222011e-02 -1.77411750e-01 -3.94130707e-01 -4.92593408e-01
   8.71929601e-02  4.00943100e-01 -8.78089011e-01 -7.54125118e-01
  -6.16002500e-01  2.63946265e-01 -3.90889198e-01  1.13516998e+00
   1.34575784e+00  3.05756122e-01 -2.14722723e-01 -1.36017188e-01
   1.05135679e-01  8.70970637e-02  1.25078189e+00  1.21131754e+00
  -8.94798264e-02  1.91323698e-01  9.04492736e-02 -4.28615183e-01
  -8.74610782e-01  8.87014940e-02 -1.65662363e-01  2.34156281e-01
  -1.11789353e-01 -3.11627477e-01 -5.30369133e-02 -3.70183975e-01
  -5.58267653e-01 -5.92255175e-01 -8.12384367e-01 -5.77054322e-01
  -3.78867865e-01 -6.18306339e-01  1.04460287e+00 -6.98890328e-01
  -4.86741811e-01  8.52610886e-01  8.45431387e-01 -3.93731743e-01
  -4.12975132e-01 -5.65753877e-01 -2.88183510e-01 -9.68513191e-02
   7.34694973e-02 -1.84758142e-01 -5.25525331e-01 -6.65343940e-01
  -6.77594244e-01 -8.07941437e-01 -4.53434736e-01  3.65233749e-01
   8.43141750e-02  2.34337570e-03 -6.78965509e-01  2.11241961e-01
  -4.40687776e-01  1.13554001e+00  3.73390734e-01 -4.00730819e-01
   2.17251375e-01  4.67147350e-01 -2.95605719e-01 -4.28334534e-01]]