[[ 1.3062409   1.2711508   0.26142284  0.14929055 -0.6111611  -0.7621394
  -1.0167384  -0.4334289  -0.19396916 -0.16138327 -0.56555146 -0.83774847
   0.36843562 -0.19695719 -0.5148782   0.11168906 -0.46908718  0.6220826
  -0.11555204  1.6690472   0.8292669  -0.51525605 -0.23431621 -0.6822907
   0.25683686 -0.34370193 -0.43011397 -0.6420307  -0.3017408  -0.70573795
  -0.17826359 -0.6332452   0.2567355  -0.32143518 -0.0938651  -0.24946171
   0.38194337 -0.1503393  -0.87763214 -0.5260075  -0.509504   -0.47565344
  -0.475895    0.7744716   2.6166415   0.5707496  -0.34633383 -0.5772713
  -0.4123376   0.3228077   0.8091483   3.5313656   0.54921025 -0.26952434
  -0.5988843  -0.6344149  -0.83092403  0.17629792 -0.34665853  0.39572528
  -0.30735534 -0.21941498  0.3978103  -0.11702188 -0.47048816 -0.53909373
  -0.795969   -0.3311736  -0.40665284 -0.83479273 -0.39601925 -0.4807904
  -0.3138162   2.509366    1.2165065  -0.6354288   0.19744354 -0.44867158
   0.29353523 -0.14814746  1.2090846  -0.25574005 -0.33901885 -0.5427209
  -0.18758823 -0.7573086  -0.43335274  1.5857344   0.09695399  1.5282797
  -0.2691304   0.5303557  -0.10824172  0.23723051 -0.00704495 -0.38075602
   0.2611766   1.5132505  -0.12192485 -0.37269795]]