[[ 1.3249304   0.31587467  0.7733217  -0.19527479 -0.69346505 -0.821542
  -0.8073471  -0.41303223 -0.2134565  -0.24714832 -0.5198761  -0.9398293
   0.12918098 -0.25148717 -0.56659025  1.047184   -0.22549987  0.6601103
  -0.35854527  0.8651469   2.090538   -0.45287773 -0.6569287  -0.55805916
   0.21116    -0.500097   -0.4129877   0.04023545 -0.38455242 -0.57199526
   0.07147385 -0.6853555   0.06608205  0.11170937 -0.39870736 -0.36903137
   0.00504983  0.09350033 -0.7531952  -0.60813713 -0.51582927 -0.3641348
  -0.40400672  1.5788653   1.5619265   1.0617378  -0.45955473 -0.49349123
  -0.3843357  -0.03659564  1.2802669   2.04841     0.04145055 -0.26811886
  -0.62553304 -0.76238847 -0.95903534 -0.07120815 -0.3889963   0.22310309
  -0.23295106 -0.35827786  0.36381382 -0.42832217 -0.46343932 -0.5609918
  -0.78549206 -0.4269994  -0.44774893 -0.65553796  0.6164138  -0.57361627
  -0.36543447  1.5725965   1.0730503  -0.22334448 -0.2972387  -0.27254218
  -0.2754235  -0.04488824  0.50176305 -0.33402595 -0.48579934 -0.7310122
  -0.64611673 -0.7870827  -0.46708167  1.0365334  -0.27474803  1.0829155
  -0.512932    0.46754938 -0.02633674  1.6942668  -0.05758093 -0.37638524
  -0.132551    1.0579672   0.595021   -0.52325666]]