[[ 8.3797443e-01  6.0352325e-01  5.7371521e-01 -1.9102776e-01
  -6.4441526e-01 -8.4429061e-01 -7.2265047e-01 -4.5665359e-01
  -2.5900863e-03 -3.5608751e-01 -3.5220584e-01 -1.0297358e+00
   6.9525701e-01 -2.9521546e-01 -4.7100347e-01  9.1591972e-01
  -4.9250939e-01  4.0378544e-01 -3.0460089e-01  5.4165405e-01
   2.6822910e+00 -5.0428492e-01 -7.6958460e-01 -6.2243307e-01
   2.5516176e-01 -5.6440192e-01 -3.8460699e-01  1.6869937e-01
  -2.6814246e-01 -6.8241423e-01 -3.4776828e-01 -2.5775611e-01
   1.5341853e-01 -1.3110119e-01 -2.6661071e-01 -4.1636214e-01
   1.4935653e-01  4.6630701e-01 -8.6596280e-01 -6.7992467e-01
  -5.5970401e-01  2.4499920e-01 -4.4129151e-01  1.3298156e+00
   1.4855140e+00  4.1645426e-01 -2.2820996e-01 -1.9022520e-01
   1.2890954e-01 -2.5543109e-02  1.3258783e+00  1.3421118e+00
   1.5021890e-01  2.1606329e-01  2.4406292e-01 -3.3486560e-01
  -8.3470064e-01  3.7282535e-01  6.8978639e-03  4.4745883e-01
  -2.3525541e-01 -2.8107119e-01 -1.7974345e-02 -3.3637360e-01
  -4.9336156e-01 -5.7099563e-01 -8.5827285e-01 -3.7794644e-01
  -3.7167791e-01 -5.6812418e-01  6.8790364e-01 -6.3580459e-01
  -4.4754040e-01  1.1103221e+00  1.1066935e+00 -3.1700492e-01
  -6.2685400e-01 -5.3624099e-01 -9.2583209e-02 -1.3929950e-01
   1.1236264e-01 -1.8359703e-01 -4.9826354e-01 -6.4941311e-01
  -5.8205539e-01 -8.0262405e-01 -4.7681972e-01  4.8257306e-01
  -6.9224559e-02  3.4434417e-01 -5.7461482e-01  2.4302787e-01
  -3.3287081e-01  9.3521523e-01  5.1362473e-01 -3.3764887e-01
   1.5095803e-01  7.5747234e-01 -1.7596018e-01 -4.1106761e-01]]