[[ 1.69466925e+00  8.50069106e-01  1.91983968e-01 -2.43149191e-01
  -6.83943868e-01 -9.48485732e-01 -8.86996150e-01 -5.80670834e-01
  -2.55841345e-01 -1.02896065e-01 -5.08870184e-01 -9.34522510e-01
   4.38027442e-01 -2.31056437e-01 -5.70620298e-01  5.98598242e-01
   5.44435903e-02  9.09213126e-01 -3.20322901e-01  1.31150711e+00
   1.31873977e+00 -5.68555057e-01 -5.86918116e-01 -7.06245363e-01
   4.92348880e-01 -4.05976444e-01 -3.52684051e-01  1.27489373e-01
  -4.20051485e-01 -6.10626221e-01  1.93024445e-02 -5.77887118e-01
   3.25796813e-01 -2.52246201e-01 -2.86282420e-01 -3.31080079e-01
   3.41365010e-01  3.03247690e-01 -7.46758521e-01 -6.54526055e-01
  -4.99194175e-01 -4.11571741e-01 -3.72520030e-01  6.24247372e-01
   2.15170145e+00  1.53540361e+00 -3.34066093e-01 -4.21095163e-01
  -3.28161418e-01  2.44108662e-01  1.68905044e+00  2.91879463e+00
   7.07554668e-02 -3.73693824e-01 -5.77552259e-01 -6.92318916e-01
  -9.22765970e-01 -2.15116106e-02 -3.79634678e-01  4.87713777e-02
  -2.54321724e-01 -3.63156915e-01  4.83886838e-01 -3.86389792e-01
  -4.82188791e-01 -6.13858938e-01 -8.26046824e-01 -4.85023052e-01
  -4.01059180e-01 -7.59419739e-01  3.06144714e-01 -5.84169447e-01
  -3.59591722e-01  2.59301615e+00  1.28602970e+00 -1.76095247e-01
  -1.34703845e-01 -3.98549497e-01 -8.50877389e-02 -8.28274712e-02
   6.90282583e-01 -1.54765800e-01 -3.92324179e-01 -6.88717127e-01
  -3.60816032e-01 -7.33523369e-01 -4.33024108e-01  1.28634036e+00
   5.85221089e-02  9.32536781e-01 -4.37137663e-01  4.17100340e-01
  -2.44807219e-03  1.69675326e+00 -2.34953761e-01 -3.09795886e-01
  -3.20361257e-02  1.33844006e+00  7.49106765e-01 -4.50658023e-01]]