[[ 9.5555699e-01  1.0881315e+00  4.5542687e-01 -7.8714274e-02
  -5.7175821e-01 -9.6454644e-01 -9.1231871e-01 -5.6199759e-01
  -1.9367635e-03 -3.8293488e-02 -4.8748446e-01 -9.2605883e-01
   7.1756089e-01 -2.3486853e-01 -5.3906870e-01  8.8981748e-01
  -5.8396596e-01  4.5510867e-01 -3.5621563e-01  1.2985227e+00
   1.6419543e+00 -5.9322500e-01 -6.3843006e-01 -7.4668062e-01
   1.3102673e-01 -4.7853917e-01 -4.4576013e-01 -1.6879332e-01
  -3.7851498e-01 -7.2849905e-01 -3.4597719e-01 -5.0699675e-01
   1.3891560e-01 -4.7875169e-01 -4.6968010e-01 -4.8430076e-01
   1.8310067e-01  3.9440355e-01 -9.1705769e-01 -6.9444895e-01
  -5.5624336e-01 -3.0831479e-02 -4.3784750e-01  4.8753163e-01
   2.6509087e+00  3.1675935e-01 -8.8211626e-02 -2.6937968e-01
  -6.4240083e-02  2.6087680e-01  8.0412984e-01  2.8119996e+00
   4.2051187e-01 -1.8077286e-01  3.3418304e-01 -1.4327708e-01
  -8.3778542e-01  4.0810344e-01 -2.2049972e-01  6.2909198e-01
  -2.4869184e-01 -1.6867839e-01  2.1221155e-01 -6.3983157e-02
  -4.8509756e-01 -6.9098151e-01 -8.7304932e-01 -3.3187592e-01
  -3.3029544e-01 -7.3615795e-01  1.8899152e-01 -6.5139073e-01
  -3.4857377e-01  1.7560977e+00  1.1197962e+00 -4.6627602e-01
  -3.4862542e-01 -5.2418435e-01 -2.2209685e-01 -9.4195053e-02
   4.2080429e-01 -2.1863881e-02 -4.7939783e-01 -7.0209920e-01
  -3.9404792e-01 -8.3602941e-01 -3.9215142e-01  1.2121402e+00
   4.5355177e-01  1.0832856e+00 -5.6629783e-01  1.8495461e-01
  -3.7956437e-01  9.3532103e-01  1.3707672e-01 -3.5583544e-01
   8.3718829e-02  1.3576095e+00 -1.3186610e-01 -3.6964229e-01]]