[[ 1.3850728   1.4382806   0.19339563 -0.08326015 -0.5557726  -0.73451525
  -1.0234381  -0.39359742 -0.18988518 -0.14138876 -0.5462409  -0.9310613
   0.16731144 -0.23677544 -0.64312077 -0.04231535 -0.05884389  0.9085059
  -0.21890752  1.084431    0.93321985 -0.5719495  -0.55131435 -0.56383216
   0.89757633 -0.5619656  -0.09719767 -0.33001494 -0.3588472  -0.7429442
   0.41667685  0.21232559  0.11863682 -0.42626092 -0.3736359  -0.35582453
   0.02403574  0.43532845 -0.88954115 -0.5826353  -0.4288015  -0.3156437
  -0.40990013  1.1193985   2.0413594   0.87732327 -0.32070488  0.23578148
  -0.25346103  0.02768649  1.4019662   2.4891548   0.10673911 -0.18525644
  -0.68933266 -0.6608433  -0.67184466  0.36681157 -0.42357945  0.29030538
  -0.10534524 -0.34587258  0.1743073  -0.25467598 -0.3750975  -0.5816391
  -0.78523    -0.38767585 -0.42061168 -0.65303123 -0.40747756 -0.6445325
  -0.4007327   2.1217115   0.7105902  -0.58860683 -0.06119361 -0.37643087
  -0.25145736 -0.02123113  0.5747772  -0.32282645 -0.37413606 -0.6556451
  -0.40538302 -0.8093643  -0.4124392   1.1824011   0.2147571   0.83665156
  -0.4525177   0.43373445 -0.2350141   0.6507834   0.15364619 -0.34915486
  -0.10500322  1.2096256  -0.06583747 -0.31760693]]