[[ 1.3972706   0.9865611  -0.02816239 -0.14948468 -0.5841403  -0.865568
  -1.0491552  -0.39952374 -0.16863436 -0.14591935 -0.49780935 -0.9907583
  -0.18927565 -0.25289863 -0.56773525  0.04176456 -0.53675556  0.63153684
  -0.2295869   1.3471458   1.4443974  -0.5129566  -0.54146826 -0.6747519
   0.35675034 -0.4694742  -0.41717565 -0.32798475 -0.31929338 -0.85326314
  -0.2571794  -0.26805592  0.30186278 -0.40115494 -0.48731723 -0.40794125
   0.10829581  0.40559083 -0.8677461  -0.5127793  -0.6159528  -0.02739467
  -0.46510032  0.5957584   2.4891796   0.43012992 -0.03403004 -0.15381067
   0.16861686  0.00632223  1.1576962   2.849644   -0.09401039  0.01291241
  -0.7236403  -0.81033134 -0.77966815  0.40476617 -0.1928481   0.28085834
  -0.2637555  -0.23716491  0.22624159 -0.3190672  -0.42809507 -0.73006666
  -0.9975352  -0.51912135 -0.35481325 -0.66961503  0.26627603 -0.6832984
  -0.40043083  2.0587227   0.7882291   0.09884538 -0.03098432 -0.25282648
  -0.2598998  -0.13072816  0.68856514 -0.38126317 -0.39976236 -0.49804685
  -0.37461275 -0.8890457  -0.3623379   1.3005391   0.6085114   1.2014483
  -0.51184213  0.3881635  -0.07578561  0.6430153  -0.24787669 -0.34452283
  -0.03838655  1.2071294  -0.14410189 -0.27986383]]