[[ 0.8239925   0.88709605  0.1189588  -0.17234924 -0.5251989  -0.7776975
  -0.62327665 -0.3822811  -0.08650832 -0.22040397 -0.25413004 -0.7511715
   0.14971234 -0.2589399  -0.53064334 -0.12406053 -0.4544056   0.08409841
  -0.25840273  1.46756     0.8790521  -0.54646266 -0.5389808  -0.6068723
  -0.03674689 -0.38802674 -0.22691771  0.28762776 -0.43080258 -0.56934637
  -0.31471974 -0.5345412   0.3236166  -0.33059525 -0.48911974 -0.44181103
   0.10496145  0.06627528 -0.5836333  -0.42621458 -0.42802787 -0.33459124
  -0.35175875  0.2011308   2.3537      0.3412934  -0.39657274  0.02953791
   0.0339174  -0.09147766  0.5763279   2.943946    0.02964371 -0.33885485
  -0.60233074 -0.58599836 -0.63674015  0.17230807 -0.304258    0.12247363
  -0.01874277 -0.26300594  0.25259393 -0.29330784 -0.38883877 -0.5299975
  -0.7784902  -0.41250336 -0.41162458 -0.5639018   0.16431105 -0.4866892
  -0.37537715  2.3670232   1.2027996   0.2894753   0.03387049 -0.28549048
  -0.16877939 -0.09347092  0.8463854  -0.37331915 -0.2786787  -0.51188856
  -0.34548223 -0.6024813  -0.3869875   1.30341    -0.02250967  0.77705824
  -0.38658816  0.4406357   0.20199892  0.7360896  -0.16677575 -0.3552027
  -0.19339547  1.1865411   0.32553545 -0.30114716]]