[[ 0.9970208   0.75163984  0.3450582  -0.11809969 -0.5208575  -0.73978555
  -0.9351683  -0.46448654 -0.32370943 -0.17519687 -0.4542814  -0.88388515
   0.49334583 -0.25045064 -0.5931902   0.1176864  -0.21367308  0.7928157
  -0.22931588  0.9799314   1.785585   -0.47499436 -0.5808906  -0.6559724
   0.14960271 -0.56586206 -0.41977262 -0.07146162 -0.2575407  -0.5545694
   0.01486894 -0.32719874  0.07745899 -0.24784379 -0.23166594 -0.36837465
   0.22743265  0.07820411 -0.7418359  -0.61248326 -0.50324684 -0.20425661
  -0.35617137  0.7372954   1.7349359   0.8835985  -0.51081645 -0.10835733
  -0.33309624  0.08270842  1.6483997   2.3429594   0.18280268  0.17623237
  -0.6194991  -0.6766178  -0.79573476  0.1848648  -0.40011394  0.339839
  -0.20057386 -0.36654866  0.23856875 -0.2904506  -0.4274564  -0.51515234
  -0.8189767  -0.4100412  -0.42734075 -0.62621737  0.38286167 -0.5439984
  -0.39443907  1.5776999   0.8732238  -0.26926515 -0.05411871 -0.26201007
  -0.11127742 -0.21723023  0.47483206 -0.38656104 -0.42495227 -0.65336317
  -0.47727334 -0.6798105  -0.45259073  1.1303178  -0.2146131   0.57900983
  -0.44274634  0.43276858  0.02856008  1.3192966   0.04803158 -0.35478815
   0.15474127  0.87665766  0.37079877 -0.5158178 ]]