[[ 0.8421529   0.7079462   0.73139614 -0.24373151 -0.6829358  -0.8381781
  -0.76238585 -0.41581365 -0.14910483 -0.32443622 -0.45427236 -1.0559642
   0.36838466 -0.2864729  -0.6735612   1.0031177  -0.11461923  0.6330043
  -0.38328373  0.47470453  2.654979   -0.48637733 -0.87310296 -0.5284237
   0.29552665 -0.6639233  -0.293983    0.09918162 -0.36674064 -0.59589076
   0.02227994 -0.20701794 -0.03015615  0.10934473 -0.28093326 -0.429085
  -0.11894485  0.5433415  -0.8396764  -0.6700008  -0.48671952 -0.18402602
  -0.3922741   1.7666733   1.0968583   0.98018587 -0.47010005 -0.20899677
  -0.09207384 -0.153252    1.7642921   1.3955233  -0.09073424 -0.10627837
  -0.4502444  -0.6667392  -0.93042606  0.10657084 -0.3402111   0.1974874
  -0.13134016 -0.4271545   0.02259426 -0.4913917  -0.47819313 -0.5650386
  -0.82300454 -0.47958168 -0.4386668  -0.57329226  0.51744604 -0.6584806
  -0.4689063   1.1260344   0.88132244 -0.4038092  -0.52529424 -0.4311598
  -0.2137132  -0.0591138   0.03054038 -0.3818487  -0.5118406  -0.74188316
  -0.64492816 -0.7928303  -0.49552292  0.48997578 -0.14326005  0.1930327
  -0.61125374  0.38581765 -0.29593948  1.3805741   0.34748018 -0.38436458
  -0.06319139  0.64318514  0.16445193 -0.51654845]]