[[ 1.0759578   0.87816626  0.13502525 -0.08501039 -0.5879069  -0.79525745
  -0.8959086  -0.50295484 -0.2563397  -0.043387   -0.5129427  -0.84007394
   0.24286385 -0.2636233  -0.5643388   0.01332102  0.01008958  1.0669435
  -0.3021641   0.79812676  1.164792   -0.5672289  -0.5282488  -0.58403075
   0.44280368 -0.4184838  -0.33263075  0.01779552 -0.4412473  -0.6153297
   0.03398045 -0.47105086 -0.09757534 -0.42670774 -0.15272413 -0.2939211
   0.49626866  0.28198674 -0.67180145 -0.60099226 -0.44470066 -0.39561954
  -0.438045    0.64965653  1.0962259   1.210834   -0.41002977 -0.30986813
  -0.23264384  0.09913781  1.7198954   1.8212426   0.10346963 -0.26680163
  -0.6516168  -0.66770214 -0.7653982   0.0911241  -0.39395607  0.09298252
  -0.25364152 -0.3262575   0.03438693 -0.34372622 -0.39862925 -0.5457546
  -0.77108383 -0.44420075 -0.44040114 -0.68580824 -0.08411336 -0.5380368
  -0.40708476  1.418778    0.70580345 -0.17778184 -0.26750255 -0.34935662
  -0.00924016 -0.18402939  0.291308   -0.33739433 -0.3401298  -0.6257795
  -0.26202434 -0.6960572  -0.4714983   0.59596485  0.22534238  0.5735404
  -0.3911784   0.16725911  0.01186583  1.1078477  -0.17166592 -0.32765284
   0.05823369  0.76649714  0.3847761  -0.42055777]]