[[ 0.753128    0.49333647  0.78947437 -0.21832034 -0.68855643 -0.8949652
  -0.7018983  -0.40932986  0.00909235 -0.3341614  -0.44905216 -0.9926931
   0.28260052 -0.26323515 -0.49357712  1.2176516  -0.42215547  0.37718076
  -0.40986434  0.86170644  2.2573895  -0.5000127  -0.76184165 -0.57930565
   0.19812232 -0.43078405 -0.3470467   0.22395317 -0.43586    -0.66231406
  -0.35477766 -0.61422956  0.09737799  0.1034186  -0.4906653  -0.38338342
   0.08053789  0.3720086  -0.8509256  -0.6195731  -0.50828725 -0.04593655
  -0.41789904  1.4581621   1.661867    0.56096673 -0.23868331 -0.34243894
   0.02110132  0.01816356  0.9228486   1.8400326   0.11945377 -0.23702931
  -0.02935441 -0.46835065 -0.89180577  0.07010253 -0.15503338  0.27990976
  -0.20400518 -0.27664927  0.07846421 -0.390389   -0.47896126 -0.6118908
  -0.84443253 -0.44625482 -0.3848003  -0.6036088   0.6323092  -0.61252767
  -0.41497678  1.3302557   1.0480546  -0.28565407 -0.4231979  -0.55213106
  -0.26979932  0.04157437  0.41261402 -0.24413246 -0.52941096 -0.66867703
  -0.59601456 -0.7804097  -0.43495178  0.62375534  0.15940143  0.50889105
  -0.55753237  0.40713322 -0.1653685   1.0114167   0.31810278 -0.39177972
  -0.12370677  0.91690516  0.01441257 -0.41566855]]