[[ 0.73617387  0.8465796   0.37710086 -0.11086185 -0.5763155  -0.8628997
  -0.84461343 -0.46255946 -0.04165696 -0.27876705 -0.45350662 -0.94290245
   0.5427392  -0.25984192 -0.50578356  0.37705016 -0.50824803  0.3094715
  -0.28911677  0.8815985   2.1965282  -0.51677555 -0.71315587 -0.6651367
   0.11059221 -0.5189195  -0.43706205  0.11848509 -0.32658884 -0.70311785
  -0.36041737 -0.31308705  0.10038108 -0.30010352 -0.34307277 -0.4363506
   0.07686783  0.48211533 -0.83711296 -0.62238836 -0.5425903   0.11763965
  -0.3990938   0.594249    2.0570474   0.27081513 -0.2512471  -0.17519923
   0.12101746 -0.00907147  1.2112726   1.9913956   0.17627503  0.17272748
   0.05195991 -0.38877067 -0.7849298   0.3002175  -0.14759433  0.4118461
  -0.21357335 -0.25340223  0.02548603 -0.20974095 -0.4558329  -0.59982544
  -0.8844054  -0.3979602  -0.34604216 -0.6016249   0.4588205  -0.61471707
  -0.42968923  1.5069718   1.0155782  -0.22545366 -0.42408293 -0.4478989
  -0.10537662 -0.13526551  0.39693812 -0.3111047  -0.45454252 -0.60914487
  -0.4261533  -0.75397015 -0.43078506  0.81971514  0.2700011   0.42690605
  -0.5317884   0.2583833  -0.15348385  0.8297727   0.2888576  -0.37305632
   0.08704964  0.8873249  -0.08861978 -0.36851415]]