[[ 1.4049535   0.78128856  0.28212905 -0.02883697 -0.5372538  -0.70541394
  -0.79520804 -0.3284873  -0.18788211 -0.22979504 -0.47220257 -0.830674
   0.5344694  -0.24954487 -0.49917254 -0.00453336  0.07749674  0.8050639
  -0.12351537  1.2338408   0.43806836 -0.5360829  -0.40344805 -0.58790076
   0.5376078  -0.31416044 -0.05175646 -0.36800516 -0.30602047 -0.64825255
   0.18276986 -0.0805245   0.19512595 -0.3641532  -0.43062466 -0.12168591
   0.13630076  0.39207488 -0.8512599  -0.51803017 -0.40226853 -0.33097583
  -0.42337787  0.7880908   2.288882    0.9181118  -0.34808725 -0.3227333
  -0.18424237  0.20015776  1.4680156   2.7639797   0.4264433  -0.07604534
  -0.6081044  -0.5784856  -0.6817226   0.5537767  -0.4010724   0.37482756
  -0.23076679 -0.3227701   0.22720027 -0.14310579 -0.3439301  -0.34589818
  -0.7606908  -0.30899203 -0.3957956  -0.6078981  -0.44498065 -0.5700641
  -0.35467467  2.269236    0.76951164 -0.5570745  -0.02321954 -0.3738626
  -0.26039842 -0.3066784   0.85808086 -0.2839302  -0.3879225  -0.5800411
  -0.33373192 -0.69329983 -0.4122592   1.2919321   0.18499099  0.97463334
  -0.2971995   0.29959708 -0.177468    0.7527842  -0.2485982  -0.3368387
  -0.1096306   1.39346     0.02872171 -0.34545287]]