[[ 0.6173454   0.45989788  0.5627154  -0.09368432 -0.6322243  -0.9184191
  -0.677714   -0.5677867  -0.1409111  -0.22372623 -0.4285884  -0.95402884
   0.7847684  -0.26231307 -0.58937424  1.1311519  -0.3064703   0.6551311
  -0.34320638  0.54726774  2.1206229  -0.54091334 -0.7469968  -0.5925976
   0.06182106 -0.57893044 -0.40173265  0.03747025 -0.39981198 -0.5817252
  -0.27276784 -0.41982302 -0.03219994 -0.18073192 -0.2792027  -0.4510455
   0.25395876  0.24555722 -0.7806812  -0.6904989  -0.54005426 -0.19129406
  -0.40205392  1.0526198   1.0835892   0.71904916 -0.36848947 -0.3324209
  -0.15490717  0.03892174  1.4231428   1.3267255   0.1179653  -0.12859151
  -0.12441777 -0.44833907 -0.8571475   0.15372603 -0.23440595  0.20383243
  -0.13986203 -0.23584357  0.03859406 -0.307193   -0.502087   -0.53843343
  -0.70977336 -0.43824202 -0.4039956  -0.6272252   0.50659925 -0.59515053
  -0.46264103  1.037746    0.97032326 -0.38937947 -0.3723295  -0.53614545
  -0.14610994 -0.06881054  0.12316091 -0.19825917 -0.40965655 -0.6434806
  -0.52438176 -0.7235451  -0.5022638   0.33286434 -0.24809803  0.17028333
  -0.5659961   0.20146504 -0.39243823  1.1054969   0.26365855 -0.3911712
   0.11012112  0.66499037 -0.01482988 -0.49974218]]