[[ 0.7232268   0.7817843   1.0087435   0.0725451  -0.7677083  -0.9421042
  -0.79056215 -0.36387184 -0.05947915 -0.35357746 -0.5961375  -1.0150845
   0.20337133 -0.24163932 -0.67057693  1.2487384  -0.6412289   0.20326436
  -0.43158725  1.0778942   2.6273983  -0.42981446 -0.79068696 -0.5857332
  -0.12762634 -0.54125106 -0.38084543 -0.07750991 -0.45927724 -0.6861787
  -0.49850002 -0.71190685  0.16621119  0.3640142  -0.36984527 -0.37261856
   0.10761669  0.1806028  -0.9127558  -0.5480128  -0.54091924 -0.3017541
  -0.4195158   1.9414294   1.7532487   0.43070874 -0.39981082 -0.40474287
   0.01851081 -0.07675678  0.9040044   2.2841177   0.23964341 -0.16264296
  -0.7110732  -0.8682583  -1.0469074   0.04660987 -0.35449812  0.41972685
  -0.23530237 -0.31748718  0.06347226 -0.34151334 -0.5218389  -0.6637558
  -0.9318177  -0.41426617 -0.41489494 -0.6551648   0.6595842  -0.60460037
  -0.46161407  1.503463    1.2924306  -0.37353703 -0.42438188 -0.5689194
  -0.05199651  0.01838698  0.38542363 -0.40324932 -0.55381763 -0.6656166
  -0.48377702 -0.81279576 -0.44955882  0.84079933  0.21471347  0.7049412
  -0.6036681   0.660635   -0.14316216  0.6896303   0.34214947 -0.45601383
  -0.03346115  1.0903878  -0.15249851 -0.4804118 ]]