[[ 0.5514951   0.82603216  0.88258046 -0.23435509 -0.6928786  -0.91608554
  -0.80469143 -0.4524749  -0.14856814 -0.3700713  -0.45439905 -1.1502484
   0.36981902 -0.29054177 -0.75476384  1.2130417  -0.42145178  0.42999166
  -0.44280386  0.43491262  3.0824854  -0.49261332 -0.74123895 -0.5560091
   0.16973679 -0.73855925 -0.18787085  0.1156811  -0.42098764 -0.6849417
  -0.09344881 -0.13770285 -0.09056409  0.13780253 -0.38141432 -0.48982614
  -0.19684382  0.4786848  -0.9402251  -0.6988389  -0.5205226  -0.185499
  -0.4074294   2.1749902   1.1319056   0.5111993  -0.47770688 -0.01820644
  -0.00914237 -0.22395815  1.561574    1.4378053  -0.10245943 -0.14580612
  -0.32034218 -0.6214112  -0.9330704   0.2082952  -0.3638515   0.2661817
   0.01594069 -0.35057563 -0.09310937 -0.41881788 -0.528338   -0.5938819
  -0.86691195 -0.58972377 -0.4518859  -0.60113764  0.60616904 -0.72589976
  -0.5075857   1.0835434   0.89490515 -0.38748372 -0.33563814 -0.4691206
  -0.25608468  0.09072608  0.23924325 -0.4610603  -0.5344025  -0.7153996
  -0.69416815 -0.8684706  -0.5022564   0.42633182  0.09077485  0.14441179
  -0.6954528   0.43257496 -0.36197546  1.0493845   0.5824294  -0.4532244
  -0.0900621   0.56357986 -0.09044243 -0.5534018 ]]