[[ 0.52370775  1.0069743   0.42942223 -0.24873357 -0.6453263  -0.9001617
  -0.96981466 -0.47940663 -0.2173808  -0.15806448 -0.5339016  -1.0380721
   0.23356126 -0.25073752 -0.67546374  0.5876645  -0.46935523  0.7830836
  -0.36092338  0.91971314  2.358385   -0.51945615 -0.51908314 -0.6230933
   0.18896624 -0.6716169  -0.2741587   0.06689466 -0.39888167 -0.6708048
  -0.11287659 -0.19238375 -0.03525519 -0.10169487 -0.37598428 -0.43840367
   0.22513372  0.24063528 -0.8678228  -0.65830666 -0.5222693  -0.16230221
  -0.38159648  1.5746334   1.5477947   0.55802685 -0.41037852 -0.05962158
  -0.1813373   0.01526154  1.4233017   2.1830282  -0.13695833 -0.1322309
  -0.4228303  -0.64611006 -0.88107646  0.07310565 -0.33983257  0.126106
   0.01078222 -0.3209975   0.01834426 -0.35888827 -0.5007214  -0.6000717
  -0.8668756  -0.653542   -0.43345028 -0.6343984   0.5039934  -0.68760264
  -0.48444277  1.4155335   0.940185   -0.29245    -0.00584139 -0.36426795
  -0.21294215  0.01113389  0.51709694 -0.42624667 -0.42295474 -0.65967983
  -0.56663877 -0.7913425  -0.4731305   0.77574795  0.18141568  0.31058225
  -0.5985386   0.50067097 -0.10344348  0.93245476  0.27900332 -0.4239473
  -0.03693266  0.6871836  -0.01336805 -0.4828974 ]]