[[ 0.8674897   0.73527026  0.7261418  -0.2072338  -0.72439796 -0.90169084
  -0.8368445  -0.4171865  -0.17021176 -0.27542514 -0.5616174  -1.0894557
   0.257529   -0.28303292 -0.6678841   1.148473   -0.22123612  0.9576681
  -0.40635982  0.47356087  2.6977181  -0.5004276  -0.8680174  -0.519328
   0.53831816 -0.7169269  -0.12542488  0.08247134 -0.3949649  -0.682164
   0.13515244  0.049055   -0.00583243  0.14775458 -0.36708453 -0.3825589
   0.14142594  0.34532487 -0.90362585 -0.6551606  -0.510793   -0.15960969
  -0.40651822  2.4003856   0.91440034  0.9365504  -0.4140468   0.13942643
  -0.25850227 -0.05137601  1.6431173   1.1592231  -0.12900275 -0.08047287
  -0.6027003  -0.7854251  -0.9204107   0.21082948 -0.33858168  0.18860592
  -0.10981141 -0.3811782  -0.0510477  -0.5545216  -0.48572728 -0.5973358
  -0.8394164  -0.54018384 -0.45322192 -0.54997516  0.69433296 -0.71867746
  -0.524432    1.0117139   0.9612144  -0.41490632 -0.5423429  -0.45513612
  -0.31222048  0.08421005  0.05210258 -0.38721368 -0.5050776  -0.73748267
  -0.7810997  -0.8562104  -0.4980082   0.42112634 -0.23859252  0.33629718
  -0.65537685  0.4895548  -0.24741057  1.2849865   0.516096   -0.42049286
  -0.04249097  0.744777   -0.0181484  -0.5199694 ]]