[[ 1.0508659   1.3394188   0.5079365  -0.00497615 -0.6739858  -0.85252637
  -0.97227293 -0.41665822 -0.12519924 -0.2445814  -0.5795591  -0.96020585
   0.14025857 -0.21628714 -0.60862267  0.6063673  -0.56246984  0.20425995
  -0.25997105  1.4195791   1.7966934  -0.46147975 -0.5382059  -0.6130802
   0.04421632 -0.4730728  -0.42295358 -0.44211018 -0.36415896 -0.7283821
  -0.3559054  -0.6430445   0.22578135 -0.01751076 -0.176371   -0.34434742
   0.07725401  0.15958205 -0.8914839  -0.54150754 -0.5333448  -0.38112235
  -0.44454443  1.2612554   2.28593     0.39076772 -0.37472513 -0.4857313
  -0.08546788  0.03563002  0.7631199   3.0206656   0.23967434 -0.2807382
  -0.6557888  -0.7596808  -0.9425084   0.06166775 -0.35560068  0.35024583
  -0.26287436 -0.2615448   0.28362677 -0.2580302  -0.49064398 -0.6510957
  -0.8656805  -0.3981696  -0.39125353 -0.75055724  0.03122464 -0.5518643
  -0.36365098  2.1413577   1.2629623  -0.5401799  -0.03861097 -0.5141124
   0.1798014  -0.04936126  0.74558663 -0.32919323 -0.45384073 -0.6025946
  -0.3028884  -0.80615216 -0.41960907  1.3152566   0.35680345  1.0738351
  -0.45952153  0.6033298  -0.21057223  0.3035106   0.17511089 -0.40260547
   0.13674504  1.312432   -0.19535857 -0.4072065 ]]