[[ 0.674407    0.69152     0.9369432  -0.15552923 -0.75750726 -0.9324942
  -0.729482   -0.33754525 -0.07256456 -0.38005775 -0.58686566 -1.0409923
   0.15467283 -0.2528391  -0.64264065  1.3422389  -0.44685557  0.36790916
  -0.42641866  0.7721387   2.6594977  -0.44692957 -0.7996369  -0.52989244
  -0.02905692 -0.4813743  -0.32871994  0.05558985 -0.4623867  -0.6594835
  -0.40599373 -0.68468016  0.04042213  0.34545246 -0.3461685  -0.3578619
   0.06960811  0.3286362  -0.8602811  -0.5783263  -0.5149684  -0.27233428
  -0.42945418  2.0433302   1.2996867   0.5564994  -0.3607763  -0.3542928
   0.01933537 -0.04938971  1.0598783   1.770843    0.05697046 -0.24885598
  -0.7110444  -0.86145866 -0.96306455 -0.07693546 -0.38027525  0.2597685
  -0.19272853 -0.36388066 -0.01449232 -0.45826104 -0.5167075  -0.6213401
  -0.867234   -0.47999454 -0.43178695 -0.6287118   0.70774066 -0.6213523
  -0.47464865  1.2448586   1.132071   -0.31914353 -0.41184598 -0.5609775
  -0.10201935  0.02857927  0.3625811  -0.37083405 -0.54594266 -0.67678416
  -0.57524717 -0.8084459  -0.4481602   0.5861244   0.23906085  0.48209763
  -0.6023684   0.5390682  -0.12756366  0.85455024  0.32956597 -0.4253974
  -0.03751134  0.80103225 -0.02807735 -0.44577008]]