[[ 1.47699416e+00  9.08753514e-01  2.99532950e-01 -1.56286120e-01
  -6.68675423e-01 -9.16531682e-01 -8.86212409e-01 -5.64577937e-01
  -2.50862509e-01 -1.07123166e-01 -5.16738057e-01 -9.11434829e-01
   5.51136971e-01 -2.14858904e-01 -5.30051410e-01  5.88794708e-01
  -1.10076256e-01  8.63496721e-01 -2.87847847e-01  1.39746094e+00
   1.26832020e+00 -5.53344011e-01 -5.22913635e-01 -7.02822924e-01
   3.63054216e-01 -3.59251350e-01 -3.55819196e-01 -6.54202700e-02
  -3.93984079e-01 -6.33501768e-01 -6.68097436e-02 -5.85117817e-01
   2.66544491e-01 -2.34355018e-01 -3.19516957e-01 -2.91611701e-01
   3.62501889e-01  1.95913836e-01 -7.94410169e-01 -6.22732639e-01
  -4.99387354e-01 -4.17979896e-01 -3.82533967e-01  6.50944591e-01
   2.26033831e+00  1.19310224e+00 -3.31841499e-01 -4.48781818e-01
  -3.14624131e-01  3.42810601e-01  1.37845397e+00  3.00152135e+00
   2.66346782e-01 -3.15684557e-01 -5.50931573e-01 -6.75304711e-01
  -9.16261971e-01  3.37413400e-02 -3.98179978e-01  1.76901564e-01
  -2.68226802e-01 -3.41533333e-01  4.36617434e-01 -3.04387540e-01
  -4.71105248e-01 -5.80269575e-01 -7.96083748e-01 -4.30391490e-01
  -3.88578475e-01 -7.59007096e-01  2.07580209e-01 -5.62394559e-01
  -3.51318389e-01  2.47257423e+00  1.26244307e+00 -3.19088638e-01
  -9.21446756e-02 -4.39284891e-01 -8.31615105e-02 -1.07196264e-01
   8.22793901e-01 -1.38324603e-01 -4.10935402e-01 -6.55717611e-01
  -3.32121551e-01 -7.33508408e-01 -4.19026017e-01  1.36935055e+00
   1.43841207e-01  9.60934699e-01 -4.14126724e-01  4.42408711e-01
  -1.86004341e-02  1.29812562e+00 -1.81352586e-01 -3.32945317e-01
   1.29843457e-03  1.36659729e+00  4.86233503e-01 -4.74391997e-01]]