[[ 1.1945251   1.0694277   0.03920393 -0.21666692 -0.55476964 -0.7628147
  -0.8045724  -0.31527627 -0.02037457 -0.20281348 -0.46117312 -0.8928702
   0.03169518 -0.23897982 -0.514745    0.02162208 -0.2401993   0.4671095
  -0.19359897  1.2848747   0.910284   -0.52602625 -0.5165624  -0.55643916
   0.26816803 -0.23768248 -0.3406773  -0.20641853 -0.33273122 -0.70970994
  -0.1254307  -0.55160975  0.25572237 -0.37819186 -0.41315874 -0.32599536
   0.12662858  0.7058685  -0.73722565 -0.5459887  -0.4393143  -0.26018557
  -0.44289517  0.2506492   2.1017296   0.62882096 -0.22366734 -0.2628231
   0.32134065  0.08562459  1.0845292   2.6496506   0.0185298  -0.34135816
  -0.6234906  -0.6383189  -0.61847544  0.02304775 -0.3733224   0.13034566
  -0.1686719  -0.278471    0.21493746 -0.36108792 -0.38137415 -0.6099777
  -0.8135347  -0.41970703 -0.38458547 -0.648279   -0.21353152 -0.5488032
  -0.35635483  2.068667    0.73405135 -0.24588566 -0.05218773 -0.4030355
  -0.16953574 -0.17105809  0.6757601  -0.24518867 -0.39021528 -0.5806829
  -0.22023386 -0.75388587 -0.37435767  1.1644247   0.75049984  0.9592246
  -0.3879597   0.30338317 -0.0759239   0.62622523 -0.27662054 -0.31532583
  -0.1566395   1.1123273   0.12599406 -0.14691469]]