[[ 0.9805926   0.6396839   0.4609925  -0.01073189 -0.57961106 -0.77660555
  -0.7601333  -0.43482882 -0.07848397 -0.26161626 -0.4216931  -0.8403303
   0.47577557 -0.22947039 -0.49178153  0.29620823 -0.4724435   0.3361293
  -0.26372057  1.0684355   1.4160776  -0.50531435 -0.5552281  -0.611367
   0.08669371 -0.41130862 -0.37141138 -0.11321194 -0.32598138 -0.64125526
  -0.30066445 -0.45259044  0.21321787 -0.20949553 -0.42651394 -0.3703801
   0.14113304  0.16840887 -0.79064596 -0.5340622  -0.49566033 -0.13417621
  -0.4132078   0.60215026  2.0176091   0.3962712  -0.2948045  -0.25949767
  -0.06436544  0.06864359  0.89011526  2.2971158   0.33754292  0.05090591
  -0.31602675 -0.5088595  -0.7328019   0.29604784 -0.24156381  0.42690694
  -0.23962349 -0.26569188  0.17687915 -0.13005465 -0.40695214 -0.53724384
  -0.82008934 -0.31423166 -0.3745572  -0.62315816  0.16281088 -0.5256259
  -0.393089    1.8183221   1.0341429  -0.33475465 -0.21286175 -0.43673807
  -0.196234   -0.18605743  0.6043025  -0.31491575 -0.41282922 -0.57024926
  -0.35616276 -0.6832141  -0.4269572   1.083268    0.09891375  0.7223935
  -0.43510374  0.38899747 -0.1013978   0.6098237   0.05658335 -0.36929598
  -0.03343828  1.1062723  -0.02748183 -0.38833088]]