[[ 0.784111    0.53580374  0.8443425  -0.22233193 -0.71195126 -0.8470055
  -0.6310266  -0.257062   -0.02776541 -0.34836355 -0.53536487 -0.9489321
   0.3195956  -0.22803885 -0.49891606  1.2455931  -0.37143847  0.5001564
  -0.3152458   1.0547278   1.9561002  -0.44897437 -0.64135426 -0.5083584
   0.07718519 -0.3358006  -0.3183408   0.02089228 -0.38693744 -0.5995678
  -0.32216755 -0.68024254  0.14813319  0.32137161 -0.52200896 -0.2826008
   0.1854686   0.20115264 -0.8293412  -0.5167422  -0.46519622 -0.24270356
  -0.39235145  1.789269    1.6243482   0.5861999  -0.36014155 -0.42301992
  -0.05916605  0.15849465  0.7374231   2.1593122   0.14188915 -0.2517726
  -0.64533794 -0.7677685  -0.8376231  -0.11930018 -0.35465917  0.1973448
  -0.15819424 -0.3442413   0.11721604 -0.41622326 -0.45555776 -0.4469843
  -0.77338374 -0.45070451 -0.4277875  -0.56831396  0.56392276 -0.5826605
  -0.43184656  1.5852733   1.196006   -0.36663884 -0.22510286 -0.51771474
  -0.28660604 -0.02074711  0.74602276 -0.28619653 -0.46718612 -0.6236728
  -0.6034223  -0.7204811  -0.4293021   0.93758786  0.03714575  0.6311742
  -0.48885196  0.61442375 -0.01062624  0.7875048   0.16160572 -0.4121798
  -0.15007885  1.0767012  -0.02411417 -0.40137428]]