[[ 1.2127105e+00  5.0625741e-01  4.9904099e-01 -1.6728355e-01
  -6.3859534e-01 -8.0073142e-01 -8.3656740e-01 -2.8936344e-01
  -1.6363245e-01 -2.7145004e-01 -5.3717440e-01 -9.6516913e-01
   2.3259974e-01 -2.2782654e-01 -4.7520077e-01  7.4903822e-01
  -4.8071000e-01  7.1667427e-01 -1.9102931e-01  1.2325844e+00
   1.4650114e+00 -4.3149021e-01 -4.2978883e-01 -6.2909818e-01
   2.8849754e-01 -3.0192515e-01 -3.8175508e-01 -4.2634824e-01
  -2.8972402e-01 -7.0173788e-01 -2.6729211e-01 -6.4290702e-01
   2.5764772e-01 -3.1442195e-02 -5.3847712e-01 -2.4316993e-01
   3.1132516e-01 -1.0589841e-03 -9.1777867e-01 -5.3276145e-01
  -5.5247098e-01 -1.6404630e-03 -4.4830644e-01  1.4469024e+00
   2.2036302e+00  5.7104659e-01 -2.7617446e-01 -3.2221997e-01
  -5.0610237e-02  2.8449786e-01  9.0254980e-01  2.6398067e+00
   2.7801505e-01  1.1306311e-01 -6.3765782e-01 -7.7468795e-01
  -8.4094763e-01  7.2025947e-02 -3.1192216e-01  4.2054805e-01
  -2.6791942e-01 -2.8427923e-01  1.9915481e-01 -3.2513392e-01
  -4.6980116e-01 -4.9598643e-01 -8.6054480e-01 -4.6603832e-01
  -4.2652869e-01 -6.6467965e-01  4.9274969e-01 -6.0639364e-01
  -3.9353502e-01  1.8139715e+00  9.3800050e-01 -5.1102310e-01
  -4.3983746e-02 -4.8734435e-01 -3.0105245e-01 -1.3944238e-01
   9.3987489e-01 -2.9614115e-01 -4.9847800e-01 -5.8529669e-01
  -5.1593113e-01 -7.8680277e-01 -3.9809853e-01  1.1997751e+00
   1.7100210e-01  1.1040835e+00 -4.1009301e-01  5.1928908e-01
  -7.7967979e-02  6.1275512e-01 -4.8187137e-02 -3.8395706e-01
   2.3220422e-02  1.2530843e+00 -2.5092387e-01 -3.4822750e-01]]