[[ 1.2282642   0.73219967  0.44793242 -0.14804251 -0.6191765  -0.7661621
  -0.7550904  -0.31867453 -0.09711552 -0.26368606 -0.4917455  -0.92268217
   0.26323384 -0.23592278 -0.50431854  0.5765446  -0.19326988  0.59503144
  -0.20102529  1.1991972   1.1692493  -0.48928258 -0.48800156 -0.56024355
   0.32237497 -0.27496788 -0.3811959  -0.3060164  -0.32648683 -0.6550948
  -0.11176146 -0.6075828   0.18082607 -0.08244054 -0.4481314  -0.27132347
   0.11527714  0.40272614 -0.8406747  -0.5507251  -0.45909822 -0.3091985
  -0.43996722  1.003485    1.9978393   0.8249076  -0.36524868 -0.4967508
   0.01886768  0.16884962  1.1449745   2.5839336   0.22419727 -0.2729166
  -0.6033698  -0.6754642  -0.79004854  0.03131573 -0.3687856   0.2468091
  -0.20757502 -0.31020355  0.21509658 -0.32332373 -0.42578685 -0.50448376
  -0.78173196 -0.3893122  -0.4135748  -0.66860807 -0.05453924 -0.5680044
  -0.36368948  1.9593502   0.88259566 -0.5053566  -0.08730751 -0.47457469
  -0.22216618 -0.14864117  0.81722355 -0.25234294 -0.4447252  -0.6052301
  -0.35940552 -0.7449208  -0.41608003  1.1183798   0.28037426  0.9532735
  -0.3734001   0.4047644  -0.14715526  0.71464777 -0.12486494 -0.35245118
  -0.13507867  1.191613    0.02191245 -0.34317428]]