[[ 0.6312255   0.6330794   0.840638    0.05184457 -0.74943507 -0.9035245
  -0.7564452  -0.34103596 -0.05081091 -0.35837933 -0.5761405  -0.9815585
   0.15258792 -0.24759805 -0.62437046  1.1765028  -0.6073023   0.3105771
  -0.38868836  0.947136    2.410265   -0.43990326 -0.7228373  -0.5533293
  -0.09717213 -0.47443238 -0.3687935  -0.0611316  -0.41756174 -0.66566825
  -0.45560545 -0.7024133   0.1578324   0.2978171  -0.33865708 -0.33059308
   0.2286529   0.13614836 -0.84286773 -0.5548214  -0.53145486 -0.3238406
  -0.4331215   1.8057051   1.4535147   0.40190172 -0.3759919  -0.37561536
  -0.0158815   0.0088567   0.8096844   2.0124118   0.13889258 -0.24492446
  -0.6927622  -0.8256705  -0.9781758  -0.05000851 -0.34535673  0.2518175
  -0.22757308 -0.31563246  0.01261059 -0.43736598 -0.5112268  -0.6287398
  -0.89281094 -0.4683481  -0.42183015 -0.6484936   0.6064453  -0.5723565
  -0.46378237  1.2880818   1.1502962  -0.31836554 -0.4157855  -0.5536913
  -0.02974969 -0.01107197  0.35252953 -0.3736554  -0.5092629  -0.63337183
  -0.45620418 -0.79797906 -0.45853096  0.7208997   0.16525254  0.7446633
  -0.55026996  0.5916223  -0.09938741  0.7174487   0.2536285  -0.45646352
  -0.0178807   0.9573977  -0.13148263 -0.43249416]]