[[ 5.65562844e-01  8.16004753e-01  3.90939057e-01 -2.69575059e-01
  -6.61130726e-01 -9.26515758e-01 -8.22083175e-01 -3.81607920e-01
  -1.93477079e-01 -2.87877649e-01 -4.71485823e-01 -1.08051765e+00
   3.73175144e-01 -2.77631283e-01 -6.39490724e-01  6.82958364e-01
  -5.25640011e-01  5.12383342e-01 -2.26457521e-01  7.99822807e-01
   2.77452135e+00 -4.51021761e-01 -7.47036636e-01 -6.21100307e-01
  -8.83248225e-02 -5.68923950e-01 -3.85883451e-01  1.10578872e-01
  -2.48770297e-01 -6.85736060e-01 -3.92989337e-01 -2.91959435e-01
   1.09381646e-01  7.16029853e-03 -2.79908627e-01 -3.91111225e-01
   1.68240428e-01  4.02214825e-01 -7.90214777e-01 -6.04798555e-01
  -5.74143767e-01 -8.17062035e-02 -3.95782918e-01  1.55425584e+00
   1.54169881e+00  3.39309931e-01 -4.48040694e-01 -7.47444704e-02
   1.90211505e-01 -3.43562067e-02  1.37498510e+00  1.87459671e+00
  -1.18947297e-01  1.38904288e-01 -7.38832295e-01 -8.59574914e-01
  -9.27088916e-01  6.06079139e-02 -3.56879771e-01  2.06550822e-01
  -1.22324996e-01 -3.69751900e-01 -3.55950892e-02 -5.02679706e-01
  -5.22692323e-01 -6.54136539e-01 -9.38712776e-01 -5.92515230e-01
  -4.34678406e-01 -6.04805708e-01  8.90767217e-01 -6.53953254e-01
  -5.06866753e-01  1.37458396e+00  1.10761929e+00  3.83288949e-04
  -2.61549354e-01 -4.40281212e-01 -5.19703217e-02 -7.51054063e-02
   3.18104655e-01 -4.60177690e-01 -4.94335324e-01 -6.30178392e-01
  -5.51978171e-01 -7.92947710e-01 -4.52763349e-01  7.18965292e-01
   1.14497073e-01  3.41686577e-01 -5.85400701e-01  4.91966188e-01
  -1.57957934e-02  9.25817192e-01  2.11937770e-01 -4.13092345e-01
   1.42713621e-01  6.88636482e-01 -8.35058186e-03 -3.78228664e-01]]