[[ 1.397515    0.8612714   0.24177645 -0.16736075 -0.67645395 -0.94599134
  -0.8777477  -0.5792874  -0.22621693 -0.09692562 -0.52200484 -0.9141583
   0.4745875  -0.22582293 -0.5082714   0.644211   -0.29381958  0.66432375
  -0.29319334  1.4374678   1.4295722  -0.557082   -0.51292706 -0.73503035
   0.28831318 -0.37962225 -0.40791592  0.06025272 -0.39778358 -0.6426694
  -0.17383997 -0.6289116   0.3447259  -0.22100142 -0.34285933 -0.31506792
   0.34628317  0.06608368 -0.76756203 -0.61120456 -0.5231434  -0.43611085
  -0.3863215   0.65520585  2.3027318   0.9811731  -0.37040612 -0.44518802
  -0.26178503  0.32387745  1.1438941   3.05289     0.21540868 -0.36839747
  -0.54392534 -0.6819834  -0.97438705  0.02024259 -0.31902653  0.12372338
  -0.26684847 -0.32368892  0.45766664 -0.3324891  -0.5107837  -0.6145303
  -0.8179341  -0.44789785 -0.38798723 -0.7533463   0.3783363  -0.5626062
  -0.34912243  2.5076127   1.3803066  -0.14768803 -0.09783026 -0.4416012
  -0.06270108 -0.06417695  0.83656543 -0.1525549  -0.41319826 -0.62450075
  -0.33322257 -0.7341348  -0.4247797   1.3847702   0.03827828  0.99927104
  -0.41545275  0.454636    0.09366455  1.255151   -0.17815389 -0.35778037
   0.00707852  1.3609393   0.5281102  -0.46771318]]