[[ 1.01832592e+00  1.43758190e+00  1.49970785e-01 -1.27692446e-02
  -5.77026367e-01 -7.84025908e-01 -9.84500945e-01 -3.95762295e-01
  -6.77784830e-02 -1.87461033e-01 -5.46649396e-01 -8.97296786e-01
   1.65271580e-01 -2.17276752e-01 -5.50689161e-01 -3.43899168e-02
  -5.23984432e-01  4.12149489e-01 -2.03138113e-01  1.41023493e+00
   1.20376480e+00 -5.13073564e-01 -4.36384171e-01 -6.10907972e-01
   1.00559339e-01 -3.03362727e-01 -3.53340477e-01 -5.36467373e-01
  -3.34629983e-01 -7.75691450e-01 -2.63842732e-01 -5.74787021e-01
   1.83083773e-01 -3.79182160e-01 -2.12875247e-01 -3.06450456e-01
   2.26831093e-01  4.65827763e-01 -8.44145954e-01 -5.51973701e-01
  -4.81934607e-01 -3.23815614e-01 -4.79911983e-01  4.25211430e-01
   2.23355484e+00  2.71002501e-01 -2.01659709e-01 -3.29925209e-01
   1.63549751e-01  1.86886296e-01  8.99762571e-01  2.86831927e+00
   2.81808287e-01 -2.78773010e-01 -6.38904810e-01 -6.75515890e-01
  -6.74555421e-01  1.39999926e-01 -3.72732818e-01  3.10512304e-01
  -2.39593998e-01 -2.37788588e-01  2.09767148e-01 -2.35154748e-01
  -4.24911499e-01 -6.35976613e-01 -8.34527493e-01 -3.83370996e-01
  -3.72728497e-01 -7.50512660e-01 -3.61975521e-01 -5.31365871e-01
  -3.57976139e-01  2.06460643e+00  8.60881448e-01 -5.53389013e-01
   2.44098343e-03 -4.70234543e-01  1.19037345e-01 -1.60977334e-01
   7.78111100e-01 -2.52079397e-01 -3.90839010e-01 -5.52552938e-01
  -1.47032872e-01 -8.00922096e-01 -3.88897747e-01  1.25802147e+00
   8.62326205e-01  1.11426878e+00 -3.90721828e-01  3.75875801e-01
  -1.63040861e-01  1.02568410e-01 -4.35140505e-02 -3.56549323e-01
   9.72861424e-02  1.14807332e+00 -1.84625894e-01 -2.45485142e-01]]