[[ 0.22174895  0.5685599   0.15051343 -0.49482068 -0.63657725 -1.1776904
  -0.8495065  -0.86147    -0.3812493   0.02397086 -0.486802   -1.0473017
   1.1918039  -0.28446904 -0.48405156  1.5439942  -0.5238728   0.81851524
  -0.48871255  0.35137755  2.651315   -0.62850296 -0.8503973  -0.75786304
  -0.02343257 -0.57909095 -0.4001873   0.45542464 -0.4558749  -0.63444835
  -0.43205225 -0.3223871  -0.28996852 -0.551982   -0.42164713 -0.48032674
   0.35210383  0.04557125 -0.6791947  -0.8512951  -0.6859011  -0.13828614
  -0.34763584  0.44030607  0.8876509   0.10099363 -0.12797077 -0.06229235
  -0.38206163  0.6016009   0.78841025  1.0636067  -0.10944103 -0.33207735
   0.12782791 -0.45528394 -1.056499   -0.00310217 -0.21309197 -0.12378257
  -0.2570581  -0.30612686  0.03831195 -0.38948852 -0.5798811  -0.651676
  -0.62020254 -0.59861547 -0.31359103 -0.7211624   1.3368539  -0.72554547
  -0.4470057   0.4638934   0.9919137   0.23908278 -0.49010244 -0.50288874
  -0.341335    0.01912604  0.01465947  0.20243247 -0.43688253 -0.6290123
  -0.59111595 -0.8043753  -0.37553117  0.26573378  0.14209653 -0.00657145
  -0.70028436  0.01159707 -0.13491383  1.7778839  -0.01017    -0.38074926
   0.34160516  0.34959832  0.11021437 -0.5764    ]]