[[ 0.86320484  1.0825636   0.34413886 -0.06151169 -0.6363149  -0.79617965
  -0.88577116 -0.35049218 -0.08199565 -0.22484909 -0.55530757 -0.899864
   0.28456843 -0.21331994 -0.49179184  0.41400898 -0.50677454  0.70753235
  -0.20641804  1.2742821   1.3747103  -0.5068176  -0.39870504 -0.5851095
   0.13476172 -0.24891722 -0.3221343  -0.4275685  -0.31640214 -0.7227389
  -0.26369792 -0.6299621   0.13094382 -0.16432501 -0.24189077 -0.22405809
   0.43087223  0.22636183 -0.8428824  -0.55709374 -0.4824409  -0.34035823
  -0.48326692  0.98380387  1.8610103   0.35712197 -0.21891397 -0.38564876
  -0.0584657   0.38557407  0.78429776  2.5614104   0.31689578 -0.32585156
  -0.63507366 -0.68809146 -0.72432417  0.00994604 -0.36794627  0.21663754
  -0.23750594 -0.26230946  0.15223145 -0.3385912  -0.45219025 -0.55950856
  -0.795484   -0.4380639  -0.40320152 -0.7318109  -0.08584928 -0.53237796
  -0.3803732   1.7718595   0.95026827 -0.55978036 -0.01966501 -0.50479203
   0.06946316 -0.1113876   0.8890905  -0.21287459 -0.391195   -0.55962366
  -0.29886803 -0.7819793  -0.4118189   1.1106002   0.540064    1.0903635
  -0.3717976   0.44406432 -0.05912465  0.2603136   0.0321132  -0.37307924
   0.11811567  1.0623341  -0.17732477 -0.29528302]]