[[ 5.6430864e-01  4.5813915e-01  6.7075217e-01 -2.0094772e-01
  -6.7227185e-01 -1.0031037e+00 -7.6216632e-01 -5.2599412e-01
  -6.0916163e-02 -2.7758005e-01 -4.4962078e-01 -1.0657908e+00
   5.4919040e-01 -2.7015916e-01 -6.1686200e-01  1.3267971e+00
  -5.5982053e-01  5.6015718e-01 -4.3698800e-01  5.3694952e-01
   2.8130558e+00 -5.0702840e-01 -8.7455773e-01 -6.3913405e-01
   3.3710629e-02 -6.3410765e-01 -3.6065629e-01  1.3036630e-01
  -4.4729429e-01 -6.8979239e-01 -4.4843486e-01 -4.6310455e-01
   1.3188424e-02 -9.0614215e-02 -4.0492606e-01 -5.0393057e-01
   2.3074056e-01  3.4143969e-01 -8.9295155e-01 -7.1309084e-01
  -6.0134727e-01  1.8486336e-01 -4.1278461e-01  1.3947462e+00
   1.3891364e+00  4.8727551e-01 -1.8858379e-01 -1.1786048e-01
   8.5895851e-02 -3.5811629e-02  1.3468198e+00  1.3399440e+00
   2.1415856e-04  9.4024010e-02  7.8177944e-02 -4.3941009e-01
  -8.7743068e-01  1.8590179e-01 -1.3847023e-01  3.2566705e-01
  -1.4147609e-01 -2.2072478e-01 -2.4981467e-02 -3.7322745e-01
  -5.4418999e-01 -6.5021652e-01 -8.7413967e-01 -5.5554467e-01
  -3.9533579e-01 -6.1901700e-01  9.8421955e-01 -6.8375015e-01
  -5.0140369e-01  9.4561332e-01  1.0004425e+00 -3.4541434e-01
  -4.6963632e-01 -5.6331664e-01 -2.5327280e-01 -2.5100436e-02
   4.9459666e-02 -2.7114904e-01 -5.1754379e-01 -6.8307406e-01
  -6.7537981e-01 -8.2458180e-01 -4.7937441e-01  3.2153732e-01
   9.3445539e-02  1.7387161e-01 -6.9482064e-01  2.8489432e-01
  -4.0783527e-01  1.0975688e+00  4.6479037e-01 -4.1641819e-01
   1.2390216e-01  6.2767720e-01 -2.3423047e-01 -4.4668138e-01]]