[[ 7.6261240e-01  9.6658623e-01  2.0872594e-01 -2.4545306e-02
  -4.7183394e-01 -6.6501480e-01 -6.5415245e-01 -3.1134328e-01
  -3.1135794e-02 -2.2798042e-01 -4.1904187e-01 -7.7207851e-01
   2.2148998e-01 -2.5109977e-01 -4.4024247e-01 -1.7624560e-01
  -4.4064274e-01  9.8871358e-02 -1.9814435e-01  1.2042339e+00
   7.9479104e-01 -4.8636979e-01 -4.4679776e-01 -5.3376901e-01
  -1.8224386e-02 -2.1197997e-01 -4.1674930e-01 -4.1443631e-01
  -3.3026984e-01 -6.5418446e-01 -2.8539813e-01 -5.4999417e-01
   2.0692690e-01 -3.2738540e-01 -4.4513899e-01 -3.1530884e-01
  -2.3436978e-02  3.9359871e-01 -7.4436128e-01 -4.5841515e-01
  -4.1017383e-01 -2.3374438e-01 -4.2701647e-01  1.4816411e-03
   2.1341395e+00  1.0096267e-01 -3.8298878e-01 -3.0866921e-01
   3.8797712e-01  5.8350503e-02  6.7039824e-01  2.4709547e+00
   3.1151024e-01 -1.3958567e-01 -5.3735262e-01 -5.3773642e-01
  -6.2791127e-01  2.0867029e-01 -3.3114603e-01  3.2852980e-01
  -1.6493270e-01 -2.5433916e-01  9.2442364e-02 -1.2663521e-01
  -3.4308988e-01 -5.0454926e-01 -7.3809665e-01 -2.4419922e-01
  -3.5894358e-01 -5.5588055e-01 -3.4950975e-01 -4.6453783e-01
  -3.4772205e-01  1.8148810e+00  6.7053849e-01 -3.9541015e-01
  -6.6816002e-02 -4.1777986e-01 -1.5800852e-01 -2.7453780e-01
   7.0376736e-01 -2.5682098e-01 -3.9522266e-01 -4.8712689e-01
  -1.7583723e-01 -6.4093894e-01 -3.6712715e-01  1.1279383e+00
   4.4788802e-01  6.7427868e-01 -3.1616256e-01  2.4530236e-01
  -1.2562251e-01  3.9617982e-02 -1.3915941e-01 -3.3055159e-01
  -1.2447480e-01  1.0223615e+00 -1.7716019e-01 -2.5764003e-01]]