[[ 1.1503589e+00  1.3881711e+00  5.5737782e-01  1.8020421e-02
  -6.9144565e-01 -8.6850107e-01 -9.7966671e-01 -4.1734800e-01
  -1.1975608e-01 -2.6748908e-01 -5.8341867e-01 -9.8779851e-01
   6.1606832e-02 -2.2655502e-01 -6.7761213e-01  6.5580004e-01
  -5.9364885e-01  8.4085979e-02 -3.0050805e-01  1.4148484e+00
   1.9492984e+00 -4.5689189e-01 -6.0316736e-01 -6.1851311e-01
  -1.4727144e-04 -5.5248457e-01 -4.3526465e-01 -4.2416227e-01
  -3.9495355e-01 -7.3213249e-01 -3.9144155e-01 -6.5882069e-01
   2.7407989e-01  4.2565297e-03 -1.4833316e-01 -4.1032305e-01
   8.6804815e-03  1.9937602e-01 -8.9643836e-01 -5.5291665e-01
  -5.4995537e-01 -3.7541124e-01 -4.5569241e-01  1.3861897e+00
   2.3007922e+00  4.7098961e-01 -3.8085723e-01 -4.7208992e-01
  -4.9541645e-02 -1.1901014e-01  8.7572712e-01  3.0701206e+00
   1.8752912e-01 -2.6228848e-01 -6.8124712e-01 -7.8499532e-01
  -9.6737516e-01  8.9023039e-02 -3.5942522e-01  4.1756168e-01
  -2.6017755e-01 -2.6943803e-01  3.0603164e-01 -2.4972931e-01
  -5.0754201e-01 -6.9443625e-01 -8.9736855e-01 -3.7963766e-01
  -4.0108678e-01 -7.5622082e-01  7.0299827e-02 -5.6369734e-01
  -3.7255111e-01  2.1725845e+00  1.3446813e+00 -5.0696999e-01
  -1.1814648e-01 -5.1394695e-01  2.1582614e-01 -3.2190379e-02
   5.9955454e-01 -3.5094923e-01 -4.6780646e-01 -6.3314587e-01
  -3.0665338e-01 -8.3133626e-01 -4.2821512e-01  1.2619081e+00
   3.3377582e-01  1.1073192e+00 -5.0720191e-01  6.1352068e-01
  -2.8368437e-01  3.6303651e-01  2.1492477e-01 -3.9382923e-01
   1.2406770e-01  1.3391067e+00 -1.4582779e-01 -4.0871102e-01]]