[[ 1.02744079e+00  9.08716083e-01  4.29035932e-01  3.84990498e-02
  -6.20114744e-01 -8.22018266e-01 -8.66085529e-01 -5.00602305e-01
  -2.44165152e-01 -2.24011630e-01 -4.10453677e-01 -9.63150263e-01
   6.68293059e-01 -2.71814346e-01 -5.99087298e-01  2.63240129e-01
  -2.10664392e-01  8.02244782e-01 -1.95642605e-01  8.20605457e-01
   1.98301160e+00 -5.28827667e-01 -6.43745601e-01 -6.23939633e-01
   2.46694967e-01 -5.54970264e-01 -3.82437348e-01 -1.28184661e-01
  -2.22132325e-01 -6.83026612e-01 -1.18969984e-01 -7.48185324e-04
   5.88161834e-02 -1.93376273e-01 -1.72678396e-01 -3.47563803e-01
   9.20574814e-02  4.69177276e-01 -8.22680056e-01 -5.61655164e-01
  -5.37913203e-01 -3.44396949e-01 -4.28068876e-01  9.91331458e-01
   1.66366124e+00  6.85932279e-01 -3.05132359e-01 -3.32144439e-01
  -1.65791139e-01  1.54408328e-02  1.70708144e+00  1.98799324e+00
   2.76216179e-01  7.68841505e-02 -6.78155363e-01 -7.52908349e-01
  -8.67222130e-01  5.60931504e-01 -2.81042874e-01  4.05688614e-01
  -2.72160888e-01 -3.58282894e-01  3.92822027e-02 -2.18942761e-01
  -4.25081372e-01 -6.05544686e-01 -8.62857819e-01 -3.36200923e-01
  -3.78965914e-01 -6.42096341e-01  1.00057714e-01 -6.13265991e-01
  -4.42615598e-01  1.62995136e+00  9.25606489e-01 -5.12076095e-02
  -3.13398361e-01 -3.33194792e-01 -9.49085876e-03 -1.93056092e-01
   3.87492180e-01 -3.79264951e-01 -4.07763243e-01 -5.70138216e-01
  -3.93917859e-01 -7.68965900e-01 -4.56995487e-01  8.70660484e-01
  -2.03021020e-02  5.46210766e-01 -4.90599781e-01  3.16250950e-01
  -1.51140466e-01  8.76894236e-01  9.98851359e-02 -3.50873023e-01
   8.65735039e-02  9.27257180e-01  6.71700016e-02 -4.77886617e-01]]