[[ 1.2556194   0.5637223   0.50999767 -0.23046444 -0.699064   -0.989333
  -0.8271761  -0.5805135  -0.3276075   0.02224559 -0.5216746  -0.97199655
   0.7071361  -0.24757025 -0.5954872   1.1614528  -0.16152269  1.2400533
  -0.34541875  1.0605215   1.6348624  -0.55646986 -0.56632054 -0.69069296
   0.29948503 -0.4638088  -0.35427275 -0.01372713 -0.42919272 -0.5790518
  -0.11331621 -0.56308424  0.13864934 -0.14545047 -0.44176388 -0.33697227
   0.5615638   0.02674324 -0.8097799  -0.68332016 -0.52842766 -0.41849425
  -0.4076413   1.4300005   1.5903836   1.3256358  -0.36967856 -0.48590115
  -0.4662022   0.37290227  1.463616    2.507482    0.20105977 -0.32063347
  -0.54853153 -0.7164486  -1.0243973   0.0188635  -0.39827216  0.17038839
  -0.24350534 -0.3647383   0.34201792 -0.33068758 -0.5442425  -0.5448869
  -0.7621228  -0.5237142  -0.45620733 -0.76180327  0.4902033  -0.6592313
  -0.4016375   1.8315729   1.2297153  -0.26117    -0.24142626 -0.47332445
  -0.32071292 -0.09277208  0.48495224 -0.1557973  -0.44168472 -0.71785843
  -0.5500195  -0.7452707  -0.4720749   0.9249892  -0.12479298  0.7796819
  -0.5039831   0.3866772  -0.12230276  1.4956676  -0.15183058 -0.3756075
   0.01743193  1.168615    0.42101496 -0.5344307 ]]