[[ 1.0746136   0.88358295  0.23776822 -0.09693342 -0.5690017  -0.81078964
  -1.0877237  -0.5774531  -0.45564872 -0.04357619 -0.5023192  -0.98879385
   0.5941469  -0.24476616 -0.7450759  -0.18128088 -0.16368508  1.0765876
  -0.1767343   0.9779793   1.797941   -0.52941555 -0.0222779  -0.70516014
   0.12259935 -0.7080648  -0.41587153 -0.08656852 -0.263671   -0.5867447
   0.19897284 -0.21868405 -0.03846066 -0.4507288  -0.16534902 -0.4506481
   0.26334915  0.17842865 -0.7737229  -0.7082307  -0.51329446 -0.45410055
  -0.3704682   0.8302534   1.7856492   1.0674788  -0.57984394 -0.41252032
  -0.54906416 -0.0039452   2.2934098   2.7756784   0.06840502  0.03072169
  -0.7020531  -0.72451353 -0.8302091   0.25742632 -0.47899076  0.26616064
   0.14850308 -0.36616564  0.24188823 -0.04725106 -0.49297583 -0.507402
  -0.8023559  -0.615273   -0.4623454  -0.75483805  0.05614997 -0.6253869
  -0.42748162  2.1218524   0.8186375  -0.21154442  0.5371256  -0.09869382
  -0.07683646 -0.22232386  0.94098073 -0.5424246  -0.33863902 -0.6441742
  -0.44373226 -0.73295885 -0.5359867   1.1754072  -0.06099597  0.66535574
  -0.4631996   0.3790213  -0.07642186  1.4766142  -0.13116576 -0.39428082
   0.0728292   0.773658    0.6487539  -0.5641143 ]]