[[ 1.1567124   0.74318355  0.4709014  -0.06554996 -0.59483576 -0.7649517
  -0.76094955 -0.35983375 -0.13187899 -0.24492738 -0.48294157 -0.84980947
   0.28342628 -0.23526856 -0.49035755  0.39329016 -0.26088902  0.40244788
  -0.22694476  1.2841042   1.0369432  -0.49168846 -0.48773402 -0.58880705
   0.23445764 -0.33430955 -0.39855564 -0.18864004 -0.36069965 -0.6314942
  -0.17097415 -0.60673594  0.18658069 -0.12874326 -0.45964476 -0.3062498
   0.0723926   0.19215275 -0.79138345 -0.50629646 -0.45241693 -0.32584554
  -0.40682283  0.77462715  2.211031    0.68872947 -0.41739374 -0.44941783
  -0.09685113  0.08655876  0.9625477   2.722858    0.321519   -0.19167379
  -0.58106977 -0.6446253  -0.816382    0.12193278 -0.35251567  0.34336445
  -0.21867436 -0.29039645  0.24077308 -0.19799191 -0.40311784 -0.51440555
  -0.778223   -0.32375374 -0.39601898 -0.64191234 -0.00868743 -0.5316753
  -0.354051    2.0823824   0.9985247  -0.36673817 -0.06016975 -0.43074736
  -0.21477613 -0.1471097   0.82093877 -0.29258665 -0.42700934 -0.5819185
  -0.34312752 -0.6901937  -0.40430224  1.2247161   0.10990925  0.89180464
  -0.36347547  0.42951345 -0.0477601   0.6848149  -0.0983602  -0.36029392
  -0.13006268  1.2697762   0.08066405 -0.39462468]]