[[ 0.7255917   0.6915072   0.43412092 -0.24047384 -0.60409003 -0.82660776
  -0.7805367  -0.46628082 -0.07611638 -0.30673426 -0.3821539  -0.9818
   0.58706367 -0.23716399 -0.47575757  0.6252376  -0.32211486  0.5685867
  -0.27289048  0.5947515   2.1922166  -0.5114001  -0.70261323 -0.58589303
   0.23661016 -0.4586893  -0.34661865  0.04448988 -0.2911942  -0.6785201
  -0.24301156 -0.29376206  0.00917125 -0.1983592  -0.303078   -0.3676459
   0.10574468  0.53670317 -0.8402347  -0.6548007  -0.5146733   0.09419112
  -0.4130719   0.91938114  1.5428152   0.45494062 -0.2487426  -0.21444754
   0.08085507  0.05772698  1.3304597   1.4766272   0.10545715  0.08445509
   0.03834655 -0.39907002 -0.7542741   0.21916504 -0.16856553  0.2901171
  -0.22865215 -0.30477986 -0.04961674 -0.3545121  -0.44146913 -0.5410492
  -0.82628596 -0.44066933 -0.35935465 -0.6024743   0.4075076  -0.60760117
  -0.43105784  1.2136443   0.8220313  -0.41048416 -0.44665492 -0.5000592
  -0.14287145 -0.16710572  0.2915361  -0.25634417 -0.43995586 -0.6288817
  -0.4950749  -0.7590318  -0.4520484   0.5939448   0.2128918   0.29077804
  -0.52200603  0.21724832 -0.27499622  0.8730944   0.2977952  -0.36001703
   0.08783503  0.7115034  -0.16056085 -0.39602658]]