[[ 1.4210595   0.9104298   0.13734812 -0.11823617 -0.5494153  -0.7584148
  -0.8546991  -0.3178675  -0.1058974  -0.18445832 -0.48190525 -0.8629508
   0.1443293  -0.22250594 -0.49451834  0.03615838 -0.4305286   0.4985456
  -0.17632376  1.4535624   0.79313314 -0.48521885 -0.3602546  -0.6479963
   0.21425001 -0.26014656 -0.35448584 -0.509008   -0.30111116 -0.71725273
  -0.23182392 -0.587413    0.49912286 -0.36292955 -0.46749002 -0.3116102
   0.2259549   0.27411568 -0.83473855 -0.51818556 -0.4693754  -0.10063989
  -0.45278317  0.3813454   2.661268    0.5789932  -0.19227542 -0.28536353
   0.15291804  0.18734795  0.94574714  3.1248322   0.26814508  0.00963698
  -0.6247081  -0.64496195 -0.671693    0.18421167 -0.34785357  0.40600336
  -0.21427234 -0.2782367   0.37920952 -0.2050896  -0.42399466 -0.56397814
  -0.8609936  -0.4011295  -0.38976866 -0.6739993  -0.09606706 -0.5386855
  -0.34259224  2.5186114   0.91182506 -0.47519946  0.01819182 -0.43653926
  -0.22443056 -0.26048774  0.85947156 -0.28029487 -0.43276474 -0.5564882
  -0.3126228  -0.7374346  -0.3803291   1.5073541   0.5002922   1.156919
  -0.35073993  0.39053822 -0.14184321  0.40018153 -0.2074787  -0.3370588
  -0.04110961  1.4067254   0.01795089 -0.21201698]]