[[ 0.5173463   0.4250458   0.5771514  -0.35729632 -0.6916258  -0.91136837
  -0.680634   -0.33227557  0.1415835  -0.35538948 -0.48284554 -0.99800014
   0.11165086 -0.25966898 -0.4339307   1.4255384  -0.60969365  0.48326588
  -0.37428355  0.72729933  2.32619    -0.52709585 -0.71620506 -0.53647965
   0.14907084 -0.30496553 -0.3661343   0.32069516 -0.3764225  -0.7059484
  -0.4173358  -0.66794896  0.07097621  0.02901771 -0.5150405  -0.3587528
   0.24864192  0.48219904 -0.7916285  -0.6452273  -0.5320457  -0.00861674
  -0.47533807  1.4609203   1.2858213   0.19160327 -0.08722403 -0.28711757
   0.16968039  0.14244118  0.55371505  1.4841746  -0.11478745 -0.42739508
   0.14495149 -0.33173838 -0.7731794  -0.1694967  -0.14211304  0.02152874
  -0.18370692 -0.19023404 -0.02553912 -0.57418734 -0.5002215  -0.6477461
  -0.8468807  -0.5634926  -0.40349266 -0.60510033  0.73216844 -0.6181824
  -0.42675966  0.9330875   0.999532   -0.10786594 -0.47149962 -0.5576505
  -0.26567623  0.08748154  0.38657275 -0.17574109 -0.49076068 -0.648622
  -0.58001935 -0.84152883 -0.42958808  0.463253    0.42844608  0.70392156
  -0.5601129   0.33373693 -0.04717532  0.9154513   0.26441094 -0.3993737
  -0.12918025  0.7244905  -0.09331624 -0.22909656]]