[[ 1.6596334   1.4992598   0.31605905 -0.00407708 -0.567264   -0.72829545
  -1.0731121  -0.4374539  -0.28157577 -0.1192849  -0.55285794 -0.9247065
   0.22167759 -0.23430187 -0.6830796   0.01873966  0.05670165  0.89030117
  -0.21029955  1.1824367   0.8415487  -0.57008743 -0.55717295 -0.5915563
   1.1163303  -0.71326554 -0.10007173 -0.33086193 -0.369539   -0.71343756
   0.58117837  0.38602194  0.16990797 -0.37961137 -0.362719   -0.385554
  -0.11219352  0.19635624 -0.93122494 -0.5664476  -0.4384732  -0.3756903
  -0.36918193  1.4261396   2.355449    1.1213815  -0.46361375  0.24934396
  -0.54595315 -0.08565146  1.4737909   2.831694    0.18433097 -0.11217526
  -0.68510264 -0.659237   -0.8068699   0.49199834 -0.42089257  0.40554005
  -0.11188162 -0.3615278   0.28983608 -0.15051055 -0.37822202 -0.56648433
  -0.78243464 -0.32714456 -0.43089095 -0.6553205  -0.41713274 -0.65832645
  -0.3808402   2.4694197   0.9101027  -0.625589   -0.00926914 -0.3470677
  -0.2593778   0.03269413  0.6312556  -0.37473845 -0.37661496 -0.6889437
  -0.47027358 -0.7946916  -0.42762697  1.3993363  -0.25154456  0.88793695
  -0.45230237  0.55811983 -0.2802217   0.8167171   0.261909   -0.35941046
  -0.09852005  1.4791185  -0.02639983 -0.42742112]]