[[ 0.42097378  0.8440272   0.70043236 -0.29739445 -0.6712785  -0.89507145
  -0.75638235 -0.3652385  -0.0756319  -0.38329804 -0.4892143  -1.1166552
   0.23433627 -0.29200777 -0.6670407   1.098853   -0.41184908  0.37048572
  -0.4193165   0.4186264   2.8605382  -0.5016837  -0.7946533  -0.52012455
   0.2630206  -0.6804467  -0.21122508  0.15622059 -0.42849082 -0.69931114
  -0.16196272 -0.07909485 -0.0523117   0.09916464 -0.43123662 -0.47385088
  -0.16787127  0.5511142  -0.9225521  -0.6722894  -0.5064253  -0.01608798
  -0.4047482   1.9867147   1.1743488   0.3911289  -0.42186803  0.07434182
   0.11863215 -0.18493031  1.3155167   1.2891399  -0.20608443 -0.1358163
  -0.2367757  -0.58056915 -0.8664214   0.11203407 -0.27868885  0.1557994
   0.03421335 -0.36840603 -0.17579986 -0.46179584 -0.5139813  -0.5715574
  -0.8459637  -0.5858804  -0.4238884  -0.5483671   0.6113306  -0.72357696
  -0.5190578   0.99647653  0.8604832  -0.4095085  -0.412318   -0.52893263
  -0.294109    0.0682843   0.18747325 -0.404373   -0.51054114 -0.6705915
  -0.67120254 -0.8379     -0.4761074   0.3396674   0.1397892  -0.01558361
  -0.66123444  0.3958453  -0.3482911   0.8491073   0.59659064 -0.43923905
  -0.09121004  0.5105394  -0.27097628 -0.466386  ]]