[[ 0.7177567   0.567531    0.71842444  0.01219307 -0.54096967 -0.7001087
  -0.7206996  -0.35968035 -0.14431454 -0.27881277 -0.41282067 -0.85471326
   0.84813714 -0.23310395 -0.44070518  0.6744801  -0.402983    0.66082764
  -0.11392355  1.0552975   1.5864184  -0.45601183 -0.4321223  -0.5594627
   0.0911672  -0.3200794  -0.38580614 -0.25995046 -0.13908577 -0.55953014
  -0.24655375 -0.3364589   0.13515894  0.08633599 -0.3728642  -0.20382634
   0.30139217 -0.01096177 -0.83137876 -0.5208074  -0.4743407  -0.30135483
  -0.3972827   1.2799768   1.7395875   0.2517501  -0.441635   -0.22668546
  -0.292355    0.3598075   0.6214779   2.2714043   0.54167336  0.07479906
  -0.5748862  -0.6455736  -0.7254594   0.276375   -0.29183072  0.4568144
  -0.17579557 -0.32076368  0.1009426  -0.18651262 -0.4187931  -0.4329426
  -0.74148476 -0.2831341  -0.41105497 -0.62029785  0.17756812 -0.45504558
  -0.3827555   1.5957077   1.0495489  -0.51897776  0.07970472 -0.52848643
  -0.09741808 -0.18860236  0.83630604 -0.2718479  -0.47453484 -0.5469269
  -0.37324607 -0.6238628  -0.43443748  1.2161995  -0.18873535  0.6180984
  -0.3520807   0.57189614 -0.05159424  0.3818522   0.19360234 -0.39275762
   0.03877415  1.0991789  -0.17404729 -0.4563216 ]]