[[ 6.8004447e-01  6.3190377e-01  4.1161203e-01 -2.4648966e-01
  -5.9570462e-01 -8.2382172e-01 -8.0265236e-01 -4.6308735e-01
  -1.0701328e-01 -3.1200263e-01 -3.8692421e-01 -9.8232704e-01
   5.4641968e-01 -2.3878014e-01 -5.1410335e-01  5.8241159e-01
  -3.2720429e-01  5.8916646e-01 -2.3814242e-01  5.8789915e-01
   2.1323285e+00 -5.1006681e-01 -6.6623569e-01 -5.8639896e-01
   2.0208579e-01 -4.8278508e-01 -3.6640951e-01  1.9837637e-03
  -2.9476452e-01 -6.7167103e-01 -2.2931401e-01 -3.0352375e-01
  -3.6177069e-02 -2.1351911e-01 -3.2222417e-01 -3.8946712e-01
   9.6175328e-02  5.1539093e-01 -8.4279162e-01 -6.6182005e-01
  -5.2937913e-01  7.2046548e-02 -4.0628144e-01  8.8446867e-01
   1.6502484e+00  4.8631614e-01 -2.5549254e-01 -2.3799652e-01
   5.0545499e-02  4.5363769e-02  1.3890120e+00  1.5817015e+00
   5.6117386e-02  6.8094440e-02  3.6606463e-03 -4.1680935e-01
  -7.3294324e-01  1.7717378e-01 -1.8209739e-01  2.5669098e-01
  -1.5605865e-01 -3.1347054e-01 -5.3091841e-03 -3.4713918e-01
  -4.4969431e-01 -5.3690487e-01 -8.1682080e-01 -5.1210558e-01
  -3.7614635e-01 -6.3664335e-01  3.6478138e-01 -6.2077069e-01
  -4.3740115e-01  1.3127785e+00  7.5430715e-01 -4.2143744e-01
  -2.4224423e-01 -4.7949821e-01 -1.6883822e-01 -1.7050909e-01
   3.7628341e-01 -2.9599369e-01 -4.2972949e-01 -6.1909217e-01
  -5.0287771e-01 -7.5134766e-01 -4.6381637e-01  6.5064353e-01
   2.1090974e-01  2.4259681e-01 -5.1838464e-01  2.2388354e-01
  -2.9239067e-01  8.3294135e-01  2.6756051e-01 -3.7345269e-01
   6.5931484e-02  6.2785584e-01 -1.6169454e-01 -3.9251736e-01]]