[[ 0.94838876  0.95432526  0.0041213  -0.11979617 -0.609198   -1.0229201
  -1.0616714  -0.6477985  -0.06728341 -0.06729964 -0.46862987 -0.881527
   0.05837832 -0.24092269 -0.4526566   0.2554195  -0.58390623  0.8510649
  -0.41699284  1.3523657   1.7597432  -0.66657275 -0.7002802  -0.7365547
   0.36987108 -0.57918555 -0.4110211   0.491685   -0.45606884 -0.83979285
  -0.29825422 -0.04324596  0.09175926 -0.4823657  -0.505421   -0.5131673
   0.30636555  0.339803   -0.77366614 -0.5288756  -0.62199247 -0.11899038
  -0.4012515   0.11039954  2.4005456   0.31596884  0.21126829 -0.1781351
  -0.2887617   0.04230167  0.96700346  2.5922356  -0.16417085 -0.33032095
   0.13810474 -0.31743795 -0.75284237  0.55767304  0.04728797  0.01279879
  -0.2568581  -0.09610669  0.19158465 -0.26126704 -0.4081592  -0.78130305
  -0.9859657  -0.53361183 -0.2799693  -0.63459086  0.45121104 -0.7059459
  -0.4296991   1.911895    1.2369351   0.7120085  -0.22465111 -0.07650119
  -0.2707962   0.04528061  0.6909673  -0.26061726 -0.23941886 -0.472275
  -0.5182474  -0.8678757  -0.3972918   1.1506463   0.3051638   0.98177576
  -0.6046077   0.34391457  0.19324452  1.1859908   0.05508848 -0.36014968
  -0.11327516  1.1059499   0.1865931  -0.46796486]]