[[ 1.35072148e+00  4.53908235e-01  5.33199489e-01 -1.77386314e-01
  -6.41755521e-01 -7.46454418e-01 -7.28286862e-01 -3.32788140e-01
  -1.50250807e-01 -2.77921319e-01 -4.88119304e-01 -8.98360729e-01
   3.46522063e-01 -2.25639492e-01 -4.43514317e-01  8.37327838e-01
  -5.06397672e-02  8.45693767e-01 -1.71146989e-01  1.10467160e+00
   9.76412773e-01 -4.88060474e-01 -4.06301975e-01 -5.42690516e-01
   4.83807296e-01 -2.34195948e-01 -3.55487883e-01 -2.53166020e-01
  -2.94172168e-01 -5.97061813e-01 -3.95299867e-03 -6.20003760e-01
   1.40299529e-01 -1.84518099e-03 -4.39459413e-01 -2.01627597e-01
   2.37147421e-01  1.54102534e-01 -8.09508920e-01 -5.50439000e-01
  -4.60701674e-01 -3.68767083e-01 -4.36035514e-01  1.32703006e+00
   1.79104674e+00  1.03647304e+00 -3.52760464e-01 -5.76715648e-01
  -3.18511099e-01  2.97358960e-01  1.06170595e+00  2.42912102e+00
   2.59564400e-01 -3.16814691e-01 -5.82899451e-01 -6.70579970e-01
  -8.07721555e-01 -3.45556475e-02 -3.52590412e-01  1.90243930e-01
  -2.49236450e-01 -3.30681443e-01  2.54028767e-01 -3.65637362e-01
  -4.20540005e-01 -4.25789595e-01 -7.20364213e-01 -4.07166004e-01
  -4.35212791e-01 -6.84521854e-01  2.69880891e-02 -5.41572332e-01
  -3.53877753e-01  1.90782535e+00  9.35836196e-01 -5.07503211e-01
  -3.98048498e-02 -4.74024057e-01 -2.48390809e-01 -1.39175147e-01
   9.18402851e-01 -2.14210540e-01 -4.30429399e-01 -6.14061475e-01
  -4.40162152e-01 -7.23751307e-01 -4.35009003e-01  1.10455942e+00
  -5.38104102e-02  1.06066811e+00 -3.22470039e-01  4.44614649e-01
  -8.88924450e-02  9.39310312e-01 -1.49235606e-01 -3.57479036e-01
  -1.22864485e-01  1.23369420e+00  1.18683346e-01 -3.92526716e-01]]