[[ 0.6596481   0.8613763   0.7805802  -0.23658933 -0.6751133  -0.8813719
  -0.8707693  -0.47536007 -0.2210424  -0.33747604 -0.47152084 -1.1389039
   0.39431283 -0.2812131  -0.7518773   1.019579   -0.32609206  0.59218824
  -0.39259756  0.43049163  2.8757877  -0.5016065  -0.63236004 -0.5597825
   0.31126812 -0.7752776  -0.17357191  0.06428315 -0.3860957  -0.6693708
   0.06536005  0.00550325 -0.10847393  0.06877489 -0.3365668  -0.4795543
  -0.17783439  0.38693964 -0.93376666 -0.7078995  -0.51834965 -0.22075035
  -0.39528313  2.1595767   1.182311    0.620461   -0.4866154   0.00975477
  -0.21200179 -0.18502232  1.6661724   1.5264313  -0.12273496 -0.12339301
  -0.38655198 -0.656118   -0.9032111   0.22587158 -0.35875538  0.23001385
   0.05025746 -0.39089045 -0.0540151  -0.38679555 -0.5183099  -0.5538073
  -0.8292675  -0.6067664  -0.4553611  -0.6203883   0.50470716 -0.72603816
  -0.5041491   1.2265768   0.8568588  -0.4345451  -0.19712554 -0.41212496
  -0.24269594  0.0641063   0.3484914  -0.47085807 -0.4933376  -0.70831203
  -0.7039536  -0.8571507  -0.5120674   0.52665216 -0.06398517  0.19693013
  -0.66132534  0.44866824 -0.35916787  1.1283926   0.54874164 -0.44983572
  -0.05810774  0.5759336  -0.02658384 -0.5681935 ]]