[[ 0.6212714   0.7858177   0.2972945  -0.29385692 -0.53821504 -0.8433643
  -0.78578913 -0.30789068 -0.07159233 -0.21896572 -0.5058576  -0.96531993
   0.15393345 -0.25160536 -0.5770761   0.66165    -0.5319818   0.39088067
  -0.31208533  0.9179684   1.8010575  -0.48572543 -0.6210417  -0.57612914
   0.01585123 -0.3718099  -0.3631705  -0.14770956 -0.36327147 -0.6750235
  -0.39096582 -0.5639673   0.12660149 -0.14467482 -0.4892579  -0.3873774
   0.176922    0.34489062 -0.79417974 -0.60683745 -0.5237977  -0.08949364
  -0.42785993  0.8982054   1.6064956   0.23627244 -0.2522001   0.01941047
   0.20023574  0.19842952  0.7064923   2.0661535  -0.09738673 -0.17951332
  -0.58300585 -0.6793303  -0.69516426 -0.01166726 -0.35255578  0.16483271
  -0.11549647 -0.324015   -0.00558905 -0.4247193  -0.46058908 -0.59578633
  -0.84200466 -0.5264775  -0.40072426 -0.6258289   0.46046594 -0.6008682
  -0.4193278   1.2642518   0.76605964 -0.28034988 -0.14019725 -0.5064433
  -0.26718462 -0.13801822  0.41086492 -0.2707195  -0.48627537 -0.58871907
  -0.43884286 -0.755253   -0.3814754   0.8546209   0.57636195  0.5947615
  -0.5122383   0.34254482 -0.14992031  0.6713415   0.00981198 -0.38022882
   0.02142951  0.78047997 -0.14570841 -0.24191597]]