[[ 1.15192521e+00  1.35331070e+00  6.32217288e-01  8.53399709e-02
  -6.72552526e-01 -8.59229505e-01 -9.70169306e-01 -4.20003325e-01
  -1.23382315e-01 -2.54524171e-01 -5.77035844e-01 -9.54191208e-01
   1.45694450e-01 -2.21617073e-01 -6.64273262e-01  5.92631936e-01
  -5.81236064e-01  5.66615425e-02 -2.94233471e-01  1.46822560e+00
   1.82471347e+00 -4.54574615e-01 -5.86318910e-01 -6.31336629e-01
   3.31922900e-03 -5.49189925e-01 -4.42270935e-01 -4.45843369e-01
  -4.01815265e-01 -7.23341167e-01 -3.85344297e-01 -6.48127258e-01
   2.65628904e-01 -2.30870256e-03 -1.90588325e-01 -4.05402452e-01
  -3.94863188e-02  1.40237197e-01 -9.15570974e-01 -5.27012944e-01
  -5.37474632e-01 -3.68279904e-01 -4.37808454e-01  1.28526139e+00
   2.50437260e+00  4.27159846e-01 -3.95770580e-01 -4.90427345e-01
  -8.70296508e-02 -1.17414042e-01  8.23649704e-01  3.19203186e+00
   3.19313586e-01 -1.85229972e-01 -6.65391564e-01 -7.65845597e-01
  -9.70427692e-01  1.78613827e-01 -3.54342610e-01  5.10555029e-01
  -2.64465451e-01 -2.61247009e-01  3.14476132e-01 -1.49598449e-01
  -4.90958273e-01 -6.73188567e-01 -8.94269466e-01 -3.31281692e-01
  -3.93082500e-01 -7.46881366e-01  3.25371027e-02 -5.53444207e-01
  -3.64391983e-01  2.28125739e+00  1.33639121e+00 -5.29209912e-01
  -7.95649737e-02 -5.06673157e-01  1.75999478e-01 -5.19597530e-02
   6.87014997e-01 -3.82573873e-01 -4.74102914e-01 -6.23456180e-01
  -3.03610831e-01 -8.02837074e-01 -4.21809405e-01  1.36033380e+00
   2.73516506e-01  1.09080386e+00 -4.90179121e-01  6.31575763e-01
  -2.72158474e-01  3.21912825e-01  2.21786439e-01 -4.07204866e-01
   1.13108918e-01  1.42462301e+00 -1.81056723e-01 -4.22415555e-01]]