[[ 7.3159957e-01  8.0471230e-01  5.5702150e-01 -1.8952790e-01
  -6.8602711e-01 -9.0138417e-01 -7.7036321e-01 -4.2874572e-01
  -1.9218835e-01 -2.9721156e-01 -4.5440924e-01 -1.0407982e+00
   5.8631253e-01 -2.7622443e-01 -6.2792522e-01  7.7899486e-01
  -2.4283463e-01  5.9098393e-01 -2.4125502e-01  7.0905572e-01
   2.6181507e+00 -4.8761520e-01 -7.7598178e-01 -5.8784544e-01
   5.5702824e-02 -5.5572850e-01 -3.6667109e-01  2.5432032e-01
  -2.6137927e-01 -6.2331527e-01 -2.1976089e-01 -2.6034465e-01
   3.4784954e-02  5.0979204e-02 -1.9357221e-01 -3.5628644e-01
   1.2902546e-01  5.1210380e-01 -7.5139034e-01 -6.2020952e-01
  -5.2273577e-01 -3.1280202e-01 -3.8434914e-01  1.5449805e+00
   1.2963296e+00  7.1528465e-01 -5.0936842e-01 -2.3697959e-01
  -2.3005458e-02 -3.2078534e-02  1.6158006e+00  1.7177187e+00
   3.2228492e-02 -4.9250223e-02 -6.9771683e-01 -8.0929935e-01
  -9.5536983e-01  1.0478208e-01 -3.8939184e-01  2.1235925e-01
  -1.6432373e-01 -4.0086922e-01 -2.1736491e-03 -4.5641756e-01
  -4.9436498e-01 -6.1534745e-01 -8.6313909e-01 -4.7438949e-01
  -4.2851856e-01 -6.1614770e-01  6.3557208e-01 -6.1972064e-01
  -4.7949708e-01  1.4053956e+00  1.1532867e+00 -2.6296267e-02
  -3.7421760e-01 -4.4680771e-01  2.2251215e-03 -6.1812822e-02
   2.5745416e-01 -3.9104918e-01 -4.7545567e-01 -6.7239255e-01
  -5.0573599e-01 -7.5689805e-01 -4.7642037e-01  6.5088153e-01
  -4.3437019e-02  2.8828505e-01 -5.5264515e-01  4.3797308e-01
  -5.8551035e-03  1.2076132e+00  2.1580510e-01 -3.8936248e-01
   7.4730784e-02  7.3950130e-01  2.6552993e-01 -4.6430719e-01]]