[[ 0.9981528   0.7220914   0.3639476  -0.2514387  -0.6219979  -0.8460556
  -0.76177156 -0.4605561  -0.19401743 -0.16905887 -0.49278942 -0.9497187
   0.6450979  -0.23715943 -0.46418852  0.8478491  -0.20481424  0.7952962
  -0.22444381  1.0326854   1.3689505  -0.5207122  -0.5085361  -0.59988946
   0.2689109  -0.27533463 -0.3761013  -0.27794978 -0.32161993 -0.63389003
  -0.13256235 -0.55591285  0.04763192 -0.19093898 -0.42827532 -0.2557108
   0.2470313   0.30692202 -0.82147044 -0.6336741  -0.49416554 -0.32883015
  -0.41812435  0.8527139   1.6866106   0.7046332  -0.33966616 -0.47473538
  -0.10981517  0.43825895  1.0682641   2.2749796   0.2309792  -0.33553815
  -0.46392462 -0.63614744 -0.8498407  -0.03147223 -0.36480471  0.12004152
  -0.2234339  -0.32572594  0.20004489 -0.34527993 -0.4619959  -0.48223093
  -0.68470925 -0.43005246 -0.3902319  -0.7025547   0.14526446 -0.59684116
  -0.3689944   1.6376731   0.8685747  -0.5194429  -0.10568886 -0.5192696
  -0.25248265 -0.14311789  0.7510011  -0.06434717 -0.43757907 -0.6052243
  -0.39195317 -0.74450254 -0.4052786   0.9793451   0.2499916   0.73777455
  -0.40389526  0.30857822 -0.18484448  0.8870797  -0.14164871 -0.3493538
   0.01510436  1.0106071  -0.01610396 -0.42210016]]