[[ 0.9920402   1.6716942  -0.1746473  -0.30662364 -0.5876966  -0.89148337
  -1.3818907  -0.6690337  -0.39362505  0.11994345 -0.65165573 -1.1187016
  -0.16297819 -0.2702708  -0.93437624 -0.10689653 -0.43926352  1.5683178
  -0.39261904  0.9272888   2.4315276  -0.6245626  -0.76842856 -0.7121796
   0.8072439  -0.982499   -0.06308312 -0.15958604 -0.39036092 -0.77013695
   0.8463678   0.5810658  -0.12399928 -0.60955846 -0.2710961  -0.6147605
   0.11929086  0.3615845  -0.91345584 -0.8408073  -0.5773458  -0.44504148
  -0.41701865  1.5650976   1.554086    1.0422151  -0.36757186  0.68815756
  -0.46136585  0.08298628  2.2270706   2.29481    -0.5452205  -0.44529572
  -0.81327736 -0.79837173 -0.79347676  0.15437032 -0.50343335 -0.13102135
   0.07644245 -0.4338524   0.35665143 -0.69447273 -0.51911587 -0.75559306
  -0.87234986 -0.78658944 -0.4965543  -0.7411507   0.22037672 -0.8683967
  -0.5051759   1.351021    0.44532192 -0.33662716 -0.10373166 -0.04826808
  -0.25752378  0.22062446  0.32928857 -0.3937603  -0.32757935 -0.81857157
  -0.6807563  -1.0465976  -0.5014046   1.0032095   0.00973881  1.0117933
  -0.72131884  0.4661509  -0.0643354   1.7746305   0.18167755 -0.42241588
  -0.03912278  0.6295129   0.49421787 -0.4557249 ]]