[[ 1.2579197   0.9644255  -0.19638756 -0.2081721  -0.65999115 -1.0010936
  -0.8650258  -0.5254878  -0.13159493 -0.12085774 -0.47565886 -0.9218453
  -0.17851098 -0.25539702 -0.5925389  -0.20104681 -0.556267    0.74029213
  -0.35879648  1.3562263   1.4561284  -0.6227774  -0.6604467  -0.65769356
   0.07821508 -0.476364   -0.085342    0.2575186  -0.43791154 -0.848293
  -0.26752147 -0.18795533  0.2505168  -0.41125393 -0.5085074  -0.42285863
   0.25025615  0.5575526  -0.756036   -0.4678951  -0.55530477 -0.36394504
  -0.45640194  0.59227115  2.1278532   0.42712384 -0.04935693 -0.02887568
   0.07819874  0.0310989   1.4680278   2.6420355  -0.2282536  -0.289859
  -0.8366631  -0.85967004 -0.6557876   0.8421129  -0.27056423  0.1547172
  -0.23724903 -0.29900154  0.13968198 -0.4705506  -0.34883708 -0.71800566
  -0.96493477 -0.59162164 -0.3590857  -0.590911    0.22774747 -0.72493947
  -0.46552157  2.0469747   0.9344199   0.9703735  -0.20625336 -0.11353883
  -0.22621651 -0.07520686  0.6694152  -0.36759663 -0.24406767 -0.51614445
  -0.39949936 -0.85882473 -0.3890104   1.1230865   0.42593873  1.4276725
  -0.548879    0.3323302   0.2551697   1.1720513  -0.3517415  -0.38901314
  -0.22179359  1.1417962   0.26717648 -0.2291042 ]]