[[ 6.4175683e-01  7.8209305e-01  6.3906288e-01 -2.6270044e-01
  -6.7332262e-01 -8.8360661e-01 -8.3104992e-01 -4.0095213e-01
  -3.2987729e-02 -2.8821239e-01 -5.0779569e-01 -1.0303226e+00
   1.4367004e-01 -2.7115396e-01 -5.9518957e-01  1.0711557e+00
  -4.7064781e-01  6.1399955e-01 -4.2263275e-01  6.8820876e-01
   2.5233855e+00 -5.2882433e-01 -8.0260450e-01 -5.5432874e-01
   3.1572080e-01 -5.6504345e-01 -2.3262389e-01  1.5233532e-01
  -4.2598885e-01 -7.0468748e-01 -6.6200584e-02 -2.5432104e-01
   1.5088431e-02 -3.1338725e-02 -4.5542014e-01 -4.3382266e-01
   4.1765012e-02  4.4651690e-01 -8.6723280e-01 -6.6692609e-01
  -5.0928164e-01 -9.4249606e-02 -4.2874160e-01  1.6567235e+00
   1.3580407e+00  4.7511885e-01 -2.7794644e-01  1.7019603e-02
  -2.6133981e-02 -2.4353508e-02  1.0730547e+00  1.5650699e+00
  -1.0210812e-01 -2.8562212e-01 -1.2263915e-01 -4.6842074e-01
  -8.4043902e-01  5.8903359e-02 -2.8126407e-01  1.5313087e-01
  -8.1298374e-02 -2.7782688e-01  3.7451476e-02 -4.9536160e-01
  -4.9604794e-01 -6.5519381e-01 -8.4581155e-01 -5.2844709e-01
  -4.2143935e-01 -6.0023534e-01  5.5553263e-01 -6.6549075e-01
  -4.4486928e-01  1.1248828e+00  9.1113311e-01 -3.4615329e-01
  -4.5503411e-01 -4.6070281e-01 -3.0648243e-01  1.3368499e-01
   2.5988334e-01 -2.8932416e-01 -4.9995741e-01 -7.0645171e-01
  -6.7131913e-01 -8.5805553e-01 -4.5268220e-01  5.7926947e-01
   1.9894007e-01  5.0558943e-01 -6.2393391e-01  3.8803899e-01
  -1.9602811e-01  1.0552976e+00  4.2949688e-01 -4.0362114e-01
  -1.1431940e-01  7.3764956e-01 -6.6126883e-04 -4.0972617e-01]]