[[ 1.0418847   0.43668005  0.8610851   0.01496193 -0.59578544 -0.74552315
  -0.6565709  -0.31256357 -0.25457314 -0.36769354 -0.3874848  -0.9248287
   0.92589563 -0.2909182  -0.607179    0.66369253 -0.04187828  0.5139076
  -0.11637661  0.8962379   1.4920694  -0.45771924 -0.62523925 -0.5624022
   0.23457554 -0.5920343  -0.0260856  -0.20291823 -0.19403408 -0.55957633
   0.02105263  0.26644057  0.19693811  0.07394005 -0.49626887 -0.18171582
  -0.18953645  0.25738284 -0.90784866 -0.49598625 -0.4564663  -0.2986499
  -0.37747055  1.9560654   2.1184893   0.67111737 -0.5605123  -0.30476955
  -0.32629293 -0.09972195  1.475359    2.356499    0.47739676  0.29097435
  -0.6508595  -0.67201066 -0.9166846   0.8233391  -0.38925794  0.6607497
  -0.21794263 -0.40249747  0.10170718 -0.08072635 -0.3924208  -0.3086902
  -0.8022532  -0.2650762  -0.41998917 -0.49399185  0.09601234 -0.6256554
  -0.42490658  1.8990989   1.0661874  -0.4465799  -0.27253604 -0.42151934
  -0.35905924 -0.27203527  0.49313262 -0.47063744 -0.5087905  -0.6402584
  -0.59564525 -0.66191965 -0.45485625  1.0876048  -0.50166523  0.5028179
  -0.44291687  0.45455402 -0.31207928  0.84264404  0.08492514 -0.40743184
  -0.14903958  1.3786459  -0.14012766 -0.51252615]]