[[ 1.632512    0.52215534 -0.04856049 -0.32625923 -0.8565876  -1.2484906
  -0.8441751  -0.7327395  -0.26065022 -0.18330288 -0.6020325  -1.2229302
   0.39747    -0.33649337 -0.8340219   0.48722827 -0.56372446  0.85904443
  -0.53928196  0.22346525  2.6162267  -0.6809132  -0.892278   -0.62053794
  -0.2656962  -0.8345038   0.46833843 -0.20151804 -0.4543271  -1.0515045
  -0.2856139   0.03105638 -0.24708317 -0.5329966  -0.49650306 -0.46791407
  -0.25546607  1.1764963  -1.1327031  -0.75048256 -0.578271   -0.26890033
  -0.63624436  1.8813164   0.93050975  0.31665772 -0.2634168  -0.09535357
  -0.085043    0.19788805  3.075422    0.94725233 -0.10855046  0.0865428
  -0.7869534  -0.98947275 -0.8134526   2.2840023  -0.46526313  0.83337486
  -0.26388693 -0.5190137  -0.17592469 -0.59790987 -0.37747824 -0.69920886
  -0.88566655 -0.6860939  -0.36071777 -0.64853525  0.04525426 -1.0107297
  -0.56719595  0.89903295  0.22476944  0.64303243 -0.88975835 -0.421186
  -0.35621762 -0.26019302 -0.21074323 -0.16178012 -0.42260638 -0.70534176
  -0.5025614  -1.1187111  -0.47626573  0.16042924  0.3872727   1.8546274
  -0.7420523  -0.24348712 -0.5719542   1.7771703  -0.37056458 -0.51812494
  -0.10171536  0.7908033  -0.32835427 -0.52882653]]