[[ 1.8272568   0.8149699   0.38886887 -0.14446506 -0.61965626 -0.8116975
  -0.8024769  -0.49224406 -0.23526207 -0.1365681  -0.48232856 -0.8743208
   0.6092922  -0.22183453 -0.5077759   0.4468367   0.28417444  0.86700785
  -0.24827202  1.2472059   0.77620554 -0.53224534 -0.5126904  -0.63320005
   0.61860114 -0.36384565 -0.34858036 -0.2015731  -0.38062516 -0.58164495
   0.14785197 -0.5018454   0.28992325 -0.23682775 -0.3499609  -0.27955598
   0.1671096   0.3389088  -0.8052108  -0.5967529  -0.41991076 -0.34922343
  -0.35444042  0.49410662  2.2986236   1.5945237  -0.38353384 -0.54361725
  -0.34608862  0.22447902  1.6722589   2.8722472   0.33929715 -0.16345419
  -0.5218875  -0.61081696 -0.8575599   0.16569361 -0.39254043  0.28716025
  -0.23625377 -0.38025212  0.45408642 -0.17358156 -0.40046066 -0.482026
  -0.7405928  -0.31814542 -0.38355407 -0.6911386  -0.13133442 -0.55411613
  -0.3288978   2.6637924   1.0837268  -0.5689931  -0.05095993 -0.42270637
  -0.24862696 -0.2623197   0.7505353  -0.16175203 -0.43034422 -0.6691852
  -0.39870578 -0.6713768  -0.42901117  1.403247   -0.05478606  0.8119471
  -0.35476676  0.40217638 -0.23294115  1.388211   -0.16914316 -0.29653156
  -0.04850489  1.4751077   0.46419588 -0.4872377 ]]