[[ 0.45670232  0.57050186 -0.23322736 -0.25856015 -0.5821789  -0.83727926
  -0.70598924 -0.48896873 -0.16608636 -0.23022407 -0.46167624 -0.70873255
  -0.08207765 -0.2821972  -0.41288495 -0.15072581 -0.4616538   0.11338516
  -0.3455227   0.8183104   1.3392643  -0.5882682  -0.6019022  -0.5644829
  -0.08896712 -0.42338464 -0.26199874  0.8405198  -0.45553833 -0.5775571
  -0.33403388 -0.52739024 -0.01785256 -0.4218687  -0.2534546  -0.3790011
   0.24511632 -0.05140352 -0.38930833 -0.4822857  -0.47256267 -0.39077672
  -0.3671763   0.12157604  1.1198192   0.17606072 -0.5003895   0.04313363
  -0.19093914 -0.04779615  0.6969715   1.5169617  -0.2954791  -0.40713555
  -0.6001761  -0.62612796 -0.6527697   0.05966729 -0.31599468 -0.20538084
  -0.18146767 -0.30356133 -0.01908953 -0.5510289  -0.34691504 -0.51073647
  -0.7120671  -0.5150778  -0.38022158 -0.4962229   0.6043514  -0.43572864
  -0.43037245  1.2434022   0.9800979   0.8604607  -0.29585135 -0.21361089
   0.09662288  0.01777266  0.46525586 -0.3295289  -0.19196619 -0.4719268
  -0.22115964 -0.6040076  -0.41093874  0.6196523  -0.1711782   0.56184644
  -0.38273636  0.18251513  0.6292336   1.270073   -0.27478838 -0.38890833
  -0.09885483  0.5835427   0.6810295  -0.37829232]]