[[ 8.63490999e-01  1.04128754e+00  3.17968279e-01 -4.58263829e-02
  -6.47560358e-01 -8.24633420e-01 -8.65354955e-01 -5.23017049e-01
  -2.29884177e-01 -2.72416830e-01 -4.27934766e-01 -9.99118447e-01
   7.04213202e-01 -2.70815521e-01 -6.35945141e-01  3.72393459e-01
  -1.51640236e-01  6.89145267e-01 -1.73931494e-01  7.00271606e-01
   2.34126830e+00 -5.10339379e-01 -6.98080480e-01 -6.05490923e-01
   1.44250229e-01 -5.26921332e-01 -3.90364140e-01 -3.04096378e-02
  -1.93687275e-01 -6.25100732e-01 -1.20838530e-01 -1.56307384e-01
   7.17223808e-03 -1.68743715e-01  6.75110444e-02 -3.18474382e-01
   1.27982259e-01  5.63720047e-01 -7.63895333e-01 -6.40787721e-01
  -5.34504116e-01 -3.72790515e-01 -4.18856651e-01  1.06022573e+00
   1.30639541e+00  7.73472846e-01 -4.80207443e-01 -2.94810146e-01
  -7.39254206e-02  1.45611670e-02  1.78437674e+00  1.76281977e+00
   1.23480156e-01 -1.51891280e-02 -6.61745429e-01 -7.46755719e-01
  -8.88545096e-01  2.04555899e-01 -3.92488718e-01  2.31603920e-01
  -2.65509129e-01 -3.99504572e-01 -1.11296773e-03 -4.23284918e-01
  -4.64619040e-01 -5.98010719e-01 -8.30007136e-01 -4.02143151e-01
  -4.06531364e-01 -6.82158530e-01  2.30471984e-01 -5.18044770e-01
  -4.42624301e-01  1.46015680e+00  9.88149166e-01 -2.29410559e-01
  -3.99688810e-01 -4.56921518e-01  3.38184804e-01 -1.42318830e-01
   2.69962430e-01 -3.56234491e-01 -4.38186795e-01 -6.42420173e-01
  -2.16450036e-01 -7.52916634e-01 -4.78511363e-01  7.06485450e-01
   5.06356880e-02  3.62248957e-01 -4.78076160e-01  2.93368369e-01
  -1.38462082e-01  1.01247895e+00  1.07361481e-01 -3.50987673e-01
   1.67456776e-01  7.43110120e-01  2.24891201e-01 -4.50801611e-01]]