[[ 1.3594993   0.81649053  0.28740472 -0.26652873 -0.7178373  -1.0580225
  -0.88264954 -0.6435175  -0.33467314 -0.11614423 -0.5246023  -1.0578083
   0.48682386 -0.20322953 -0.7465665   0.87782985 -0.05420844  1.0803825
  -0.40601695  1.6283349   1.4872723  -0.5625155  -0.6914683  -0.8061933
   0.31808645 -0.63691944 -0.3561409   0.29870334 -0.5097719  -0.5798327
  -0.11092696 -0.5774743   0.29237634 -0.20610847 -0.4220646  -0.4958859
   0.48436034  0.09131725 -0.7671281  -0.7202827  -0.54691917 -0.44688943
  -0.32834086  1.1733508   2.0687861   2.0521524  -0.49034795 -0.30655402
  -0.47364116  0.16327435  2.4888322   3.214794    0.02722909 -0.3833182
  -0.6116887  -0.78760564 -1.0155836  -0.08267912 -0.46405008  0.25265813
   0.1312945  -0.3628098   0.3771883  -0.49346733 -0.5294996  -0.6150972
  -0.8324311  -0.6445413  -0.4744217  -0.7004094   0.66262525 -0.6749786
  -0.4744885   2.6157253   1.4816182  -0.0578223  -0.15383221 -0.39010593
  -0.25288182  0.29221332  0.6200456  -0.2032391  -0.3849032  -0.7616684
  -0.5252595  -0.7656343  -0.5019855   0.9153469  -0.34541008  0.83840865
  -0.53684235  0.59465885  0.00748167  2.0089624  -0.04232422 -0.366887
  -0.08902767  1.2925595   0.85286766 -0.56891805]]