[[ 0.81977737  0.586559    0.8373955  -0.14765674 -0.7122785  -0.92505664
  -0.7353469  -0.4153832   0.07341777 -0.3709106  -0.5228482  -1.0084438
   0.3347662  -0.26552474 -0.5410643   1.5181131  -0.40949902  0.30036393
  -0.42936802  0.7956443   2.531296   -0.50399095 -0.79942113 -0.5826081
   0.19595142 -0.4711962  -0.4504993   0.1484675  -0.43063083 -0.67559725
  -0.34641638 -0.65853226  0.06171674  0.0998327  -0.38946003 -0.39939725
  -0.02948407  0.46640903 -0.9085003  -0.6580756  -0.53052    -0.06353386
  -0.43461528  1.4892387   1.5883802   0.5657957  -0.32756677 -0.49322507
   0.06972367 -0.05282947  1.0118843   1.7892936   0.09784924 -0.24164663
   0.18998326 -0.2907359  -0.967147    0.02488019 -0.2148272   0.26719245
  -0.21197633 -0.17620397  0.06403155 -0.3783099  -0.5140403  -0.6316409
  -0.87718016 -0.43444306 -0.3959271  -0.63190883  0.5666382  -0.5921733
  -0.40917668  1.3080055   1.1657292  -0.43482023 -0.51413614 -0.59391445
  -0.11774793  0.06755871  0.3559052  -0.24349739 -0.55547595 -0.69283164
  -0.48616472 -0.82464725 -0.4645782   0.62684447  0.17463917  0.53836906
  -0.5763481   0.38378    -0.2840001   1.0059518   0.40472853 -0.40546802
  -0.10474585  0.95942384 -0.09131639 -0.45725507]]