[[ 8.24119687e-01  9.17172074e-01 -1.17313504e-01 -3.05034757e-01
  -6.51357949e-01 -1.10780072e+00 -9.73151565e-01 -7.87009120e-01
  -3.56880099e-01 -2.95235589e-02 -5.34579933e-01 -1.08128631e+00
   7.67430305e-01 -2.86055505e-01 -6.70330405e-01  6.55718744e-01
  -4.80915427e-01  1.11789072e+00 -4.41210210e-01  4.17108506e-01
   2.30405211e+00 -6.35424554e-01 -7.63698936e-01 -6.84474647e-01
  -6.74739480e-04 -6.80508435e-01 -1.51660606e-01 -3.08530629e-01
  -4.27024752e-01 -8.14109445e-01 -3.10575336e-01  1.46252504e-02
  -2.43931100e-01 -6.06315196e-01 -2.68117815e-01 -4.83452767e-01
   1.54524922e-01  4.44673091e-01 -9.07687068e-01 -7.31164396e-01
  -6.51235163e-01 -1.72798187e-01 -4.77396429e-01  6.27554834e-01
   1.07636929e+00  2.11769745e-01  4.55248877e-02 -1.21721789e-01
  -2.57613182e-01  3.83556128e-01  1.72990215e+00  1.33611178e+00
  -1.80514678e-01 -8.45684037e-02 -4.92000461e-01 -7.67287850e-01
  -7.55699635e-01  8.35174561e-01 -2.37887964e-01  1.12428688e-01
  -2.56899297e-01 -3.94471765e-01 -5.96748553e-02 -4.00087506e-01
  -4.72165138e-01 -5.89367628e-01 -7.30472445e-01 -6.44454777e-01
  -3.27043653e-01 -7.12036729e-01  4.03845221e-01 -8.05436313e-01
  -5.15679359e-01  9.03948605e-01  5.39105058e-01  1.03381798e-01
  -4.52073365e-01 -3.43949795e-01 -1.77454323e-01 -2.02395931e-01
   1.47969306e-01 -4.79558557e-02 -3.15966994e-01 -5.29287934e-01
  -4.81240153e-01 -9.33023512e-01 -4.16220754e-01  4.04047906e-01
   3.19187433e-01  6.90332115e-01 -6.74807668e-01 -3.48296352e-02
  -5.10172486e-01  1.18723285e+00 -1.29426166e-01 -4.00180280e-01
   3.02624702e-01  5.05508900e-01 -3.36723655e-01 -5.36632419e-01]]