[[ 0.7605      1.261614   -0.07453544 -0.20427692 -0.60813284 -0.98680115
  -0.9847188  -0.7908956  -0.3525616  -0.03293338 -0.5233439  -0.9659633
   0.81035215 -0.2536142  -0.647478    0.56704426 -0.11118948  1.0744885
  -0.39898252  0.51542664  1.9182217  -0.62973404 -0.71173716 -0.64944977
   0.2076886  -0.61781806 -0.35329062 -0.24120651 -0.45151043 -0.65164495
  -0.13207881 -0.12361088 -0.24793918 -0.56834364  0.07192843 -0.45188284
   0.20075342  0.2863415  -0.7605751  -0.72351855 -0.578776   -0.39081898
  -0.4086702   0.14626223  1.0424385   0.6494708  -0.05819886 -0.30362397
  -0.46754274  0.30681428  1.5122122   1.5856838  -0.15271053 -0.36849445
  -0.4131348  -0.6255004  -0.7690199   0.20004752 -0.26189956 -0.18565318
  -0.2283699  -0.38385862  0.04668764 -0.3467665  -0.4817228  -0.55680674
  -0.6375265  -0.53871816 -0.3376325  -0.76672477  0.12112372 -0.61390233
  -0.45078218  1.2928034   0.8036154  -0.25408664 -0.30417016 -0.3643136
   0.19153978 -0.18356392  0.23435766 -0.05306661 -0.27277833 -0.5387131
  -0.3215351  -0.80012697 -0.43718153  0.54548615  0.14267977  0.28597462
  -0.5594761   0.06972221 -0.48865387  1.15108     0.00506814 -0.33809176
   0.42241624  0.51109964 -0.00922166 -0.55488175]]