[[ 0.61465263  1.1060848  -0.04679455 -0.385907   -0.64948463 -1.0962954
  -0.9360985  -0.83031154 -0.40925077  0.04914793 -0.54023665 -0.96532565
   0.949585   -0.24976806 -0.47287205  0.77386403 -0.28563288  0.798856
  -0.3913622   0.8764406   2.115149   -0.62079924 -0.7263835  -0.7629833
   0.12429366 -0.47268564 -0.38831323  0.43906537 -0.45773348 -0.63588434
  -0.22359233 -0.46685627 -0.1540846  -0.5481497  -0.18860842 -0.34251705
   0.49447945  0.10998669 -0.61957145 -0.7584685  -0.5865218  -0.43158016
  -0.31788245  0.12363416  1.2702888   0.57891876 -0.39746666 -0.15287988
  -0.31083164  0.5703482   1.184252    1.8884581   0.03107767 -0.48390195
  -0.32440045 -0.6422459  -1.0544657  -0.1367616  -0.3557949  -0.18835762
  -0.27639127 -0.3290404   0.18705194 -0.42459077 -0.5289453  -0.6491852
  -0.6571623  -0.5245513  -0.3274757  -0.747465    0.8567604  -0.6364724
  -0.39721283  1.3298829   1.1595519   0.16643137 -0.24313337 -0.43921536
  -0.02062593  0.01378814  0.40192744  0.10767126 -0.36528444 -0.6230824
  -0.36289603 -0.74037874 -0.3826739   0.74843794  0.22914903  0.24312605
  -0.53901845  0.17786647  0.1747006   1.6778648  -0.11353059 -0.33990306
   0.37012488  0.64613616  0.46363088 -0.58739156]]