[[ 1.304517    0.7741867  -0.01705747 -0.29579428 -0.66490316 -1.032231
  -0.86054975 -0.78253317 -0.35207146 -0.06154436 -0.50187725 -1.0079001
   0.8516575  -0.27992687 -0.65847385  0.66774553  0.04599949  1.1240861
  -0.41508514  0.4677955   1.7186391  -0.6455022  -0.7495755  -0.6371769
   0.2610773  -0.6285676  -0.13953504 -0.14447257 -0.44281265 -0.6766123
  -0.01515815 -0.11812603 -0.19329338 -0.54786277 -0.20796832 -0.43911347
   0.05903525  0.53270465 -0.8298113  -0.7462571  -0.5542182  -0.35258228
  -0.42826015  0.5253331   1.1292546   0.99034244 -0.17588672 -0.31044364
  -0.46700832  0.30742526  2.060115    1.5106353  -0.10808653 -0.22812143
  -0.45575058 -0.6760632  -0.7792053   0.7038968  -0.34121275  0.08772982
  -0.22630474 -0.45371887  0.09715695 -0.3871494  -0.4283852  -0.5136563
  -0.6489443  -0.5416132  -0.3524778  -0.72007394  0.12056093 -0.70156324
  -0.45752943  1.4011106   0.6564672  -0.06898913 -0.41435748 -0.37873673
  -0.12724327 -0.24038734  0.18284893 -0.02072624 -0.32682738 -0.6282705
  -0.3846928  -0.8278005  -0.44810683  0.5383853  -0.01407145  0.6951619
  -0.57117593 -0.01244452 -0.5216204   1.720569   -0.25935647 -0.3582776
   0.12765716  0.74605656  0.14147553 -0.5809735 ]]