[[ 1.2953161   0.916269   -0.0835555  -0.38974217 -0.77474254 -1.2108886
  -0.978582   -0.82076085 -0.3798159   0.18337096 -0.5874051  -1.1686202
   0.6757711  -0.3083305  -0.8276616   0.6394198  -0.10705841  1.7686235
  -0.5214262   0.3819743   2.4346771  -0.6848713  -0.8738777  -0.6567976
   0.15576774 -0.75886697  0.10047694 -0.1717893  -0.50871503 -0.8340384
  -0.04974316 -0.04209423 -0.31790677 -0.57969236 -0.31651583 -0.42896998
   0.46219906  0.9600095  -0.9780829  -0.82881236 -0.5631056  -0.32944027
  -0.51938146  1.4103466   0.5228796   1.2412821  -0.24470119 -0.19235337
  -0.21312782  0.3977394   2.9746315   1.2118732  -0.23583642 -0.1786728
  -0.6932151  -0.8820369  -0.91207075  1.1457298  -0.4644014   0.2321261
  -0.20128728 -0.4757916  -0.09191927 -0.57504386 -0.46813795 -0.6963558
  -0.8248481  -0.7384138  -0.4118267  -0.7483175   0.15946479 -0.9147179
  -0.5393184   0.8926377   0.45501664  0.10679236 -0.6573665  -0.41585332
  -0.31942952 -0.2589324  -0.32577595 -0.11260164 -0.40316364 -0.764222
  -0.48545757 -0.96572673 -0.5016865   0.13727462  0.50352055  0.8626692
  -0.72842026 -0.10036391 -0.5632453   1.8860859  -0.33906925 -0.3968492
   0.08958198  0.59417135 -0.00965912 -0.5702088 ]]