[[ 9.29805934e-01  8.27614427e-01  4.29343909e-01 -7.35374242e-02
  -5.92052221e-01 -8.32392097e-01 -7.98700154e-01 -4.96176720e-01
  -1.51917353e-01 -1.92466915e-01 -4.33889836e-01 -9.14325237e-01
   6.56382143e-01 -2.70988137e-01 -5.76055467e-01  3.53770941e-01
  -1.53299049e-01  6.45265162e-01 -2.84838319e-01  9.23790872e-01
   1.86316121e+00 -5.37856519e-01 -6.96660399e-01 -6.45383894e-01
   2.39416704e-01 -5.23952067e-01 -4.11479652e-01  1.15842216e-01
  -3.55942428e-01 -6.05209291e-01 -1.53380558e-01 -3.16449821e-01
   9.39258561e-02 -2.67839640e-01 -2.80643910e-01 -3.97968709e-01
   2.02520162e-01  4.89597768e-01 -7.89371073e-01 -6.29234433e-01
  -4.88843024e-01 -1.72201782e-01 -3.79761904e-01  7.01380849e-01
   1.69844794e+00  9.77239192e-01 -4.46495175e-01 -3.32806051e-01
  -4.78744246e-02 -1.00164572e-02  1.71543825e+00  2.08748722e+00
   2.16842100e-01  1.90524869e-02 -1.85673982e-01 -4.54936266e-01
  -8.52042973e-01  2.66025126e-01 -3.08983505e-01  3.45924288e-01
  -2.03941852e-01 -2.97492892e-01  1.05595790e-01 -2.28874311e-01
  -4.33307528e-01 -5.29854178e-01 -8.23327482e-01 -3.73941481e-01
  -3.93370718e-01 -6.06047928e-01  1.75885350e-01 -5.92174888e-01
  -4.11688596e-01  1.60494316e+00  9.64755833e-01 -2.55703151e-01
  -3.83642554e-01 -4.21653122e-01 -1.06331296e-01 -9.40393880e-02
   3.70054275e-01 -3.19157720e-01 -4.22135293e-01 -6.55908406e-01
  -4.01152283e-01 -6.89108074e-01 -4.65696901e-01  7.40586221e-01
   3.79686207e-02  3.11234444e-01 -4.85160112e-01  2.54356205e-01
  -1.58188388e-01  1.13342929e+00  1.45832226e-01 -3.36570680e-01
   1.09115755e-03  9.47913885e-01  2.68792123e-01 -4.67283726e-01]]