[[ 1.1993608   0.25446004  0.37660897 -0.36412317 -0.68046695 -0.9616678
  -0.74659646 -0.39904332 -0.27840877 -0.2805059  -0.4922703  -1.0876294
   0.38830447 -0.3138419  -0.6047665   0.9502235  -0.23337772  0.7839965
  -0.36426735  0.5481792   2.2597566  -0.49144307 -0.69692445 -0.67168146
   0.3198759  -0.50629956 -0.06248052  0.09060855 -0.40115553 -0.6841857
  -0.14798363 -0.21855961  0.30688632 -0.10532281 -0.4826235  -0.2501273
   0.24942563  0.24714626 -0.85430294 -0.66503054 -0.55554336  0.04577284
  -0.43377793  1.714135    1.4332505   0.9620115  -0.33719036  0.01944038
   0.07163715  0.13125281  1.7665226   1.6604753  -0.05563296  0.15801586
  -0.66324747 -0.81395483 -0.92896026  0.3200607  -0.33484328  0.21459614
  -0.21876922 -0.43731695  0.08662049 -0.53299767 -0.5421393  -0.48000443
  -0.9251555  -0.6321356  -0.44244257 -0.57616377  0.99043626 -0.7258343
  -0.48629954  1.4930649   0.8791418  -0.15828384 -0.4877021  -0.4666974
  -0.39820963 -0.17365384  0.21786986 -0.34258968 -0.5452343  -0.6554667
  -0.6947846  -0.81847787 -0.4584205   0.5920917   0.05089141  0.47561914
  -0.55709773  0.257894   -0.13063134  1.5017762  -0.01945943 -0.39668646
   0.06215477  0.8410572   0.2274294  -0.4449992 ]]