[[ 0.75770736  0.65793365  0.5724792  -0.03883088 -0.5630157  -0.7421544
  -0.7535891  -0.40407142 -0.16641064 -0.32257265 -0.4220912  -0.93192273
   0.6511664  -0.26835996 -0.584218    0.65819806 -0.20999078  0.64268386
  -0.20293285  0.72824895  2.0427597  -0.46990463 -0.6104444  -0.5327856
   0.09309542 -0.41021144 -0.38870555 -0.16512416 -0.19931918 -0.56309825
  -0.18188179 -0.30811888  0.02992365  0.02886518 -0.18128704 -0.28424826
   0.14128558  0.38300392 -0.8057227  -0.6129674  -0.49828154 -0.3004938
  -0.4176041   1.2298785   1.2582179   0.59500045 -0.4751238  -0.17389254
  -0.10507707  0.11578427  1.2360216   1.778254    0.2109484  -0.01037119
  -0.62815547 -0.6926051  -0.72402227  0.15938333 -0.37373814  0.29076666
  -0.15874483 -0.37084794  0.00996401 -0.35375428 -0.43796656 -0.5043265
  -0.78464013 -0.36812398 -0.42559287 -0.651051    0.2047391  -0.45591888
  -0.42339924  1.2944111   0.8658984  -0.4675396  -0.1391032  -0.52455306
   0.10568428 -0.15425558  0.434096   -0.31928533 -0.48151866 -0.60651034
  -0.2305455  -0.68084115 -0.46176624  0.80781937  0.03390627  0.3758986
  -0.43581203  0.41217968 -0.20472902  0.7543578   0.13976339 -0.36726728
   0.00829429  0.7752929   0.04161486 -0.44743073]]