[[ 1.4569321   0.32066953  0.33641276 -0.29142177 -0.647674   -0.86218786
  -0.6623444  -0.47178838 -0.2831236  -0.23872936 -0.4259027  -0.9533902
   0.60739446 -0.29850152 -0.53473955  0.7446294   0.25382316  0.9319184
  -0.29910892  0.6018206   1.3377005  -0.5668477  -0.58588046 -0.6050585
   0.57690585 -0.39940855 -0.05192953  0.17688656 -0.38883114 -0.5724276
   0.18393908 -0.17885731  0.211389   -0.19974028 -0.36417103 -0.18584538
   0.1990948   0.36832958 -0.7383293  -0.66049623 -0.4375069  -0.3853652
  -0.41210926  1.2138278   1.3034217   1.4580337  -0.42679203 -0.2929013
  -0.26538393  0.20407252  1.9144543   1.7645367   0.08638971 -0.2743442
  -0.5719596  -0.64804375 -0.8635079   0.30044052 -0.3781159   0.04792305
  -0.21761306 -0.4564592   0.21818927 -0.45472547 -0.45939165 -0.39059824
  -0.75428385 -0.49412283 -0.43383342 -0.61542714  0.24776298 -0.6288828
  -0.40993854  1.8694036   0.88215256 -0.20734617 -0.37355286 -0.42394382
  -0.31218463 -0.21815713  0.35582498 -0.22243649 -0.43610632 -0.66115683
  -0.53200996 -0.7159925  -0.4845919   0.71048945 -0.1784733   0.540039
  -0.40515223  0.16877575 -0.12077014  1.7259147  -0.18877956 -0.34780324
  -0.08004428  0.9719509   0.6296191  -0.49364662]]