[[ 0.9789976   1.271213   -0.32252955 -0.17055234 -0.61368334 -0.86473024
  -0.88617796 -0.46398136 -0.07160764 -0.22019823 -0.51640123 -0.8331126
  -0.16779466 -0.24147652 -0.633875   -0.20926385 -0.44596195  0.37841663
  -0.28489447  1.1395879   1.3755591  -0.58527416 -0.5922655  -0.56213963
   0.04989485 -0.59499645 -0.24028505  0.01304825 -0.430145   -0.7043314
  -0.2833683  -0.28382754  0.15487307 -0.37207714 -0.02563465 -0.46611267
   0.04243894  0.22649443 -0.69931173 -0.46065453 -0.50187933 -0.37498796
  -0.4299398   0.42176118  1.8029368   0.33573365 -0.21379365 -0.22170675
  -0.18863828 -0.16396102  1.1118823   2.504421   -0.44292903 -0.36678305
  -0.72587717 -0.7093247  -0.54053414  0.39691222 -0.21697192 -0.16641328
  -0.16404752 -0.32000077  0.1059084  -0.5060939  -0.37125546 -0.49657643
  -0.7930349  -0.6004111  -0.38253272 -0.5924308  -0.08719903 -0.5504214
  -0.4463644   2.0759275   1.0546933   0.3339674  -0.14327008 -0.19147637
   0.33571061 -0.10080996  0.73840773 -0.44289374 -0.12725537 -0.44660974
  -0.25807622 -0.7536033  -0.44405377  1.052006   -0.08590684  1.07984
  -0.44238892  0.3605445  -0.042262    0.6986743  -0.08714557 -0.40353814
   0.0939308   0.9829905   0.0527018  -0.27452096]]