[[ 0.617387    0.40620285 -0.00486645 -0.30027452 -0.6057047  -1.0821477
  -0.9172209  -0.63604754 -0.3329515  -0.20885517 -0.47824863 -1.062493
   0.43046403 -0.3744408  -0.8331514   0.41975793 -0.3466576   0.83714277
  -0.3708234   0.08531457  2.1272924  -0.6288866  -0.6656021  -0.5787547
  -0.08857555 -0.6107956  -0.15857156 -0.22923648 -0.37689254 -0.6471005
  -0.2483184  -0.0880776  -0.24966988 -0.49347657 -0.4624587  -0.5943777
  -0.06063507  0.6109334  -0.8227178  -0.8360092  -0.56672996 -0.43236676
  -0.50684196  0.8801269   1.4755075   0.4696449  -0.07557459 -0.36211362
  -0.29337084  0.18169205  1.928282    1.5344119  -0.36089957 -0.27146393
  -0.7166367  -0.70736647 -0.6701231   0.58547544 -0.40739417 -0.02455523
   0.40386036 -0.57312906 -0.14297798 -0.42465732 -0.49701765 -0.5979706
  -0.854163   -0.9627055  -0.49674737 -0.90269    -0.08274673 -0.8171638
  -0.6263286   1.4325467   0.20354535  0.15126245 -0.21590078 -0.12336362
  -0.2427773  -0.29045075  0.10408503 -0.39083603 -0.2855792  -0.5959288
  -0.4832333  -0.9055524  -0.5580846   0.51349145  0.3116094   0.53108156
  -0.51870006 -0.1494698  -0.52823275  1.7150006  -0.44704688 -0.5141392
  -0.12473758  0.22824992  0.16062315 -0.42720005]]