[[ 0.94047594  0.7958661   0.40840816 -0.07795672 -0.5868307  -0.8193923
  -0.78773814 -0.4879105  -0.12931123 -0.19718924 -0.42978737 -0.90637684
   0.6244727  -0.27341688 -0.5663266   0.33861664 -0.1569004   0.6240036
  -0.28316683  0.8865075   1.8059124  -0.5393619  -0.6867227  -0.63410753
   0.2627608  -0.5151604  -0.41078475  0.11624602 -0.35373446 -0.60466677
  -0.15077007 -0.3222727   0.0977567  -0.2751486  -0.28144482 -0.39699477
   0.18960483  0.48059854 -0.7774504  -0.62299764 -0.48384038 -0.16502187
  -0.38647318  0.6693536   1.6485054   0.9390855  -0.42274463 -0.32743928
  -0.03983483 -0.01639589  1.6578733   2.0137894   0.19962908  0.00951
  -0.19262084 -0.45205885 -0.8248547   0.2731549  -0.27854133  0.32898718
  -0.20319374 -0.29720634  0.09163992 -0.23449516 -0.4278588  -0.52862805
  -0.8166769  -0.3698044  -0.39375323 -0.59984076  0.15849385 -0.583546
  -0.41055673  1.5824327   0.9274388  -0.25164    -0.3841286  -0.42186993
  -0.10952546 -0.10445863  0.35191828 -0.31892407 -0.41832092 -0.64554834
  -0.39589328 -0.6860785  -0.46562278  0.7122272   0.02662409  0.32931957
  -0.47737595  0.24118578 -0.16117778  1.1008337   0.13282472 -0.3354741
  -0.00607796  0.9280451   0.25525054 -0.44371128]]