[[ 1.18093848e+00  5.72432458e-01  7.57933915e-01 -5.04434146e-02
  -7.52109349e-01 -8.65969479e-01 -6.87818825e-01 -4.51504797e-01
  -1.91633046e-01 -4.04248416e-01 -4.78692770e-01 -1.03754771e+00
   6.42241955e-01 -2.99181581e-01 -6.91781342e-01  8.91657472e-01
  -9.06025767e-02  6.45088136e-01 -3.49243671e-01  3.54695737e-01
   2.62390566e+00 -4.90911812e-01 -8.18698823e-01 -5.21838486e-01
   1.31338179e-01 -6.25655413e-01 -1.89973935e-01  5.75282611e-03
  -3.13253760e-01 -6.27423286e-01 -1.33350253e-01 -2.30935559e-01
  -7.66167790e-03  1.11665666e-01 -1.03588976e-01 -3.44636798e-01
  -2.54996251e-02  6.15950942e-01 -8.66297901e-01 -6.38355017e-01
  -5.09583056e-01 -2.85296857e-01 -4.59414572e-01  1.99529314e+00
   8.65873516e-01  1.02613831e+00 -4.82473969e-01 -3.60587031e-01
  -1.48287177e-01 -1.27923250e-01  2.16592169e+00  1.12901771e+00
   1.69327870e-01  1.21431120e-01 -7.30366647e-01 -8.50254238e-01
  -8.94324243e-01  6.11699581e-01 -4.00502115e-01  5.26360929e-01
  -2.55699366e-01 -4.66895819e-01 -5.79645038e-02 -4.10584241e-01
  -4.34404016e-01 -5.07719576e-01 -8.14995229e-01 -3.75281096e-01
  -4.35738027e-01 -5.92881560e-01  3.45152736e-01 -6.22350872e-01
  -5.00278711e-01  1.13693452e+00  9.32395220e-01 -1.97435066e-01
  -6.83556497e-01 -4.90296453e-01  6.86106235e-02 -1.47760764e-01
  -6.65256754e-04 -3.34457487e-01 -4.76544917e-01 -7.07081318e-01
  -4.45055336e-01 -7.98016250e-01 -5.16191006e-01  3.47358972e-01
  -2.13656947e-01  5.04180789e-01 -5.73446691e-01  2.74440169e-01
  -3.31766665e-01  1.31219339e+00  2.17028737e-01 -3.74736726e-01
  -7.29163690e-03  7.63955176e-01  1.69802219e-01 -5.35128117e-01]]