[[ 1.2180698   0.8728422   0.2746192  -0.24576353 -0.654514   -0.87726676
  -0.83511657 -0.53788817 -0.24228732 -0.14378293 -0.50467163 -0.9582697
   0.52188295 -0.25203004 -0.53924143  0.62990767 -0.09321108  1.0221174
  -0.33452377  0.76183885  1.5615878  -0.57942903 -0.56101346 -0.6204283
   0.5671573  -0.4178239  -0.16917036 -0.00698278 -0.39581785 -0.6524397
   0.10750856 -0.2364628   0.16018018 -0.25930542 -0.2857952  -0.2808743
   0.36701986  0.24529505 -0.777993   -0.6682872  -0.45932367 -0.37122136
  -0.41879153  1.0771804   1.336682    1.0488254  -0.2908004  -0.08984399
  -0.2804597   0.34809354  1.4740092   1.8605281   0.11536886 -0.3242364
  -0.5795641  -0.6791585  -0.8110175   0.11878304 -0.35623527  0.06350102
  -0.19546504 -0.40865365  0.19861194 -0.4344564  -0.47674373 -0.55056214
  -0.7472663  -0.49278814 -0.4208456  -0.688692    0.19769207 -0.6196685
  -0.41747937  1.8007201   0.93027997 -0.36055526 -0.28940517 -0.46879068
  -0.19182785 -0.08594202  0.42315418 -0.13787238 -0.406647   -0.6499946
  -0.4905029  -0.7655648  -0.4558959   0.8157949   0.07059275  0.594945
  -0.45314577  0.29171082 -0.09644902  1.1919681   0.07223637 -0.34476092
   0.05465413  0.89670527  0.35726494 -0.43792585]]