[[ 0.7180445   0.87694883  0.3797078  -0.08435772 -0.5994056  -0.8527834
  -0.8308657  -0.40404016 -0.07332823 -0.21654132 -0.48964453 -0.96744645
   0.36256278 -0.28184053 -0.6182496   0.3385081  -0.52313936  0.51743144
  -0.34413296  0.8524644   2.2590284  -0.50203216 -0.73539525 -0.63590485
   0.02412707 -0.5111562  -0.38483137 -0.03901645 -0.38211268 -0.69773155
  -0.3806665  -0.41035232  0.12749648 -0.25894386 -0.31847355 -0.42676803
   0.25755534  0.524607   -0.83199817 -0.6212616  -0.5329493   0.05560093
  -0.43837678  0.8778453   1.5542688   0.49833804 -0.30395943 -0.09378381
   0.32008687 -0.04633726  1.4630129   1.8323324   0.10450134  0.17378312
  -0.38152322 -0.59622693 -0.77494216  0.2553863  -0.2920456   0.41507712
  -0.18724674 -0.2825241  -0.03804994 -0.3048025  -0.46236184 -0.6167489
  -0.90552545 -0.43052465 -0.3976831  -0.5855451   0.43828258 -0.6038717
  -0.4613112   1.2176353   0.8292333  -0.2726242  -0.4718279  -0.46813568
  -0.08565623 -0.1063183   0.18631202 -0.34561872 -0.47304875 -0.62974477
  -0.37501362 -0.7668913  -0.4369685   0.5689855   0.44876814  0.36045226
  -0.5644995   0.24649149 -0.17790066  0.70711434  0.16519076 -0.3478808
   0.03619377  0.7478115  -0.03387767 -0.34786525]]