[[ 1.008807    0.8257924   0.49249572 -0.02787302 -0.60506463 -0.82532454
  -0.79260576 -0.4991864  -0.1630731  -0.18945684 -0.43042436 -0.9069321
   0.6886209  -0.27936062 -0.57191485  0.36317226 -0.16041571  0.643191
  -0.29982308  0.9249137   1.8475564  -0.5403839  -0.70347995 -0.6506669
   0.24889891 -0.5334642  -0.40539634  0.12733126 -0.3644811  -0.61061656
  -0.1426776  -0.33206496  0.12144247 -0.28550446 -0.2662414  -0.40164798
   0.23549706  0.48625368 -0.7886406  -0.6310719  -0.48677403 -0.17034309
  -0.39025906  0.75749743  1.685785    1.0276667  -0.44556263 -0.32604122
  -0.03239081 -0.06432031  1.7846198   2.0591526   0.3133134   0.06071535
  -0.1961799  -0.4610485  -0.8548881   0.33416796 -0.3101662   0.45093474
  -0.2207473  -0.29146504  0.12380519 -0.17968555 -0.43062463 -0.5421378
  -0.8194537  -0.30802077 -0.3967765  -0.60566795  0.18156928 -0.58630913
  -0.40996093  1.593218    1.0032713  -0.2437042  -0.42285597 -0.42504597
  -0.09930563 -0.09590387  0.29744595 -0.27778935 -0.42797756 -0.67148626
  -0.40224668 -0.70033556 -0.4658897   0.7097293   0.00729393  0.34155092
  -0.49235353  0.25106868 -0.1568717   1.1479568   0.18045828 -0.32050568
   0.00965528  0.9783987   0.30774024 -0.47991675]]