[[ 0.5378454   0.7798641   0.3452826  -0.05544947 -0.43227255 -0.722786
  -0.74863064 -0.39962536 -0.16239779 -0.26318738 -0.49410412 -0.760072
   0.22696081 -0.23059772 -0.45362607  0.33748713 -0.46002278  0.24473032
  -0.17253695  1.168311    1.2707194  -0.45426843 -0.32197058 -0.55519485
  -0.03144458 -0.26669288 -0.4344041  -0.3306002  -0.31806836 -0.60278106
  -0.3312346  -0.6202658   0.10949846 -0.07793726 -0.33432934 -0.29491138
   0.08388163  0.02654301 -0.78352004 -0.49718478 -0.4903379  -0.3389708
  -0.42163804  0.6407467   2.0423448   0.18508072 -0.44786346 -0.10826666
  -0.05445     0.20587155  0.54030347  2.4213536   0.18334427 -0.26906762
  -0.56821954 -0.62507296 -0.61384594 -0.02489072 -0.3402161   0.13043009
  -0.09550295 -0.23949715  0.1149551  -0.18468328 -0.42572752 -0.4815787
  -0.7405336  -0.37053585 -0.38441154 -0.6788159  -0.00887702 -0.4539176
  -0.37513945  1.8102185   0.9062474  -0.52226174  0.30976996 -0.48618096
   0.0153807  -0.14292133  1.0173061  -0.25984582 -0.3937443  -0.4677865
  -0.20515311 -0.6404987  -0.40587556  1.2125478   0.15588784  0.5903671
  -0.32247522  0.39156744 -0.08764607  0.1411292   0.13052228 -0.35965294
   0.01564071  0.8811968  -0.18132778 -0.43793914]]