[[ 1.3608068   0.19006775  0.38408417 -0.36048284 -0.70015657 -0.97829676
  -0.76674753 -0.4700795  -0.2873179  -0.21934523 -0.53621507 -1.0368291
   0.36846167 -0.2836355  -0.5572168   1.084628   -0.24963285  0.7919194
  -0.40049928  0.63421464  2.13944    -0.49455708 -0.64815104 -0.70042825
   0.2920033  -0.4680402  -0.3560742   0.15681379 -0.42444015 -0.63484627
  -0.23415485 -0.6085617   0.33607697 -0.11434354 -0.4510452  -0.36367717
   0.33942622  0.05242363 -0.7790269  -0.6849087  -0.5730257   0.00577739
  -0.4148465   1.2868224   1.5016192   1.1572645  -0.31883857 -0.17150138
  -0.11453843  0.18620247  1.5835384   1.8049116  -0.0262464   0.08619576
  -0.58522063 -0.7878959  -0.9622564  -0.00560238 -0.32168713  0.19124764
  -0.23442192 -0.42324796  0.22639348 -0.47944388 -0.566907   -0.55926174
  -0.8742704  -0.59545374 -0.4380623  -0.652781    1.0922747  -0.66334695
  -0.4539861   1.6606812   1.0370778  -0.1137701  -0.43782982 -0.47630158
  -0.35900033 -0.13106963  0.29300544 -0.25071537 -0.52602875 -0.6693625
  -0.6592968  -0.78264785 -0.45785707  0.68923384 -0.11906093  0.5727991
  -0.5335431   0.29382998 -0.04935787  1.6991434  -0.0411544  -0.37721324
   0.09091648  0.88859177  0.48789442 -0.47829038]]