[[ 1.3969718   0.27906758  0.47877106 -0.29598412 -0.6774649  -0.8895605
  -0.6416313  -0.45523378 -0.26660526 -0.272649   -0.43869328 -0.9849271
   0.5580363  -0.30228475 -0.5736883   0.96141475  0.20746762  0.8410371
  -0.3423118   0.5475445   1.6186457  -0.54890996 -0.65925676 -0.5921421
   0.50795794 -0.45339885 -0.06198762  0.22714992 -0.41399625 -0.5671664
   0.11962925 -0.21173699  0.20702888 -0.0737748  -0.3796361  -0.22135307
   0.13014075  0.35923344 -0.7550508  -0.6597966  -0.44966412 -0.3682221
  -0.40853536  1.4891113   1.242809    1.4363822  -0.4412491  -0.29515362
  -0.25544763  0.11404265  1.8807155   1.6881701   0.04130203 -0.26176506
  -0.59450716 -0.6867753  -0.91102105  0.2745135  -0.37792957  0.07487507
  -0.20737623 -0.46726012  0.19231471 -0.47272432 -0.47832495 -0.41334558
  -0.7764395  -0.50490487 -0.44197282 -0.6021888   0.4009624  -0.6428664
  -0.42805877  1.7797877   0.95456386 -0.18955405 -0.43932912 -0.44494766
  -0.3226696  -0.18094788  0.2662143  -0.2622012  -0.46799922 -0.68412036
  -0.58860064 -0.72852594 -0.49091762  0.6358649  -0.23311442  0.4767728
  -0.45591804  0.22234273 -0.1528739   1.7582141  -0.10383269 -0.3650674
  -0.10004406  0.95352226  0.60181206 -0.51204675]]