[[ 1.03445816e+00  5.61387420e-01  9.28122222e-01 -2.64214948e-02
  -6.89234257e-01 -8.04788530e-01 -6.28911197e-01 -4.31360483e-01
  -1.98976368e-01 -3.87284338e-01 -4.02317166e-01 -9.68857408e-01
   7.09661901e-01 -2.85593659e-01 -6.38432026e-01  9.63772774e-01
   5.11824340e-03  5.13636649e-01 -3.41881067e-01  4.91177469e-01
   2.29522252e+00 -4.61863756e-01 -7.85775721e-01 -5.22265017e-01
   2.06093818e-01 -5.61034024e-01 -2.94652075e-01  3.84243652e-02
  -3.51047188e-01 -5.33832908e-01 -1.22332551e-01 -3.52822393e-01
   1.96942091e-02  1.80331260e-01 -1.61828607e-01 -3.41479868e-01
  -5.20323589e-02  3.63595605e-01 -8.07646692e-01 -5.97453594e-01
  -4.71067280e-01 -2.89111525e-01 -3.92043442e-01  1.72799516e+00
   1.13572335e+00  1.07407534e+00 -5.17917991e-01 -3.77847016e-01
  -1.88912809e-01 -1.46024883e-01  1.70983934e+00  1.41884661e+00
   2.81405985e-01  5.73968142e-02 -6.38774276e-01 -7.62068450e-01
  -9.20582354e-01  2.78940171e-01 -3.74009967e-01  4.53918606e-01
  -2.35346049e-01 -4.36575085e-01  1.25557715e-02 -2.97086120e-01
  -4.33241814e-01 -4.66139376e-01 -7.71157861e-01 -3.13656807e-01
  -4.33705926e-01 -5.82187295e-01  3.81554693e-01 -5.44843793e-01
  -4.58577752e-01  1.34539008e+00  1.03508937e+00 -3.77984524e-01
  -5.20485818e-01 -5.02778769e-01 -1.81935728e-03 -1.42508537e-01
   1.52751967e-01 -3.61334532e-01 -4.95620221e-01 -6.89213037e-01
  -4.65617388e-01 -6.98545098e-01 -4.93158877e-01  5.25717318e-01
  -3.21934164e-01  1.93823293e-01 -5.23327053e-01  3.80580664e-01
  -2.98445672e-01  1.17677450e+00  2.82500505e-01 -3.61355096e-01
  -1.80199053e-02  8.44566643e-01  2.02008858e-01 -5.56921899e-01]]