[[ 8.5626286e-01  1.2624104e+00 -1.6878241e-01 -2.1193671e-01
  -5.6323946e-01 -8.4040070e-01 -1.3302909e+00 -6.5892786e-01
  -4.2096141e-01  9.3765631e-02 -6.2184852e-01 -1.0219221e+00
  -2.0073199e-01 -2.8759092e-01 -9.0614688e-01 -1.3109267e-01
  -4.4119844e-01  1.7004735e+00 -4.2028880e-01  7.9112196e-01
   2.4197285e+00 -6.3050783e-01 -7.3617119e-01 -7.0573735e-01
   7.2329515e-01 -9.2001915e-01 -9.5449395e-02 -1.3394965e-01
  -3.8859326e-01 -7.5144827e-01  8.2670879e-01  4.2516470e-01
  -1.7177452e-01 -6.7976463e-01 -2.7427706e-01 -6.0426575e-01
   1.2958018e-01  2.5528863e-01 -8.8105655e-01 -8.5000753e-01
  -5.8298165e-01 -4.3045205e-01 -4.4629928e-01  1.3571237e+00
   1.1537832e+00  1.0277418e+00 -3.6525607e-01  9.1630036e-01
  -4.9327755e-01  1.0118014e-01  2.2842963e+00  1.7622147e+00
  -5.5358577e-01 -4.5357123e-01 -7.8624076e-01 -7.6298797e-01
  -7.1162140e-01  2.2575000e-01 -4.9743754e-01 -1.3832074e-01
   4.8552867e-02 -1.7274074e-01  3.1527728e-01 -7.4612015e-01
  -4.8983702e-01 -7.1731371e-01 -8.4219301e-01 -7.8895849e-01
  -4.9705341e-01 -7.1519238e-01  2.9540566e-01 -8.3101875e-01
  -4.8992181e-01  9.4803029e-01  2.0674302e-01 -3.2143015e-01
  -1.8074322e-01 -6.5786496e-02 -2.9911923e-01  3.9295691e-01
   2.5627327e-01 -3.7323284e-01 -3.3085254e-01 -7.9137719e-01
  -7.2684842e-01 -1.0313485e+00 -4.9720281e-01  7.5008607e-01
   3.7366152e-04  1.1907607e+00 -7.1253681e-01  3.2967147e-01
  -4.4768061e-02  1.8228034e+00  1.6056046e-01 -4.0886843e-01
   1.8165819e-04  4.2794186e-01  6.3428861e-01 -4.9190500e-01]]