[[ 0.5646471   0.9114428   0.63410914 -0.01074086 -0.677558   -0.8392046
  -0.78926367 -0.41136175 -0.13542472 -0.35840502 -0.53511727 -0.9272959
   0.45390204 -0.2561257  -0.63940465  0.73367167 -0.3543849   0.36895633
  -0.2693958   0.6251564   2.3370261  -0.46909463 -0.5840296  -0.5339418
  -0.02956384 -0.5586266  -0.3471231  -0.05530145 -0.35340235 -0.59153587
  -0.32398164 -0.42854777 -0.0264576   0.08141103 -0.01696443 -0.36557207
   0.06204393  0.16938818 -0.7955431  -0.57599795 -0.49853748 -0.31479436
  -0.41466618  1.4441229   1.2475916   0.41228455 -0.40064824 -0.34535408
  -0.22884549 -0.07610043  1.0996017   1.6719568   0.10778484 -0.08020546
  -0.667155   -0.7513342  -0.8115926   0.10061216 -0.33510613  0.23187183
  -0.157221   -0.37577674 -0.06286678 -0.33229706 -0.48137015 -0.47969446
  -0.7763422  -0.43387282 -0.42526147 -0.63574815  0.33943877 -0.5234613
  -0.48248988  1.305199    1.0748938  -0.37087953 -0.27253464 -0.49304053
   0.26765606 -0.09127885  0.47015288 -0.41234973 -0.41201517 -0.5680666
  -0.39284438 -0.72077245 -0.48023662  0.6393348  -0.09071785  0.38064823
  -0.48703644  0.43470153 -0.20222972  0.64501244  0.34960958 -0.4238628
   0.17731526  0.7183078  -0.03604702 -0.4595803 ]]