[[ 1.373281    0.2626368   0.6205884  -0.26074713 -0.7005618  -0.9070388
  -0.6284914  -0.44420552 -0.2543089  -0.2910477  -0.45331448 -0.9930769
   0.55189717 -0.29968762 -0.5909694   1.1028174   0.13639502  0.760206
  -0.37267706  0.57297635  1.796529   -0.53273314 -0.6884476  -0.5947604
   0.43607268 -0.48076275 -0.08712388  0.2301233  -0.431175   -0.56470525
   0.05035    -0.26638454  0.23509748  0.02653656 -0.39562055 -0.24332356
   0.10415133  0.30696934 -0.77780163 -0.6489638  -0.4564901  -0.3600715
  -0.40561405  1.6658772   1.3006394   1.4005562  -0.4547027  -0.32261384
  -0.25781006  0.07154722  1.8084129   1.735761    0.08681849 -0.22638462
  -0.60929173 -0.712339   -0.95601976  0.27222642 -0.37878966  0.14845508
  -0.2070765  -0.46835676  0.20345056 -0.4443411  -0.49323404 -0.43201095
  -0.7956821  -0.4845168  -0.44468376 -0.5978036   0.49624357 -0.64471143
  -0.43449068  1.7960088   1.0533112  -0.20294154 -0.4714038  -0.46657762
  -0.3269806  -0.15759264  0.2502626  -0.283554   -0.49427944 -0.69631845
  -0.62416995 -0.7310746  -0.49438393  0.653668   -0.28175372  0.46511772
  -0.4830637   0.28383902 -0.16172011  1.7215889  -0.02453168 -0.3774891
  -0.10643036  0.997451    0.58067495 -0.53534317]]