[[ 0.6710357   1.1069059   0.5412484  -0.12744708 -0.6613576  -0.8480169
  -0.8456238  -0.33050218 -0.03261007 -0.32119936 -0.55626476 -0.9789894
   0.02884645 -0.23368421 -0.62297994  0.73726726 -0.5827999   0.22981846
  -0.30580387  1.0436189   2.0397549  -0.46073803 -0.64107645 -0.5315688
  -0.07576769 -0.41251123 -0.34934214 -0.30492684 -0.3821867  -0.7211153
  -0.42101556 -0.63651854  0.10428746  0.04356218 -0.2723156  -0.36590773
   0.02956837  0.42095256 -0.8564134  -0.5517393  -0.5022762  -0.2791293
  -0.46675235  1.3218392   1.7291833   0.17199351 -0.26049048 -0.34080473
   0.15080222 -0.00804433  0.77283466  2.2696118   0.04225219 -0.30464375
  -0.6745417  -0.7641479  -0.8030488  -0.04081373 -0.3683588   0.22603655
  -0.18661274 -0.2943952   0.05633875 -0.39420998 -0.4734903  -0.64386374
  -0.8456368  -0.46805668 -0.40063512 -0.6741931   0.16890317 -0.57354665
  -0.41721553  1.5695149   0.9636689  -0.4798874  -0.18005098 -0.5390638
   0.03773121 -0.04341005  0.55183595 -0.34444076 -0.4737784  -0.5969245
  -0.36022076 -0.81435335 -0.406508    0.9030452   0.61738545  0.73879856
  -0.51756567  0.4642965  -0.22107327  0.25513297  0.17964888 -0.39844933
   0.01501604  0.90341896 -0.25599512 -0.31337157]]