[[ 0.8761016   1.5364875   0.07334189  0.11839943 -0.6017461  -0.84406215
  -1.006697   -0.5623804  -0.10987371 -0.16541056 -0.55856895 -0.8024168
   0.0198547  -0.22731367 -0.61666435 -0.19273089 -0.51232     0.07140245
  -0.35567084  1.3079169   1.6218317  -0.54157364 -0.6287427  -0.6544887
   0.00471041 -0.5293541  -0.43513244 -0.00329011 -0.47693628 -0.684445
  -0.3432983  -0.57570624  0.1076074  -0.36483023  0.1045987  -0.4145015
   0.0860334   0.08395495 -0.68841666 -0.512219   -0.5041798  -0.39386708
  -0.40208656  0.13574901  2.1041062   0.29302487 -0.36607555 -0.19583851
  -0.07806934 -0.1405176   0.85967475  2.698767    0.10347658 -0.2587661
  -0.6363529  -0.6548524  -0.8137516   0.14588663 -0.28899467  0.186552
  -0.2672294  -0.25707257  0.14507836 -0.2464647  -0.42532986 -0.73752385
  -0.85999435 -0.32929567 -0.34987006 -0.698413    0.06196723 -0.395347
  -0.37598792  2.1022484   1.2315022  -0.10117465 -0.18210743 -0.37763932
   0.5671631  -0.06905012  0.51189095 -0.3682247  -0.34503546 -0.54706025
  -0.01844096 -0.70998716 -0.40723926  1.1526823   0.2624327   0.77016324
  -0.43622848  0.40863353  0.04948455  0.50206625  0.07260477 -0.35660687
   0.20250969  1.0356672   0.20387219 -0.3903718 ]]