[[ 9.3027282e-01  1.2363548e+00 -9.9352606e-02 -3.0578884e-01
  -5.6662846e-01 -8.3389956e-01 -1.2448770e+00 -6.6146225e-01
  -4.0649807e-01  6.0964052e-02 -6.0728848e-01 -1.0360049e+00
   8.1934720e-02 -2.5953573e-01 -7.8951812e-01 -3.1597880e-03
  -3.9914948e-01  1.4466078e+00 -3.4297091e-01  8.3908361e-01
   2.0151317e+00 -6.0472441e-01 -6.1396009e-01 -6.8642914e-01
   6.1673051e-01 -8.0933958e-01 -1.5307206e-01 -2.2585429e-01
  -3.6018592e-01 -6.8545604e-01  6.9235694e-01  2.8992298e-01
  -1.6982421e-01 -5.8456123e-01 -3.0536327e-01 -5.4262787e-01
   1.7732842e-01  1.4131078e-01 -8.5348558e-01 -8.0841392e-01
  -5.6081629e-01 -4.6767935e-01 -4.1512641e-01  1.2593873e+00
   1.4678261e+00  8.9498872e-01 -3.7795052e-01  3.4503153e-01
  -5.8372760e-01  2.2580990e-01  1.8899854e+00  2.2254415e+00
  -3.5084510e-01 -4.3220553e-01 -6.9254267e-01 -7.1393466e-01
  -7.5785995e-01  6.5593496e-02 -4.7480619e-01 -1.4070250e-01
   2.2231421e-02 -4.2376974e-01  3.9168945e-01 -5.7459760e-01
  -4.9220106e-01 -6.2812763e-01 -7.6031679e-01 -7.4446625e-01
  -4.8438090e-01 -7.6219267e-01  1.5249357e-01 -7.7604216e-01
  -4.6892017e-01  1.3367100e+00  4.6281677e-01 -4.0961486e-01
  -1.8636137e-03 -7.7633992e-02 -2.7595377e-01  8.6200111e-02
   5.8585316e-01 -3.2058367e-01 -3.1639025e-01 -7.3801136e-01
  -6.4146072e-01 -9.4755214e-01 -4.9622291e-01  1.0230291e+00
  -1.5020046e-01  1.0170797e+00 -5.9258568e-01  4.0645960e-01
  -5.3777784e-02  1.6479931e+00  2.5137836e-02 -4.3041736e-01
   7.2096991e-03  6.5594840e-01  4.7297600e-01 -5.0302416e-01]]