[[ 0.67210776  1.0630772   0.42496243 -0.00516524 -0.6333209  -0.8025325
  -0.82516265 -0.4484494  -0.14797427 -0.27798778 -0.48968998 -0.88081336
   0.45864552 -0.24196523 -0.5512804   0.43457124 -0.37654993  0.38384557
  -0.2239366   0.98081994  1.8936968  -0.48237035 -0.49800017 -0.5658429
   0.04865907 -0.43374878 -0.36175504 -0.2080343  -0.3191458  -0.61561036
  -0.28393823 -0.46598133  0.03688405 -0.05087363 -0.0596941  -0.28928035
   0.12447748  0.15859309 -0.8030232  -0.55346495 -0.48494697 -0.34277296
  -0.40918225  0.9928082   1.6384515   0.36184046 -0.4366366  -0.38710386
  -0.13400115  0.11586176  0.9638569   2.1500876   0.20941396 -0.16983679
  -0.6191583  -0.69400424 -0.8266685   0.10855745 -0.3201472   0.1889757
  -0.20058712 -0.31217805  0.0640139  -0.30810055 -0.44574597 -0.49916226
  -0.7675003  -0.39860874 -0.39196157 -0.6629797   0.1076884  -0.4820816
  -0.41787103  1.6400179   1.0564325  -0.45126748 -0.10398467 -0.4849674
   0.2797069  -0.1045974   0.71401    -0.30707523 -0.3825253  -0.53047454
  -0.23341522 -0.695704   -0.44167787  0.9703115   0.08438548  0.5409315
  -0.40253854  0.43403488 -0.12919326  0.43275028  0.16620739 -0.38299245
   0.13283494  0.89419675 -0.08102833 -0.45328742]]