[[ 6.01189971e-01  1.06720722e+00  4.20629829e-01 -5.94063252e-02
  -6.34380043e-01 -8.34078312e-01 -8.22499454e-01 -4.43499565e-01
  -1.40169203e-01 -2.65522361e-01 -5.28876364e-01 -9.04774845e-01
   5.01005292e-01 -2.45173648e-01 -5.72071612e-01  5.27662098e-01
  -3.78367752e-01  4.10149902e-01 -2.51422882e-01  8.32183719e-01
   1.98977745e+00 -4.93502200e-01 -5.44964612e-01 -5.62264740e-01
   8.85412656e-03 -4.67783898e-01 -3.72181177e-01 -1.82223544e-01
  -3.45293760e-01 -6.25726640e-01 -3.05755943e-01 -4.56497699e-01
   9.20351595e-04 -9.54528525e-02 -7.83926174e-02 -3.28908443e-01
   1.25524551e-01  2.17005849e-01 -7.94012129e-01 -5.81692338e-01
  -4.84822094e-01 -3.05979431e-01 -4.07443434e-01  9.44112301e-01
   1.48279893e+00  3.25707823e-01 -3.84155005e-01 -3.51831973e-01
  -1.21236324e-01  1.06549516e-01  1.00722885e+00  1.95443833e+00
   1.58338293e-01 -1.55102834e-01 -5.88247061e-01 -6.83889687e-01
  -8.03927600e-01  8.14327523e-02 -3.27377886e-01  1.76040277e-01
  -1.74794361e-01 -3.34385633e-01  1.65857598e-02 -3.00192267e-01
  -4.64549512e-01 -5.09172916e-01 -7.49936283e-01 -4.12594378e-01
  -3.91034067e-01 -6.53723061e-01  1.71949312e-01 -5.25066733e-01
  -4.34206456e-01  1.48076189e+00  1.00686514e+00 -4.53792095e-01
  -1.77558810e-01 -4.94931340e-01  1.95829466e-01 -1.20344251e-01
   5.71565926e-01 -2.83040226e-01 -3.92368495e-01 -5.47110677e-01
  -3.25807810e-01 -7.11021602e-01 -4.40214455e-01  8.24238181e-01
   1.21334426e-01  4.47988182e-01 -4.44554657e-01  3.79312903e-01
  -1.89158723e-01  5.09202003e-01  2.17582554e-01 -3.86123061e-01
   2.02337071e-01  7.90213764e-01 -1.09039828e-01 -4.32286263e-01]]