[[ 0.61622477  0.65383476  0.5792687   0.07690626 -0.71172214 -0.8968577
  -0.8072658  -0.35658    -0.10926729 -0.34071085 -0.5698824  -0.9921187
   0.1143261  -0.25954682 -0.6344331   0.8542696  -0.61871594  0.32962218
  -0.3139963   0.9863297   2.2028449  -0.45410356 -0.6449346  -0.5946096
  -0.09761134 -0.44596192 -0.40431392 -0.14869654 -0.386954   -0.7056219
  -0.41335905 -0.6864941   0.19090399  0.10671985 -0.3498286  -0.32949424
   0.30965587  0.23944168 -0.837228   -0.58511686 -0.5482608  -0.3885859
  -0.45345703  1.4440439   1.5083141   0.43369725 -0.43769914 -0.39522713
   0.09831552  0.04426846  1.0733987   2.1588168   0.09621159 -0.3091022
  -0.68280643 -0.81261396 -0.97272635 -0.08793661 -0.38817903  0.15661359
  -0.22411932 -0.2938265   0.01017307 -0.46611276 -0.5294374  -0.61953557
  -0.91145885 -0.5305958  -0.4254617  -0.7014193   0.40639746 -0.6204156
  -0.46010444  1.2992327   0.9547032  -0.28192922 -0.33627692 -0.51825565
  -0.05192581 -0.04727238  0.44223788 -0.38477704 -0.46684283 -0.59933174
  -0.38087106 -0.82687724 -0.46784648  0.7145086   0.34649533  0.85006076
  -0.49995503  0.47264236 -0.08245477  0.730561    0.13070004 -0.46291295
   0.02128977  0.8787358  -0.13135351 -0.40831915]]