[[ 1.6151614   0.21018238  0.44443902 -0.34729064 -0.6981797  -0.904133
  -0.6658732  -0.5325331  -0.31583557 -0.21351418 -0.48112333 -0.9531524
   0.5511152  -0.27578557 -0.53181064  1.0780904   0.3838599   0.98896646
  -0.37480444  0.5434831   1.4912312  -0.55394906 -0.649885   -0.60391915
   0.59107286 -0.419603   -0.32744992  0.33324435 -0.44005677 -0.50559217
   0.14375508 -0.54557735  0.16088225 -0.09761685 -0.3208928  -0.31226382
   0.22640824  0.27144432 -0.6703629  -0.7013716  -0.46124712 -0.39595243
  -0.37175685  1.0639017   1.1578046   1.8707422  -0.4588584  -0.46630332
  -0.46274328  0.17024094  1.9572324   1.6773956  -0.00502956 -0.3328208
  -0.52031535 -0.6688097  -0.9489571  -0.09217393 -0.4094686  -0.01805629
  -0.22012098 -0.4769478   0.2979385  -0.47290263 -0.48492774 -0.46868464
  -0.71335196 -0.49200916 -0.43810505 -0.66934437  0.5057513  -0.5940913
  -0.40284845  1.8540488   1.0308012  -0.16087183 -0.39456055 -0.43536264
  -0.29843003 -0.15124062  0.2997981  -0.16439469 -0.44705713 -0.72083956
  -0.56735647 -0.6925814  -0.49216393  0.6558177  -0.39644796  0.4617822
  -0.43482614  0.23089287 -0.09152089  2.1768434  -0.15440843 -0.32699093
  -0.06696598  0.93438804  0.9129714  -0.57336396]]