[[ 0.8111879   0.39634836  0.3935008  -0.11130114 -0.46394295 -0.6276001
  -0.69781137 -0.37232587 -0.21421216 -0.30249342 -0.34005818 -0.8663381
   0.8514987  -0.27031896 -0.48071727  0.40519655 -0.00582835  0.9265859
  -0.05891959  0.5818252   1.3791971  -0.48942378 -0.4428094  -0.5026304
   0.26132327 -0.31393623 -0.3651751  -0.17569554 -0.07351446 -0.49991757
  -0.00454449 -0.15251854  0.01309944 -0.12852263 -0.23537846 -0.21970336
   0.28032193  0.29180455 -0.72293276 -0.6086189  -0.45312163 -0.31308562
  -0.4121555   0.9193133   1.0679555   0.6831345  -0.47494614 -0.08596007
  -0.30652115  0.2845278   1.2240573   1.5977451   0.25252602  0.04674011
  -0.56448627 -0.583862   -0.5513582   0.19974345 -0.36213002  0.22519547
  -0.12066656 -0.39705312 -0.00690248 -0.3436325  -0.3908732  -0.3758849
  -0.6875487  -0.35945234 -0.4395293  -0.6250242  -0.01890247 -0.42325404
  -0.3994807   1.241948    0.65512985 -0.4694592   0.03282637 -0.47847033
  -0.04453005 -0.28080797  0.5472071  -0.28731456 -0.4317055  -0.56252694
  -0.2839146  -0.6046392  -0.46897182  0.83992374 -0.20781974  0.37825966
  -0.31278646  0.31938574 -0.15553546  0.8265839   0.03331889 -0.35030696
   0.03438501  0.7253482   0.1079524  -0.4301443 ]]