[[ 0.5485229   0.7939228   0.6948422  -0.01273008 -0.6647273  -0.837181
  -0.7531522  -0.39578474 -0.12162305 -0.3713758  -0.5117564  -0.9482403
   0.42027432 -0.27169868 -0.64454937  0.7287185  -0.38829985  0.2893592
  -0.2894084   0.57380116  2.3480432  -0.4639994  -0.6173156  -0.5313618
  -0.06354161 -0.5396261  -0.34822416 -0.05372138 -0.35738832 -0.6134451
  -0.34918335 -0.43474102 -0.02595001  0.07448318 -0.14977643 -0.38513094
  -0.02189223  0.3056483  -0.80846757 -0.58205384 -0.49807963 -0.2795864
  -0.42932734  1.406185    1.2586703   0.3567391  -0.3944434  -0.32053304
  -0.06544899 -0.1243518   1.1453251   1.5598452   0.14215314 -0.0413982
  -0.66926754 -0.76014394 -0.81612283  0.16425252 -0.34087995  0.3236882
  -0.1533582  -0.37363508 -0.10007635 -0.30170196 -0.47443363 -0.5192713
  -0.8047982  -0.41333148 -0.42222694 -0.62232476  0.34361073 -0.5485598
  -0.4860171   1.189194    0.93765765 -0.33612835 -0.3266912  -0.5065386
   0.11233211 -0.10629497  0.35787168 -0.42563435 -0.4617474  -0.578402
  -0.38491753 -0.73386323 -0.46841565  0.5516622   0.07765032  0.33593455
  -0.50986534  0.37287813 -0.2213333   0.62717927  0.29220256 -0.4231776
   0.05865024  0.67608535 -0.05590351 -0.43615806]]