[[ 0.5531785   0.6757362   0.79625624 -0.06678425 -0.61738193 -0.79986626
  -0.73787004 -0.38782394 -0.16935685 -0.3905949  -0.4697898  -0.9952739
   0.58138704 -0.27867115 -0.6589924   0.9820789  -0.26825783  0.5089256
  -0.30147564  0.42794958  2.6669075  -0.44559485 -0.748265   -0.5060853
  -0.01568106 -0.534928   -0.3724004  -0.04615803 -0.2712645  -0.56888235
  -0.27822447 -0.33268636 -0.05569898  0.20181774 -0.10822294 -0.3354205
   0.05456138  0.35134345 -0.8186945  -0.62843126 -0.5084467  -0.278939
  -0.41898087  1.7311246   0.85986257  0.5372873  -0.500449   -0.14554043
  -0.11962709 -0.04107322  1.3294066   1.3215479   0.12502863  0.01053179
  -0.6633493  -0.7650734  -0.8075725   0.12067448 -0.37527698  0.3020804
  -0.15131298 -0.40217918 -0.11455502 -0.39848325 -0.48068514 -0.535711
  -0.80843353 -0.40943837 -0.44193724 -0.62428045  0.45739427 -0.51392365
  -0.4714976   0.9500445   0.9271702  -0.43250787 -0.32828498 -0.55638134
   0.12441826 -0.09995462  0.1578506  -0.3999968  -0.5202746  -0.6409543
  -0.404046   -0.71399426 -0.4859911   0.48831764 -0.05498273  0.13971101
  -0.52922827  0.43528214 -0.26430836  0.81645274  0.4123979  -0.40357798
   0.12823221  0.5733078  -0.03312696 -0.49565715]]