[[ 0.94422203  0.85870147  0.47924578 -0.03875273 -0.6019182  -0.8384823
  -0.7816534  -0.51279366 -0.14565586 -0.16208985 -0.3848113  -0.9401362
   0.67134017 -0.29440987 -0.6023158   0.32008377 -0.20907003  0.7070275
  -0.32862812  0.8327239   1.9891626  -0.551697   -0.7330749  -0.6456366
   0.24056263 -0.52201843 -0.33820957  0.1284863  -0.38490653 -0.63971186
  -0.15529504 -0.31473467  0.07703903 -0.31698534 -0.2742263  -0.4032347
   0.287357    0.6007067  -0.7974632  -0.6468332  -0.48543552 -0.1639578
  -0.41676164  0.83438134  1.4605185   0.98492813 -0.40517074 -0.23446922
   0.12539014 -0.06008469  1.884594    1.8449334   0.29401398  0.02563871
  -0.25149733 -0.5044414  -0.82208997  0.40143538 -0.29860702  0.44827843
  -0.21993625 -0.29564473  0.04804219 -0.23045674 -0.43334344 -0.5709158
  -0.8442973  -0.3384086  -0.40965542 -0.6122597   0.17072882 -0.6126079
  -0.4292053   1.3900747   0.87213284 -0.19547312 -0.48454514 -0.43557477
  -0.11430913 -0.1005962   0.17513812 -0.29139784 -0.43512204 -0.67672884
  -0.38409722 -0.7305853  -0.47179395  0.5426447   0.20650259  0.30472344
  -0.52479786  0.19023775 -0.1730435   1.0859488   0.16486529 -0.3209799
  -0.00343544  0.8457115   0.2660945  -0.44427854]]