[[ 0.99169165  0.34820786  0.2658815  -0.24697044 -0.6042041  -0.85551715
  -0.66287154 -0.45624888 -0.25947234 -0.2414099  -0.40054655 -0.93544173
   0.6565366  -0.31113324 -0.5072199   0.64665943 -0.13298295  0.75902015
  -0.2613977   0.61235505  1.3805339  -0.5749014  -0.5231192  -0.61538357
   0.3305078  -0.36444265  0.03324056  0.1106632  -0.35036054 -0.6212363
   0.01307818 -0.07531414  0.14835253 -0.30817127 -0.42670503 -0.15594482
   0.22648878  0.25886443 -0.7384122  -0.63692856 -0.4652951  -0.3827274
  -0.45523572  1.2369211   1.267037    0.71081257 -0.36359814 -0.14734697
  -0.14220554  0.28427997  1.4208363   1.6745982   0.16649507 -0.28814948
  -0.54794943 -0.62398213 -0.80306184  0.43912476 -0.34029645  0.09530265
  -0.2261265  -0.3957974   0.11105755 -0.42768502 -0.46671283 -0.3807249
  -0.74044234 -0.5002044  -0.4271196  -0.6045056   0.25333926 -0.6332623
  -0.4183137   1.4984353   0.7783186  -0.09695223 -0.3665196  -0.438378
  -0.29930297 -0.18549824  0.39253157 -0.2065224  -0.41436663 -0.58978856
  -0.47541806 -0.7393279  -0.45765644  0.6286006   0.02117054  0.61870754
  -0.40734622  0.09687921 -0.04611443  1.224058   -0.20839927 -0.38617313
  -0.04897871  0.84691197  0.33245406 -0.41928425]]