[[ 0.98344624  1.120253    0.32873976 -0.03370979 -0.62661016 -0.82867825
  -0.866452   -0.4860228  -0.23711795 -0.12174487 -0.4743505  -0.9345905
   0.5643453  -0.2720388  -0.668357    0.12912719 -0.12557428  0.8611637
  -0.27360386  0.95482653  1.8990209  -0.5312233  -0.6830524  -0.63082576
   0.20595121 -0.55747485 -0.35848615 -0.0197034  -0.36397022 -0.6135635
  -0.11313618 -0.31004283  0.10020962 -0.26638603 -0.08178192 -0.36723435
   0.38599214  0.47994614 -0.76432776 -0.61602    -0.47938392 -0.32578558
  -0.40454578  0.91822684  1.3908128   1.1653035  -0.48678377 -0.28039718
  -0.03523103 -0.03315114  1.996223    2.1319458   0.18105412 -0.01613143
  -0.68708026 -0.7308847  -0.8484232   0.23778306 -0.41377935  0.31074
  -0.21425146 -0.3644284   0.0880173  -0.30023795 -0.44153482 -0.55789334
  -0.8274036  -0.3840247  -0.4286434  -0.6388173   0.08241478 -0.579986
  -0.43577373  1.6083554   0.9635599  -0.25442424 -0.35774678 -0.4010151
   0.0944546  -0.11476585  0.26097268 -0.3513021  -0.38679796 -0.6628978
  -0.33994517 -0.70775855 -0.47584733  0.6862971   0.10689555  0.34378016
  -0.48824745  0.30430678 -0.128506    1.0258461   0.09071109 -0.31550628
   0.12647009  0.8777585   0.33775088 -0.44961515]]