[[ 0.7536819   1.4768908  -0.06189984 -0.09774574 -0.5775638  -0.83983463
  -0.9146199  -0.45614856 -0.10680923 -0.19222534 -0.5484026  -0.76889026
   0.06996544 -0.21333565 -0.58010596 -0.18324734 -0.45710972  0.11167973
  -0.28605792  1.4126359   1.3421658  -0.5364367  -0.58401436 -0.62341034
  -0.02268991 -0.52961516 -0.3973022   0.16375414 -0.4723317  -0.61973995
  -0.33560312 -0.57147473  0.17520092 -0.33575317 -0.02148948 -0.4354104
   0.17936449 -0.00613386 -0.62672126 -0.4672486  -0.46448642 -0.3702232
  -0.34214613  0.11991151  2.1635103   0.36850297 -0.40163758 -0.19131926
  -0.18498762 -0.12862779  0.7848195   2.9365244  -0.11074725 -0.32798254
  -0.6172276  -0.6366473  -0.6725369  -0.0782803  -0.31595173 -0.05853698
  -0.16807665 -0.26881972  0.21203525 -0.32026577 -0.41141093 -0.518191
  -0.77288705 -0.45390153 -0.3785815  -0.6204078   0.11859135 -0.46665198
  -0.39514202  2.2931743   1.3619725   0.01450587 -0.05069511 -0.28431076
   0.36270478 -0.04001031  0.8370548  -0.39528883 -0.20583242 -0.50685966
  -0.23763287 -0.64880615 -0.4123195   1.2680053   0.01222843  0.70690256
  -0.40784112  0.496709    0.15919599  0.6307117   0.08441221 -0.37681964
   0.20907702  1.095306    0.2458036  -0.34993142]]