[[ 1.3026261   0.7676035  -0.01424495 -0.29552945 -0.6657489  -1.0342101
  -0.86662114 -0.7869253  -0.3547867  -0.06143624 -0.5051816  -1.0093361
   0.86167544 -0.28035787 -0.6590724   0.67371714  0.04942654  1.1337295
  -0.41806972  0.44972914  1.731521   -0.64699495 -0.7512788  -0.63676846
   0.2630285  -0.6326647  -0.13616462 -0.14141871 -0.4438819  -0.67763513
  -0.01223657 -0.11398731 -0.20822972 -0.5514203  -0.20550032 -0.43909973
   0.06007855  0.53439003 -0.8304348  -0.7499841  -0.5546709  -0.35185865
  -0.42925984  0.52996826  1.101853    0.9917516  -0.1731494  -0.30865103
  -0.48125646  0.31167042  2.0758178   1.4762462  -0.10588291 -0.22593997
  -0.4538939  -0.6767495  -0.7778228   0.71092343 -0.34160772  0.08979167
  -0.22707956 -0.45534056  0.09152187 -0.387424   -0.42839855 -0.511885
  -0.6465271  -0.5425671  -0.35200962 -0.72216904  0.12198508 -0.7030574
  -0.45939744  1.3779719   0.6477697  -0.07682368 -0.42254874 -0.37963185
  -0.12768328 -0.24027094  0.17226797 -0.01709978 -0.32657182 -0.6289895
  -0.38510314 -0.8302219  -0.44939145  0.52114433 -0.01152635  0.69025904
  -0.5730931  -0.02047783 -0.52332586  1.731605   -0.25835264 -0.3590998
   0.13046394  0.7333918   0.14375903 -0.59148663]]