[[ 9.76363897e-01  1.40772772e+00 -1.67419359e-01 -3.22575450e-01
  -5.72770059e-01 -8.36679757e-01 -1.34055984e+00 -6.66394472e-01
  -4.18702304e-01  1.24573462e-01 -6.18283808e-01 -1.07634461e+00
  -1.33629337e-01 -2.78490305e-01 -8.74140918e-01 -1.00039877e-01
  -3.93166244e-01  1.67003489e+00 -3.79870594e-01  8.40481043e-01
   2.33609033e+00 -6.17294312e-01 -7.12413251e-01 -6.96912169e-01
   7.79633641e-01 -9.13899124e-01 -6.91818520e-02 -1.45176068e-01
  -3.67601573e-01 -7.13849306e-01  8.87844920e-01  4.75081295e-01
  -1.21566281e-01 -6.25661194e-01 -2.43519127e-01 -5.76103926e-01
   2.20853433e-01  2.53576070e-01 -8.47749889e-01 -8.39078486e-01
  -5.69296479e-01 -4.50077951e-01 -4.18663412e-01  1.47606444e+00
   1.31060481e+00  1.13427293e+00 -3.60126585e-01  6.17617071e-01
  -5.49399972e-01  1.40766144e-01  2.18815780e+00  2.06814694e+00
  -5.16649008e-01 -4.50209737e-01 -7.70754039e-01 -7.57256508e-01
  -7.62545288e-01  1.13591574e-01 -5.03250003e-01 -1.64830297e-01
   5.66051863e-02 -4.36759919e-01  4.02348578e-01 -7.22890556e-01
  -5.01887739e-01 -7.04053462e-01 -8.12176824e-01 -7.75534034e-01
  -5.01169562e-01 -7.19271541e-01  2.56052196e-01 -8.07437837e-01
  -4.72940534e-01  1.15718162e+00  3.08536172e-01 -3.28125715e-01
  -1.00999482e-01 -5.58881322e-04 -2.53052533e-01  2.59304851e-01
   3.56171250e-01 -3.49404246e-01 -3.17701459e-01 -8.11145306e-01
  -7.22538650e-01 -1.00832832e+00 -5.02017558e-01  9.05938685e-01
  -1.45975605e-01  1.01851678e+00 -6.76958144e-01  3.97249788e-01
  -2.14815624e-02  1.95121026e+00  9.53793526e-02 -3.95193785e-01
  -2.59811692e-02  5.44989526e-01  6.98581755e-01 -4.73107010e-01]]