[[ 1.2778237   0.28637603  0.48533067 -0.2728009  -0.6721319  -0.8823172
  -0.63938856 -0.44390652 -0.23542318 -0.26983124 -0.44003654 -0.9706862
   0.5726448  -0.29860923 -0.54158485  0.9561937   0.06600126  0.7961173
  -0.32802778  0.5929483   1.6215255  -0.5468477  -0.6191053  -0.594484
   0.44891804 -0.42012662 -0.06176838  0.19020806 -0.39586395 -0.5832055
   0.05168672 -0.22676748  0.21436426 -0.0717878  -0.4030708  -0.20171852
   0.17193201  0.2889659  -0.760954   -0.64146227 -0.45400643 -0.36051676
  -0.4208683   1.4967464   1.2673453   1.1917442  -0.40635923 -0.2837852
  -0.22439894  0.17827055  1.6466397   1.6973408   0.10206749 -0.26244676
  -0.58715504 -0.68178314 -0.89322704  0.29787225 -0.34087333  0.09761157
  -0.21454084 -0.44304135  0.1750735  -0.45571804 -0.4801808  -0.41517293
  -0.7724702  -0.4943424  -0.43700632 -0.59910446  0.40716302 -0.6347707
  -0.42503083  1.7216799   0.9570956  -0.18813841 -0.41477773 -0.46041128
  -0.31895483 -0.17162493  0.3270838  -0.24522457 -0.4647692  -0.6554901
  -0.57823515 -0.72970283 -0.48219457  0.6632364  -0.18655464  0.53304535
  -0.44596952  0.23551044 -0.10984823  1.5485249  -0.08809578 -0.37587747
  -0.08595952  0.9515031   0.4947768  -0.4843188 ]]