[[ 0.30896991  1.0892631  -0.06226946 -0.36405975 -0.62828076 -1.1528502
  -0.9209946  -0.90510774 -0.44239825  0.07881656 -0.5467758  -1.0039818
   1.1968925  -0.27925605 -0.59004205  1.0898914  -0.32017595  0.99134433
  -0.4611836   0.36392918  2.4360487  -0.64965767 -0.72693336 -0.71685755
  -0.08936356 -0.5894347  -0.38090274 -0.10331362 -0.45483512 -0.6131005
  -0.29007506 -0.2545267  -0.35545313 -0.66128457 -0.04832152 -0.4592911
   0.34441605  0.09016351 -0.73747015 -0.857507   -0.64371204 -0.39842293
  -0.39189458  0.10922898  0.7934663   0.2828111  -0.11734471 -0.21138297
  -0.50472003  0.64290154  1.1039084   1.2573402  -0.10465786 -0.47810963
  -0.24904287 -0.5749723  -0.9504691   0.02698252 -0.3309722  -0.16640069
  -0.15380405 -0.40074825  0.03688205 -0.30210093 -0.5586272  -0.6305333
  -0.57175505 -0.6047194  -0.31176707 -0.85669225  0.6121266  -0.6603063
  -0.4599887   0.87484473  0.912648   -0.12406015 -0.3257683  -0.47547242
   0.05842657 -0.16834067  0.10665376  0.14730652 -0.37203133 -0.5804801
  -0.433188   -0.7999636  -0.41876277  0.39392814  0.11074518  0.00518994
  -0.62123394 -0.02855228 -0.45541897  1.487244   -0.00390857 -0.36471906
   0.6875333   0.2895253   0.0345182  -0.62837857]]