[[ 1.3716471e+00  1.0841340e+00  2.0668884e-01  6.0222298e-02
  -5.6368768e-01 -7.9652101e-01 -9.9338901e-01 -3.9939177e-01
  -1.0896809e-01 -1.6660774e-01 -4.6479562e-01 -9.2405897e-01
  -2.5995051e-02 -2.3512770e-01 -5.7522279e-01  9.5727153e-02
  -5.5714172e-01  4.9945799e-01 -1.3839091e-01  1.5854775e+00
   9.4317323e-01 -5.3155261e-01 -3.9812556e-01 -6.3296437e-01
   2.6348227e-01 -4.0922791e-01 -4.4142565e-01 -6.4864999e-01
  -2.7940127e-01 -8.2312810e-01 -2.3806107e-01 -2.6323467e-01
   3.0737910e-01 -3.2301536e-01 -4.9458504e-01 -4.1075003e-01
  -7.0935920e-02  4.1711295e-01 -9.3874311e-01 -4.6215338e-01
  -5.6798971e-01 -3.6775452e-01 -5.0679040e-01  6.4301270e-01
   2.8416460e+00  2.3410341e-01 -2.2722453e-02 -5.1374471e-01
  -2.1206569e-03  2.3377061e-02  8.3759367e-01  3.3888164e+00
   1.8962710e-01 -2.6550275e-01 -6.8670350e-01 -7.2261220e-01
  -7.5326264e-01  5.4431981e-01 -1.9616552e-01  3.9205688e-01
  -2.4156135e-01 -2.0340571e-01  3.3056042e-01 -1.1110028e-01
  -4.1548017e-01 -6.7695308e-01 -9.0532571e-01 -3.8213691e-01
  -3.5196739e-01 -7.4511832e-01 -4.2780891e-01 -6.4139086e-01
  -3.4971261e-01  2.4222200e+00  8.3533573e-01 -1.4869955e-01
   2.0335062e-01 -2.8765443e-01 -1.9421674e-01 -1.5264536e-01
   1.0524311e+00 -3.4807643e-01 -3.6150050e-01 -4.5731753e-01
  -2.5796625e-01 -8.7129593e-01 -3.7735054e-01  1.5752764e+00
   5.4848069e-01  1.4720238e+00 -4.2928815e-01  4.1715020e-01
  -2.5969940e-01  1.1547224e-01 -2.4405506e-01 -3.6579823e-01
  -1.7400713e-01  1.4246103e+00 -3.0060801e-01 -2.9190588e-01]]