[[ 1.6227182   0.27176937  0.5465403  -0.31784797 -0.71651393 -0.9259886
  -0.682117   -0.5267028  -0.30595064 -0.20956539 -0.49521974 -0.9809183
   0.61750454 -0.26417828 -0.5521259   1.2447252   0.25903356  0.9751948
  -0.365522    0.6844673   1.5943316  -0.54002845 -0.62736887 -0.6256084
   0.5146813  -0.421974   -0.33990443  0.17132005 -0.42553312 -0.5248994
   0.07257123 -0.57403576  0.22301127 -0.02735246 -0.35156015 -0.31527328
   0.22315684  0.22622481 -0.74556607 -0.700929   -0.47858113 -0.39854932
  -0.38364178  1.2622939   1.3899163   1.7665108  -0.43620434 -0.534487
  -0.45644808  0.22028627  1.8395067   1.9747301   0.07773232 -0.31967312
  -0.5204008  -0.68633974 -0.9898331  -0.06918595 -0.40926602  0.06324066
  -0.2250194  -0.46694097  0.35799542 -0.4354497  -0.51586777 -0.4755152
  -0.72938246 -0.49044216 -0.44014406 -0.700165    0.49828032 -0.6127925
  -0.3968819   2.0005467   1.1376683  -0.29491916 -0.3602792  -0.47993886
  -0.30097815 -0.1421248   0.4025088  -0.1513055  -0.47245824 -0.7262232
  -0.5892144  -0.7178168  -0.49051023  0.7981257  -0.37062493  0.5831536
  -0.44956014  0.3038195  -0.17123285  1.996684   -0.10530126 -0.34410477
  -0.04855113  1.0651529   0.77481776 -0.57656443]]