[[ 9.54307497e-01  1.43715417e+00 -4.16988619e-02 -3.01514685e-01
  -5.70283890e-01 -7.85771370e-01 -1.24612033e+00 -6.02670074e-01
  -3.45726073e-01  5.47291860e-02 -5.91203451e-01 -9.78530288e-01
  -1.46696299e-01 -2.79705554e-01 -7.77740359e-01 -1.21202670e-01
  -3.63190562e-01  1.21313810e+00 -3.96626681e-01  6.96367204e-01
   2.25301790e+00 -6.16948366e-01 -7.62475371e-01 -6.30786121e-01
   6.91510320e-01 -9.19173300e-01 -1.25249922e-01  1.58753581e-02
  -3.32616508e-01 -6.95376694e-01  7.73913741e-01  4.35063303e-01
  -1.57156348e-01 -5.84727466e-01 -2.17849478e-01 -5.54203928e-01
   1.85956843e-02  2.12446570e-01 -7.47080028e-01 -6.67445123e-01
  -5.30970931e-01 -3.83736759e-01 -3.90715241e-01  1.20528090e+00
   1.18954825e+00  7.50529766e-01 -4.04690981e-01  5.96572936e-01
  -5.38667500e-01 -3.85265239e-02  1.72519791e+00  1.75838804e+00
  -4.81733769e-01 -3.64994615e-01 -7.12999940e-01 -6.38458788e-01
  -7.59507716e-01  1.43756211e-01 -4.55138206e-01 -9.38732997e-02
  -6.90897852e-02 -4.17439938e-01  2.93102443e-01 -6.28447533e-01
  -4.56317633e-01 -7.27524102e-01 -8.14132988e-01 -6.23984337e-01
  -4.42406297e-01 -6.45567417e-01  2.83285499e-01 -7.11152434e-01
  -4.32491988e-01  1.08862400e+00  5.20654857e-01 -2.06177503e-01
  -3.07704121e-01  1.47322100e-03 -2.31359035e-01  1.33418038e-01
   6.31670840e-03 -3.51266861e-01 -3.14932346e-01 -7.85397470e-01
  -6.51885986e-01 -9.23214793e-01 -4.77055758e-01  9.44788218e-01
  -1.70780152e-01  8.81734490e-01 -6.69093609e-01  3.23637486e-01
   4.11955491e-02  1.70996296e+00  1.07378915e-01 -3.56396526e-01
  -1.94225628e-02  5.27336776e-01  5.73497891e-01 -4.65150952e-01]]