[[ 1.4869195   0.2693749   0.4607204  -0.31838813 -0.6802768  -0.8898139
  -0.64211226 -0.46636993 -0.29759136 -0.26999512 -0.4385149  -0.99007386
   0.57359385 -0.30320808 -0.58041185  0.94683754  0.34180623  0.9258466
  -0.34476036  0.50758463  1.5803727  -0.55282456 -0.6740715  -0.5889976
   0.5764259  -0.4561789  -0.06022682  0.25171992 -0.42069736 -0.55317074
   0.19212675 -0.20007145  0.1874707  -0.08596584 -0.35720363 -0.21694352
   0.13290761  0.415531   -0.7468255  -0.6759848  -0.44212985 -0.37814713
  -0.39731225  1.4522767   1.1904485   1.6458911  -0.46997136 -0.31020975
  -0.2890466   0.10881878  2.0739336   1.6473581   0.01327934 -0.26599944
  -0.59471196 -0.6859936  -0.92026883  0.2435422  -0.41291597  0.04391447
  -0.20566797 -0.4869467   0.2028069  -0.4908977  -0.4714351  -0.40156183
  -0.7690378  -0.5125105  -0.4437628  -0.60518986  0.37966934 -0.64612705
  -0.42786932  1.8051622   0.9331687  -0.20365956 -0.44583136 -0.43295503
  -0.3280151  -0.19368859  0.24427968 -0.25755757 -0.46598336 -0.7027437
  -0.59282964 -0.7236182  -0.49675542  0.6170338  -0.25700042  0.42378792
  -0.4512919   0.20382671 -0.16793863  1.9282364  -0.12566927 -0.35222572
  -0.10265741  0.9420264   0.6913401  -0.5386312 ]]