[[ 0.73450243  0.97351605  0.01583188 -0.1289371  -0.52649033 -0.7552071
  -0.71712005 -0.319302   -0.03092176 -0.21880585 -0.4693594  -0.71537155
   0.01735057 -0.24458422 -0.4926254  -0.14178719 -0.42745283  0.0713137
  -0.25397152  1.283061    0.93903154 -0.53593314 -0.5300777  -0.5671313
  -0.02298084 -0.39327273 -0.3999653   0.2089057  -0.421141   -0.58427596
  -0.3168898  -0.5792784   0.24591148 -0.3529414  -0.31698388 -0.42189416
   0.10884228  0.10168562 -0.56864655 -0.44639814 -0.42588478 -0.28024688
  -0.36132905  0.00669164  2.0687811   0.26426393 -0.3907189  -0.11833079
  -0.00371829 -0.0953365   0.5399306   2.599771   -0.05199137 -0.28469995
  -0.5835883  -0.54915065 -0.6143106  -0.01292981 -0.30404663  0.02652815
  -0.05883661 -0.25703678  0.16853511 -0.2728572  -0.38606572 -0.52703154
  -0.7425044  -0.3735619  -0.38162628 -0.54160297  0.11604897 -0.44335073
  -0.37999693  2.0747144   1.1255884   0.09249835 -0.04293501 -0.30562136
   0.00328279 -0.11351395  0.7211537  -0.3397313  -0.27044988 -0.49688575
  -0.28542173 -0.59931254 -0.38907453  1.1585624  -0.00915824  0.69031596
  -0.36352256  0.391222    0.18780799  0.62695897 -0.09727284 -0.3497768
  -0.04976266  1.0344679   0.273562   -0.2701865 ]]