[[ 0.598319    0.6418707   0.56155246  0.0692611  -0.7070433  -0.88662434
  -0.8023937  -0.35861194 -0.11385637 -0.33109626 -0.568753   -0.9811217
   0.16351753 -0.25621986 -0.5995049   0.83134365 -0.6051454   0.3952524
  -0.2993954   0.98235834  2.1430497  -0.45835954 -0.61335576 -0.5927675
  -0.07014395 -0.40676254 -0.39462087 -0.15482226 -0.37265608 -0.7043512
  -0.39298502 -0.68039125  0.1744891   0.08947235 -0.35104403 -0.29622898
   0.36341622  0.22582388 -0.8320647  -0.5852662  -0.54160684 -0.39079615
  -0.45349938  1.4048737   1.4647121   0.41755512 -0.43117836 -0.39813635
   0.08608645  0.12219971  1.0465055   2.1062748   0.13637497 -0.31355998
  -0.67177695 -0.80245113 -0.96080494 -0.09083882 -0.38658231  0.14391677
  -0.23074257 -0.29126406  0.00505024 -0.4673969  -0.5217022  -0.60100955
  -0.89350367 -0.52661985 -0.42237818 -0.69937575  0.3860497  -0.6141492
  -0.45548835  1.2679224   0.93050337 -0.29570335 -0.3158142  -0.5205649
  -0.05877087 -0.05611913  0.48832098 -0.35363877 -0.45990473 -0.58910155
  -0.37623894 -0.8191355  -0.46501198  0.722904    0.3623641   0.8436996
  -0.4791596   0.4597785  -0.04729623  0.70783156  0.11727192 -0.4581836
   0.03340255  0.86235017 -0.13417903 -0.4100744 ]]