[[ 7.8734195e-01  1.6701469e+00 -2.0077008e-01 -3.5775861e-01
  -5.6949925e-01 -8.0945253e-01 -1.3454090e+00 -6.2185431e-01
  -3.5207483e-01  5.4650147e-02 -6.0566461e-01 -1.0665269e+00
  -7.8866370e-02 -2.1186963e-01 -8.3858997e-01 -1.7699352e-01
  -4.0455571e-01  1.4932061e+00 -3.4446210e-01  1.0573883e+00
   2.2027960e+00 -5.9072655e-01 -6.3490087e-01 -6.7615032e-01
   6.1537296e-01 -8.6653990e-01 -1.3881646e-01 -2.7456468e-01
  -3.6125422e-01 -7.0546913e-01  7.3223966e-01  3.2513002e-01
  -1.6318488e-01 -5.7903391e-01 -1.8547669e-01 -5.2952969e-01
   1.5376996e-01  2.5020888e-01 -8.4668612e-01 -7.9094416e-01
  -5.2809733e-01 -4.2639574e-01 -3.8799694e-01  1.1832645e+00
   1.4441981e+00  9.9875182e-01 -4.1552567e-01  4.2112321e-01
  -4.6727675e-01  1.8096222e-01  2.2053590e+00  2.3519797e+00
  -4.7389358e-01 -4.4229817e-01 -7.4632657e-01 -7.4091095e-01
  -7.2119522e-01  1.2625077e-02 -5.1034719e-01 -1.1415927e-01
   1.7173031e-01 -4.3184835e-01  2.3425929e-01 -7.2349709e-01
  -4.6129540e-01 -6.6553962e-01 -8.0019319e-01 -7.9614514e-01
  -4.9893662e-01 -6.9972903e-01  1.0150884e-01 -7.3794639e-01
  -4.6395221e-01  1.5247941e+00  4.9273682e-01 -4.7960091e-01
  -1.9207384e-02 -2.0356730e-02 -1.6829598e-01  2.6099131e-01
   4.1524744e-01 -3.5502329e-01 -2.8949139e-01 -7.7761334e-01
  -6.0456908e-01 -9.4815868e-01 -5.0251979e-01  1.0577075e+00
   1.0363692e-03  9.9682546e-01 -6.1407340e-01  4.5337093e-01
  -5.5199765e-02  1.5195476e+00  1.3375200e-01 -3.9699063e-01
   5.0144807e-02  5.3480297e-01  4.6932366e-01 -4.3218818e-01]]