[[ 1.0329585   0.79158866  0.5847719   0.49388677 -0.7329326  -0.89461005
  -0.989236   -0.40415362 -0.1335568  -0.35915    -0.61021256 -1.0114098
   0.11238424 -0.27063704 -0.7932439   0.6165238  -0.67932284  0.21523826
  -0.2927538   1.0368867   2.1565661  -0.44814873 -0.61792326 -0.65365213
  -0.07669543 -0.6001586  -0.44384897 -0.42585346 -0.37559316 -0.77049756
  -0.36369088 -0.6691205   0.35379532 -0.06377706 -0.1531846  -0.39295623
   0.39622128  0.27417797 -0.89722264 -0.63756335 -0.61060375 -0.4795244
  -0.5073997   1.3891978   1.7053668   0.62333924 -0.4038593  -0.45629844
   0.02357595 -0.14862259  1.5024413   2.46449     0.2741136  -0.2081708
  -0.7180147  -0.85214514 -1.0261074   0.13966541 -0.40768164  0.4200554
  -0.3046941  -0.25829554  0.09973555 -0.32854262 -0.56875247 -0.69796413
  -1.0107735  -0.47199145 -0.43649465 -0.8406035   0.0709851  -0.64134157
  -0.46152616  1.4615133   0.9045243  -0.40132922 -0.43542993 -0.515851
   0.19085947 -0.09541447  0.19991517 -0.4284504  -0.44755074 -0.63158995
  -0.20694043 -0.9362469  -0.5212162   0.7480562   0.45234734  1.3558425
  -0.5227724   0.4437783  -0.3080011   0.79574525  0.14374623 -0.49021235
   0.16775335  1.0874388  -0.14223215 -0.42008647]]