[[ 0.3779807   0.9849636   0.693193    0.00529722 -0.6943851  -0.87080294
  -0.8058462  -0.39751437 -0.10792509 -0.3948277  -0.5474244  -0.95861006
   0.3678054  -0.2607796  -0.7091299   0.8445113  -0.5341165   0.18545265
  -0.28909722  0.60576063  2.6712072  -0.45312482 -0.63026696 -0.53149736
  -0.20717852 -0.6377782  -0.36168617 -0.05521181 -0.36395127 -0.6052836
  -0.46004903 -0.43636784 -0.02868827  0.15463622  0.01147791 -0.4304796
  -0.02958619  0.1497471  -0.81537384 -0.5727216  -0.52577597 -0.30526862
  -0.42589158  1.6558013   1.2519009   0.17286845 -0.39117873 -0.3131654
  -0.18244484 -0.20415534  0.95948946  1.6905621   0.02168477 -0.07523733
  -0.7007546  -0.7881459  -0.8260959   0.08911306 -0.32718477  0.24921504
  -0.13399135 -0.3707594  -0.10686771 -0.3499737  -0.5140953  -0.5173404
  -0.81057274 -0.4697908  -0.43411505 -0.63958293  0.4480486  -0.53383964
  -0.5073475   1.2082925   1.149206   -0.3310002  -0.31230524 -0.5098885
   0.3465041  -0.04275913  0.40319693 -0.48398882 -0.42277333 -0.5652058
  -0.4023945  -0.7474633  -0.48444313  0.57888734 -0.07626798  0.36865756
  -0.542947    0.47809348 -0.24978562  0.4923239   0.4440892  -0.4563372
   0.1939267   0.66840094 -0.14385936 -0.4421807 ]]