[[ 7.56942689e-01  8.48300099e-01  2.90509135e-01 -1.32395893e-01
  -5.81739068e-01 -8.60498607e-01 -8.76909494e-01 -4.50909823e-01
  -1.15118824e-01 -2.12975517e-01 -4.75064814e-01 -9.84358490e-01
   4.46284920e-01 -2.81708837e-01 -6.01244748e-01  2.35316426e-01
  -5.14249146e-01  6.04819000e-01 -3.23977649e-01  8.23953807e-01
   2.25752306e+00 -5.08308113e-01 -7.24407554e-01 -6.75308704e-01
   8.88954550e-02 -5.12667894e-01 -3.76806855e-01 -1.04466528e-02
  -3.57153237e-01 -7.15205073e-01 -3.53303462e-01 -3.49359661e-01
   1.25948131e-01 -3.54487777e-01 -3.45785052e-01 -4.24752712e-01
   3.20570648e-01  5.40291369e-01 -8.34049702e-01 -6.43090785e-01
  -5.55517375e-01  1.19344234e-01 -4.33730036e-01  7.39655972e-01
   1.59094107e+00  5.35091460e-01 -2.61371702e-01 -4.23623845e-02
   3.02498758e-01 -7.25090271e-04  1.62561774e+00  1.79556787e+00
   1.07068628e-01  2.61659831e-01 -2.85926431e-01 -5.67795575e-01
  -7.51248062e-01  2.92882979e-01 -2.68669605e-01  4.26857471e-01
  -2.17615023e-01 -2.74288774e-01 -3.70828770e-02 -3.06538969e-01
  -4.60818619e-01 -6.03808343e-01 -9.18905020e-01 -4.60116774e-01
  -3.93762410e-01 -5.96007049e-01  4.89541203e-01 -6.44224584e-01
  -4.64859962e-01  1.20700598e+00  7.58799314e-01 -2.33779341e-01
  -4.74904507e-01 -4.45111543e-01 -1.55006856e-01 -1.08491264e-01
   2.12350801e-01 -3.39361966e-01 -4.65823084e-01 -6.27925098e-01
  -4.20606554e-01 -7.77333558e-01 -4.34478760e-01  5.44593155e-01
   4.97059882e-01  3.50036800e-01 -5.67155302e-01  1.97572351e-01
  -1.53054014e-01  8.21070969e-01  1.66120231e-01 -3.40579867e-01
   8.27522725e-02  7.22820044e-01 -1.20456014e-02 -3.48368168e-01]]