[[ 0.7597166   0.78591996  0.38647243 -0.14722809 -0.6197439  -0.91567546
  -0.8795096  -0.4466384  -0.09287912 -0.20864749 -0.4745727  -1.0158899
   0.57550573 -0.29710373 -0.601093    0.57184535 -0.51338303  0.63672566
  -0.3341333   0.84214175  2.5859647  -0.51572925 -0.78927803 -0.7129623
   0.11319143 -0.6048008  -0.43232164  0.15822783 -0.34906042 -0.7117231
  -0.37073985 -0.3444919   0.1785375  -0.34405553 -0.33761448 -0.45862955
   0.35915253  0.505972   -0.8659432  -0.67986864 -0.573542    0.23411864
  -0.41360024  0.9213372   1.6649671   0.6687284  -0.3549834  -0.06848267
   0.25509822 -0.07311562  1.7443628   1.8673756   0.11934257  0.354048
   0.04035261 -0.36853063 -0.8714716   0.30266076 -0.26771066  0.4754332
  -0.19386446 -0.19735935  0.00960106 -0.29862335 -0.50581247 -0.6179864
  -0.95910394 -0.46397278 -0.40314883 -0.571853    0.7255774  -0.6637928
  -0.4609938   1.2099105   0.97585166 -0.22046629 -0.54166716 -0.45899898
  -0.1568564  -0.01961571  0.17853358 -0.31843197 -0.49370378 -0.67304957
  -0.5304571  -0.7989624  -0.45813286  0.54779625  0.23911177  0.2626512
  -0.6061447   0.23905472 -0.16730882  1.0751275   0.3462773  -0.34784046
   0.1434482   0.82337767  0.01594945 -0.43705386]]