[[ 0.6933011   1.5353458  -0.32335263 -0.24995707 -0.58252245 -0.86712444
  -0.8656583  -0.40957353  0.03953427 -0.16610225 -0.5088586  -0.874788
  -0.32987216 -0.23782817 -0.6011146  -0.22140701 -0.51063585  0.29947907
  -0.32278618  1.1520967   1.578218   -0.5657505  -0.671313   -0.5813583
   0.00595943 -0.3600621  -0.33245343  0.18105295 -0.44973812 -0.72393525
  -0.33929455 -0.56905913  0.24345957 -0.4416716  -0.00820013 -0.415754
   0.28816262  0.5102932  -0.58043146 -0.53209984 -0.4749362  -0.30376378
  -0.43482935  0.02663624  1.6456317   0.2502179  -0.14388916  0.05406744
   0.39201626 -0.07211187  0.8402769   2.3542218  -0.40571898 -0.50824255
  -0.70322233 -0.670168   -0.58821356 -0.15097465 -0.28624415 -0.24368279
  -0.15455107 -0.27196002  0.03441362 -0.57570446 -0.42998165 -0.78680813
  -0.88059884 -0.54491425 -0.37989062 -0.6275584   0.17427415 -0.48069707
  -0.41790125  1.8324358   0.98349315  0.26164755 -0.1803629  -0.33304375
   0.35279217 -0.07762732  0.38419485 -0.33867598 -0.3034398  -0.5467081
  -0.19046324 -0.75429827 -0.38562977  0.88474995  0.6623542   0.76132846
  -0.46478346  0.336403    0.12398805  0.6128518  -0.03483654 -0.32956848
   0.16780692  0.72384423  0.23215133 -0.02284397]]