[[ 0.85678416  1.0970926  -0.03041648 -0.17454912 -0.7374801  -1.0977125
  -0.92779773 -0.7789372  -0.33536586 -0.12235534 -0.612536   -1.025453
   0.65015227 -0.28623566 -0.7398287   0.5804818  -0.44844854  0.6925061
  -0.47842726  0.20964053  2.4712703  -0.63549006 -0.7722003  -0.6223939
  -0.22659694 -0.79761934  0.01667231 -0.22005756 -0.46694767 -0.7900431
  -0.32252222 -0.16845149 -0.3322335  -0.5464783   0.12481244 -0.44538376
  -0.0207481   0.31848335 -0.8732346  -0.74190736 -0.5606852  -0.3769349
  -0.51161456  1.0793324   0.71573234  0.17357601 -0.33077875 -0.16918285
  -0.5154967   0.2436009   1.9017047   1.0557092  -0.05479987 -0.13958934
  -0.526374   -0.72273856 -0.89634067  1.1055536  -0.38884854  0.31732878
  -0.24241872 -0.43992704 -0.11998518 -0.44620764 -0.47190863 -0.6508385
  -0.6881611  -0.5546275  -0.35040477 -0.7183206   0.15705161 -0.6896968
  -0.48952007  0.90357506  0.7225493   0.03696553 -0.61833924 -0.4844605
   0.32311517 -0.20625255 -0.12144099 -0.09180579 -0.35296655 -0.62230104
  -0.37252408 -0.8975784  -0.4714179   0.26988766 -0.09636104  0.91266954
  -0.6030483  -0.06466683 -0.53778553  1.2395649   0.07717112 -0.44673976
   0.49655223  0.5212422  -0.25304633 -0.60748214]]