[[ 0.7604886   1.2616581  -0.07450347 -0.20428763 -0.6081237  -0.9867221
  -0.984603   -0.7908606  -0.35257283 -0.03289939 -0.52332723 -0.9659022
   0.8104525  -0.25355923 -0.64744663  0.5670361  -0.1112019   1.0745368
  -0.39899245  0.5154189   1.9181967  -0.62968755 -0.7117101  -0.64944786
   0.2076973  -0.6178203  -0.35329342 -0.24121387 -0.4514957  -0.6516513
  -0.13208264 -0.12361252 -0.24790671 -0.56831163  0.07195129 -0.45189443
   0.20074752  0.28632715 -0.76055336 -0.72351694 -0.57878524 -0.3906839
  -0.40867049  0.14626886  1.0424612   0.64944893 -0.05822296 -0.3035329
  -0.46755597  0.3068101   1.5122926   1.5856582  -0.1527154  -0.36844826
  -0.41308597 -0.62550074 -0.76901305  0.20009369 -0.26191115 -0.18560225
  -0.2283759  -0.38380858  0.04668271 -0.34677035 -0.48168916 -0.55678934
  -0.637528   -0.53871816 -0.3376283  -0.7667267   0.12113786 -0.61387914
  -0.45077986  1.292778    0.80362225 -0.25410026 -0.30414486 -0.3642836
   0.1916385  -0.18349575  0.23439969 -0.05300215 -0.27269524 -0.5387311
  -0.3215197  -0.8000785  -0.43715668  0.54547805  0.1426532   0.28602248
  -0.5594845   0.06971136 -0.48858568  1.1510574   0.00506091 -0.33803838
   0.42239606  0.511089   -0.00922444 -0.55489814]]