[[ 0.8447632   0.84379643  0.48181096 -0.10490808 -0.6129801  -0.90499985
  -0.7836079  -0.5279558  -0.07262754 -0.18133399 -0.4433416  -0.9447935
   0.8087784  -0.28361467 -0.5864932   0.7357206  -0.25246045  0.65639114
  -0.35819808  0.83165574  2.0810926  -0.5737125  -0.7736104  -0.66905177
   0.17899357 -0.5331786  -0.4007455   0.18978347 -0.39218304 -0.6404288
  -0.21563517 -0.37934107  0.08164547 -0.37503073 -0.30875397 -0.44757017
   0.2469803   0.59053594 -0.8104476  -0.6965303  -0.5007813  -0.09827714
  -0.40027934  0.6205992   1.5560976   0.8375077  -0.351195   -0.28192618
   0.05187396  0.00240816  1.649007    1.8957188   0.24019314 -0.02041163
   0.1387393  -0.24251528 -0.8422302   0.28115475 -0.3189733   0.37532973
  -0.18867189 -0.19930322  0.09326193 -0.21557285 -0.47060034 -0.58706135
  -0.8221309  -0.36443484 -0.3923274  -0.61576825  0.29010966 -0.61278194
  -0.41458142  1.3942907   1.0077149  -0.27176824 -0.50055104 -0.4787526
  -0.14838374 -0.03215787  0.2144737  -0.18496066 -0.45126224 -0.69460666
  -0.44191584 -0.75087553 -0.4618011   0.59133863  0.17490666  0.29443875
  -0.5576293   0.18113479 -0.251179    1.2038219   0.265532   -0.3342245
   0.03978662  0.9055505   0.1937825  -0.45369938]]