[[ 0.5467949   0.6543932   0.8480256  -0.1435932  -0.734932   -0.9165921
  -0.69896036 -0.3115619  -0.0175908  -0.37499174 -0.5571936  -1.0272863
   0.08593813 -0.25317633 -0.61599755  1.2788403  -0.63758177  0.29819208
  -0.38916808  0.9290914   2.5248733  -0.44959354 -0.7475345  -0.5348613
  -0.14917512 -0.39385548 -0.3396656  -0.01128236 -0.42554647 -0.67758965
  -0.4959032  -0.7205354   0.09956406  0.303824   -0.43534765 -0.35872892
   0.08662155  0.34996733 -0.8601538  -0.55908966 -0.53341156 -0.27045432
  -0.45828968  1.9236573   1.4704858   0.2611067  -0.30649537 -0.32882133
   0.18555109  0.00402168  0.73431623  1.9568763   0.05177695 -0.3027377
  -0.7136382  -0.8461407  -0.9051032  -0.09717976 -0.37206167  0.2473191
  -0.18379731 -0.32830024 -0.00824748 -0.47623134 -0.5141968  -0.63619226
  -0.8728642  -0.4924067  -0.4293345  -0.6348833   0.6767885  -0.590071
  -0.46564984  1.2310532   1.0848525  -0.24177513 -0.34687853 -0.5698842
  -0.10337365  0.04196359  0.48785013 -0.35389858 -0.54082924 -0.64268476
  -0.4637586  -0.8181269  -0.4273185   0.674131    0.41244867  0.6331025
  -0.5852091   0.53021413 -0.07643105  0.6054238   0.19220507 -0.4352594
  -0.15182948  0.82584363 -0.10835105 -0.34817708]]