[[ 1.0411901   0.77353406  0.46295953 -0.08259816 -0.601632   -0.83941674
  -0.7546077  -0.47081065 -0.04771383 -0.22467095 -0.42915165 -0.9135585
   0.6325537  -0.28927305 -0.5720925   0.55897284 -0.10884509  0.5697899
  -0.3309575   0.8308528   1.8525271  -0.5614867  -0.7457977  -0.6368285
   0.3186829  -0.5283061  -0.42375928  0.21025391 -0.38620877 -0.6229641
  -0.12518477 -0.38550264  0.13787821 -0.33480984 -0.2936776  -0.4330126
   0.1489192   0.611347   -0.7900484  -0.6569     -0.46864617 -0.10334489
  -0.39631486  0.5861698   1.6056199   1.0413867  -0.42803797 -0.3377842
   0.06598506 -0.12174633  1.7654927   1.9190538   0.20364352 -0.00290047
   0.08607227 -0.24093017 -0.82879007  0.29392198 -0.29647604  0.36321825
  -0.18183862 -0.21001863  0.10329585 -0.2211041  -0.43896347 -0.5617753
  -0.83860767 -0.33660984 -0.39955786 -0.58193475  0.15393056 -0.5841065
  -0.39999798  1.5710008   0.9707136  -0.27425408 -0.4748158  -0.44508272
  -0.14063387 -0.06586813  0.23957063 -0.26717    -0.4443494  -0.6828301
  -0.42013365 -0.7201082  -0.47510943  0.6388713   0.04041999  0.32099986
  -0.5036658   0.19380978 -0.23000717  1.2360291   0.2371553  -0.32241866
  -0.03144574  0.9673879   0.27857786 -0.44713494]]