[[ 0.54629225  1.2734042  -0.02936833 -0.18015988 -0.6033335  -1.0102985
  -0.9823358  -0.81894535 -0.36213574 -0.01659064 -0.52573526 -0.9652059
   0.9272914  -0.25401887 -0.6391074   0.6660774  -0.2856389   1.0043782
  -0.4110895   0.5048216   2.0569835  -0.62952846 -0.7093677  -0.66622454
   0.06199618 -0.62366736 -0.3619532  -0.27864105 -0.4497457  -0.65913975
  -0.24164903 -0.1301346  -0.2874136  -0.5829204   0.04953673 -0.46347162
   0.21362394  0.18969706 -0.77146333 -0.72933894 -0.6000968  -0.3871461
  -0.41442472  0.15981485  1.02545     0.3498837  -0.03871245 -0.28247067
  -0.46424395  0.36900482  1.2801865   1.5380391  -0.07741646 -0.35487917
  -0.37071306 -0.6163373  -0.7882049   0.22644083 -0.24972901 -0.13668317
  -0.23552364 -0.36522868  0.02129932 -0.3019513  -0.49977982 -0.5623069
  -0.6154077  -0.5263057  -0.32892886 -0.7741028   0.20215264 -0.6176493
  -0.455112    1.12203     0.8220317  -0.24923305 -0.31825316 -0.39406514
   0.19067875 -0.1637651   0.22660294 -0.01090891 -0.27867097 -0.5214409
  -0.31947565 -0.8050629  -0.42589596  0.5114877   0.17109622  0.25306416
  -0.5808156   0.05611324 -0.493493    0.9846555   0.0433006  -0.35587773
   0.46964875  0.46206856 -0.13753286 -0.56611574]]