[[ 1.3056884   0.9120416  -0.08224515 -0.38887945 -0.7737338  -1.2079943
  -0.97374344 -0.81899273 -0.3774356   0.16856706 -0.5857576  -1.1681417
   0.6753339  -0.30811208 -0.82433844  0.63988316 -0.10679512  1.7289633
  -0.5194221   0.38230804  2.4278398  -0.68342346 -0.8740711  -0.6570367
   0.15306748 -0.7562592   0.09773147 -0.17033747 -0.5064646  -0.83438
  -0.05155015 -0.0455179  -0.3110652  -0.5784023  -0.3153413  -0.43059534
   0.43373728  0.9614616  -0.97715634 -0.82754874 -0.56367254 -0.32893145
  -0.51824105  1.3861507   0.5521627   1.2251238  -0.24575613 -0.19380748
  -0.20987126  0.39055252  2.9611015   1.2196726  -0.23214921 -0.17779492
  -0.6870708  -0.878643   -0.91067076  1.146556   -0.4627645   0.2365
  -0.20198116 -0.47658658 -0.08643271 -0.57210386 -0.46732137 -0.6950328
  -0.8227152  -0.7319932  -0.40877113 -0.74746907  0.15938464 -0.9115879
  -0.53694385  0.9142975   0.45782503  0.10742512 -0.65521365 -0.4171233
  -0.31414622 -0.2577213  -0.31192195 -0.10927479 -0.40431222 -0.76127696
  -0.48227516 -0.965865   -0.499249    0.14975664  0.49592644  0.8702356
  -0.7252425  -0.10098526 -0.5642169   1.8876964  -0.33605328 -0.39677227
   0.08889107  0.60054845 -0.00682307 -0.569824  ]]