[[ 1.2397392   0.59478563  0.67113996 -0.03929558 -0.7012296  -0.8260476
  -0.70632005 -0.44239697 -0.20183757 -0.3569855  -0.46800578 -0.966656
   0.53377086 -0.2834921  -0.6604857   0.6899004   0.02591705  0.59244823
  -0.3141813   0.5400936   2.1045558  -0.49364164 -0.74108    -0.53288376
   0.22062403 -0.59217894 -0.2597279  -0.06330398 -0.32967457 -0.5982037
  -0.07103263 -0.27478597  0.03678253  0.0344727  -0.16388218 -0.34891605
  -0.11777194  0.49740306 -0.83905864 -0.5962335  -0.47931024 -0.30753997
  -0.42340645  1.5270811   1.3028414   1.0711623  -0.51004195 -0.40467703
  -0.23805647 -0.12701027  1.9395723   1.5578706   0.18546696  0.07677897
  -0.6851703  -0.7647917  -0.90769583  0.5240176  -0.39196426  0.4600078
  -0.19162142 -0.4387422   0.02284441 -0.3171552  -0.42426574 -0.52836883
  -0.8075958  -0.35247183 -0.42301208 -0.60824615  0.18347147 -0.57512707
  -0.45281562  1.5691426   0.92910767 -0.28809696 -0.47322312 -0.4667083
  -0.00490069 -0.19753635  0.17315315 -0.38628942 -0.48303083 -0.67870045
  -0.4256835  -0.73362    -0.49536452  0.62885857 -0.2763541   0.50454324
  -0.49881798  0.31539172 -0.33203283  1.2684851   0.13516843 -0.37291884
  -0.03312346  0.9209092   0.17002612 -0.5309561 ]]