[[ 0.754042    0.92218363  0.48237124  0.04841539 -0.62047744 -0.7892538
  -0.8122184  -0.42796156 -0.14905503 -0.29116845 -0.49808142 -0.87451524
   0.5790719  -0.25103572 -0.57190585  0.34624434 -0.29757163  0.50480735
  -0.1831857   0.80392385  1.7868414  -0.49497098 -0.4452234  -0.5737116
   0.08727225 -0.45528123 -0.34511054 -0.1565901  -0.2965216  -0.6097577
  -0.2170555  -0.37251455  0.02427494 -0.13050134 -0.08455834 -0.3193466
   0.14789963  0.22279686 -0.7941998  -0.569697   -0.4812204  -0.3230936
  -0.4239201   0.96749187  1.5721514   0.4427146  -0.36497965 -0.33916068
  -0.19853908  0.06583702  1.1511016   1.9588792   0.29893705 -0.02517946
  -0.6366339  -0.68774277 -0.7467614   0.2477899  -0.33370152  0.3284415
  -0.16968048 -0.34569436  0.00353133 -0.21742977 -0.4449477  -0.4719914
  -0.7656666  -0.36586693 -0.40803677 -0.65953004  0.07061389 -0.5076736
  -0.44702727  1.5537989   0.9512442  -0.38237298 -0.13010052 -0.45889163
   0.19750795 -0.17368256  0.6513276  -0.3508945  -0.39380187 -0.5393636
  -0.2950204  -0.70125425 -0.4609153   0.85623896  0.02946456  0.5649179
  -0.40352687  0.362004   -0.14409357  0.58069766  0.17367032 -0.39603904
   0.13542652  0.85458297  0.01266553 -0.41704357]]