[[ 0.54962903  1.3921684  -0.02905107 -0.18996815 -0.6234741  -1.014966
  -0.9906403  -0.8176057  -0.36114073 -0.02257491 -0.546798   -0.9755386
   0.8704229  -0.2501432  -0.66853786  0.684004   -0.25982887  0.92291725
  -0.42229012  0.5291991   2.176633   -0.6208269  -0.7278398  -0.67682594
   0.01677962 -0.616502   -0.38003424 -0.2715814  -0.46065828 -0.6441824
  -0.24400412 -0.24124998 -0.24740684 -0.5836084   0.13227285 -0.45864826
   0.22513564  0.21594885 -0.75152665 -0.75910866 -0.59313715 -0.40300062
  -0.4127111   0.14583392  1.0351244   0.42426357 -0.13061556 -0.24495234
  -0.41606182  0.36463928  1.3090142   1.6023965  -0.07695294 -0.3842709
  -0.3701566  -0.6012307  -0.87171346  0.0986698  -0.31155995 -0.1336728
  -0.17975952 -0.36830935  0.03822693 -0.33149195 -0.54200333 -0.6534381
  -0.6371563  -0.50963384 -0.34028846 -0.8112679   0.2460797  -0.5803437
  -0.43773377  1.2397002   0.91926646 -0.36258498 -0.31752086 -0.4690612
   0.29107565 -0.16413659  0.11998112  0.00374363 -0.3440824  -0.5742635
  -0.288867   -0.796133   -0.42812148  0.52598125  0.22976191  0.2136533
  -0.57368153  0.07520605 -0.5080577   1.0475485   0.08778977 -0.34089953
   0.5330015   0.4536109  -0.0677232  -0.5592452 ]]