[[ 0.9272801   1.2652147  -0.07097238 -0.2506232  -0.49931142 -0.7910136
  -1.2230136  -0.6104214  -0.3852746   0.06157366 -0.5963093  -0.9836084
   0.0264624  -0.25572947 -0.7576925  -0.12832993 -0.38453394  1.455709
  -0.32374284  0.954551    1.8886417  -0.5910975  -0.5885801  -0.678076
   0.66257775 -0.76742303 -0.14180842 -0.20279515 -0.35299346 -0.68828404
   0.68987864  0.28094512 -0.09663053 -0.5677453  -0.3034513  -0.4941967
   0.22290783  0.12601563 -0.8350743  -0.762949   -0.53099006 -0.43431637
  -0.41431284  1.1689123   1.5531094   0.93121624 -0.39132404  0.5582713
  -0.5337875   0.23313011  1.8449715   2.2373738  -0.26882252 -0.37424314
  -0.7153678  -0.70325774 -0.66392696  0.12016229 -0.46747136 -0.06002441
   0.03858289 -0.39472076  0.33785006 -0.5681932  -0.46828896 -0.6228907
  -0.7756717  -0.6713231  -0.4776236  -0.70715463  0.1068305  -0.7376991
  -0.44979644  1.3629596   0.44233024 -0.41173217  0.02131907 -0.09121139
  -0.2737262   0.11121354  0.5422251  -0.32510352 -0.3188063  -0.7307204
  -0.6211547  -0.91011316 -0.4815294   1.0704089  -0.12838575  1.0021402
  -0.57092786  0.4008317   0.00308231  1.5253377   0.12836708 -0.3978422
   0.01260128  0.6904084   0.4931857  -0.48821208]]