[[ 0.9794968   1.1489655  -0.29059398 -0.2119374  -0.6211333  -0.86328393
  -0.8116044  -0.44122112 -0.04420473 -0.24748878 -0.5137042  -0.8198601
  -0.13955747 -0.2447973  -0.6179488  -0.17358865 -0.4510851   0.20733406
  -0.2869126   1.1904656   1.3226758  -0.5708335  -0.60585    -0.5580196
  -0.05395576 -0.53071123 -0.19868058  0.13558322 -0.4349542  -0.67068696
  -0.30417734 -0.45790654  0.18369147 -0.35975045 -0.09851196 -0.4458902
   0.04129453  0.27618998 -0.6659823  -0.47966787 -0.47625855 -0.35644752
  -0.417185    0.4259548   1.83941     0.357984   -0.35013437 -0.16971263
  -0.0784123  -0.1563531   1.0782931   2.5228868  -0.3921461  -0.35521963
  -0.7062626  -0.6935115  -0.54578406  0.3171263  -0.31107247 -0.0955115
  -0.149372   -0.33085212  0.12824565 -0.53960127 -0.36570778 -0.4819378
  -0.77583224 -0.5820418  -0.3964068  -0.5804073   0.01341852 -0.50941586
  -0.43333206  2.0735376   1.0731962   0.31287086 -0.17815866 -0.2637676
   0.31931868 -0.08168176  0.729843   -0.40820408 -0.1727724  -0.5046834
  -0.18342964 -0.7199856  -0.43542716  1.0520266  -0.02614201  1.098276
  -0.42510533  0.34880012  0.04676364  0.8354975  -0.18188949 -0.407823
  -0.01345638  1.0263542   0.19636591 -0.24789612]]