[[ 9.3411666e-01  7.9469347e-01  7.3095495e-01 -1.1154070e-01
  -7.0654732e-01 -8.6536288e-01 -7.6547420e-01 -3.3890787e-01
  -4.7594130e-02 -3.1829789e-01 -5.5045652e-01 -9.9285245e-01
   2.5532711e-01 -2.3718123e-01 -5.8225721e-01  9.9403590e-01
  -3.7411091e-01  5.6014341e-01 -3.3911958e-01  1.0456913e+00
   2.0573916e+00 -4.6824443e-01 -6.6323775e-01 -5.4653800e-01
   1.1771540e-01 -3.4025484e-01 -3.2759216e-01 -1.8436451e-01
  -3.8894913e-01 -6.7879879e-01 -2.8140184e-01 -6.5308905e-01
   1.0005359e-01  1.5136260e-01 -3.7557802e-01 -2.8886533e-01
   1.4106567e-01  4.6510166e-01 -8.8967592e-01 -5.7766736e-01
  -4.9660778e-01 -2.6714417e-01 -4.4784501e-01  1.5671294e+00
   1.6628425e+00  6.3005686e-01 -2.8726730e-01 -4.0854689e-01
   9.8104976e-02  1.2640674e-01  1.0889109e+00  2.1749988e+00
   1.9369859e-01 -2.5124854e-01 -6.8142670e-01 -7.9557663e-01
  -8.5382378e-01  3.8621575e-04 -3.8115764e-01  2.9425013e-01
  -2.1978441e-01 -3.2325113e-01  9.8005883e-02 -3.9431587e-01
  -4.6669888e-01 -5.9319550e-01 -8.4719485e-01 -4.3631536e-01
  -4.1590601e-01 -6.6913277e-01  3.2345000e-01 -5.7781482e-01
  -4.2684385e-01  1.5718721e+00  1.0058351e+00 -4.7309908e-01
  -2.8315276e-01 -5.4520786e-01 -9.0266928e-02 -4.0658262e-02
   5.7681447e-01 -2.7467236e-01 -5.0665534e-01 -6.5228879e-01
  -3.8239846e-01 -8.0003721e-01 -4.2517650e-01  8.6701912e-01
   4.6382305e-01  7.5384462e-01 -5.1331306e-01  4.9208498e-01
  -1.5193859e-01  6.9399691e-01  8.8040806e-02 -3.8559815e-01
  -1.1934588e-01  1.0069944e+00 -4.5878246e-02 -3.6073855e-01]]