[[ 0.8567007   0.9280519   0.6614733  -0.03456004 -0.6902797  -0.8225303
  -0.7881282  -0.46075797 -0.2087776  -0.34300986 -0.49400884 -0.9628165
   0.6452841  -0.25729617 -0.6376304   0.7839643  -0.08558865  0.56874174
  -0.27579647  0.62128526  2.3885226  -0.46754798 -0.72017163 -0.5387754
   0.16003805 -0.56496054 -0.37263587 -0.10465372 -0.30423272 -0.5739577
  -0.16005743 -0.3297696  -0.01612116  0.10030407  0.03942786 -0.30714822
   0.02834184  0.33324888 -0.81689805 -0.6024371  -0.49274617 -0.33198398
  -0.38483825  1.4946024   1.2281424   0.8626003  -0.5055505  -0.4403871
  -0.2509806  -0.04244262  1.5932691   1.6614459   0.16761895 -0.01726779
  -0.64425486 -0.7576566  -0.9231585   0.1211824  -0.37596673  0.26504627
  -0.24928336 -0.40780005  0.01955951 -0.35649404 -0.4580027  -0.49712378
  -0.77918535 -0.3863605  -0.41572845 -0.63777494  0.28061742 -0.52237993
  -0.44561473  1.455894    1.0930805  -0.49051166 -0.40326065 -0.5021776
   0.26301903 -0.11200578  0.31327364 -0.36409262 -0.44192624 -0.6472495
  -0.37215477 -0.7097662  -0.4859098   0.67867714 -0.19358152  0.24862738
  -0.49287412  0.42233288 -0.27542177  0.9330767   0.31623894 -0.36745828
   0.18213537  0.8120347   0.06319072 -0.52255255]]