[[ 0.6249486   0.81832373  0.3382883  -0.05313835 -0.44793093 -0.73480415
  -0.77230114 -0.40953812 -0.1656815  -0.24462648 -0.4987785  -0.77217746
   0.21899797 -0.2372141  -0.4609282   0.3383296  -0.46920803  0.25972712
  -0.20481417  1.195655    1.3054819  -0.45808542 -0.33439684 -0.5616044
  -0.01840036 -0.29039758 -0.43098116 -0.32247752 -0.3264727  -0.61444074
  -0.3298576  -0.62862563  0.13969862 -0.08454554 -0.3265273  -0.29930437
   0.13772762  0.023914   -0.7727142  -0.5141358  -0.49984246 -0.33694682
  -0.42477748  0.665248    2.006       0.28459173 -0.44838953 -0.08552375
  -0.05635489  0.20293298  0.55816716  2.4259002   0.18269418 -0.2736209
  -0.581992   -0.6370809  -0.6200858  -0.01177162 -0.34215316  0.14655346
  -0.11060109 -0.24060583  0.14659464 -0.19096299 -0.4289947  -0.5055939
  -0.7642941  -0.37215468 -0.38752985 -0.6866822   0.01576567 -0.45430452
  -0.3770693   1.8018653   0.9574142  -0.5056767   0.24906638 -0.4844755
   0.01671612 -0.1395837   0.8863832  -0.2527056  -0.39465815 -0.4887077
  -0.2094726  -0.6491635  -0.4138042   1.1789353   0.15699713  0.6705576
  -0.33718222  0.42175668 -0.09077872  0.2273218   0.13087013 -0.35908958
   0.02407914  0.93527925 -0.12986152 -0.4423666 ]]