[[ 5.8848190e-01  1.1453838e+00 -1.3381256e-01 -2.4151181e-01
  -6.1174220e-01 -1.0571799e+00 -1.0225817e+00 -7.8904808e-01
  -3.6573502e-01 -2.0064469e-02 -5.3601760e-01 -1.0334556e+00
   7.7243525e-01 -2.7067912e-01 -6.5218157e-01  5.9678274e-01
  -4.6753460e-01  1.0819019e+00 -4.1997823e-01  4.5116639e-01
   2.2875633e+00 -6.2353414e-01 -7.3107260e-01 -6.8412822e-01
   3.5347804e-02 -6.7300278e-01 -2.9828417e-01 -3.3764389e-01
  -4.3229115e-01 -7.6234639e-01 -3.2434589e-01 -8.9818146e-04
  -2.6407048e-01 -6.0355169e-01 -9.1705404e-02 -4.8564333e-01
   2.1012589e-01  2.6246473e-01 -8.4955645e-01 -7.1268958e-01
  -6.5216041e-01 -2.0914415e-01 -4.4854027e-01  3.6159003e-01
   1.0556066e+00  1.6046289e-01  6.6902757e-02 -1.6450645e-01
  -3.1891555e-01  3.5680631e-01  1.4356817e+00  1.4178662e+00
  -1.9688156e-01 -1.6563465e-01 -4.5028675e-01 -7.1473724e-01
  -7.5203848e-01  4.9762219e-01 -1.9377099e-01 -6.4726263e-02
  -2.5865448e-01 -3.6319926e-01 -5.5706520e-02 -3.6070466e-01
  -4.9190712e-01 -5.7325631e-01 -7.0077932e-01 -6.2175775e-01
  -3.2151219e-01 -7.3099446e-01  3.7398624e-01 -7.2768754e-01
  -5.0080568e-01  9.3079525e-01  6.5230513e-01 -4.0983994e-02
  -3.6803022e-01 -3.2878864e-01  2.0427167e-02 -1.7734922e-01
   2.1538922e-01 -7.2125338e-02 -2.7490574e-01 -4.8063767e-01
  -4.2576823e-01 -8.8612521e-01 -4.1632387e-01  4.4690350e-01
   2.8101143e-01  4.1289338e-01 -6.4221084e-01  2.4139706e-02
  -4.9145514e-01  9.4211274e-01  2.6109265e-03 -3.8072768e-01
   4.4759938e-01  4.1679645e-01 -3.4466448e-01 -5.4230708e-01]]