[[ 0.5505788   0.67880404  0.7753319  -0.1244214  -0.6337135  -0.7922409
  -0.69885504 -0.27358606 -0.00757241 -0.3798657  -0.54344517 -0.9679737
   0.20193402 -0.26014116 -0.53606147  1.0742402  -0.58954114  0.46255127
  -0.3942962   0.65947396  2.3300793  -0.46641144 -0.6498196  -0.47100663
  -0.05534217 -0.27418187 -0.28468248 -0.08106598 -0.3746067  -0.6683897
  -0.4079829  -0.6806703   0.02291422  0.15368564 -0.34319222 -0.27432194
   0.34544593  0.42269135 -0.8024998  -0.61713946 -0.49556538 -0.21578765
  -0.49651456  1.6828289   0.7545783   0.20027807 -0.25040948 -0.05216226
   0.23338453  0.19966815  0.7158988   1.2881534   0.17135842 -0.27000713
  -0.6660015  -0.76862013 -0.66169715 -0.047409   -0.37138715  0.28952712
  -0.14789318 -0.3235853  -0.0819816  -0.47603312 -0.4607563  -0.5821413
  -0.79059124 -0.40712696 -0.42983553 -0.6203231   0.4379897  -0.5221042
  -0.44548643  0.7122641   0.8282696  -0.4006885  -0.31594092 -0.616648
  -0.06133191 -0.01932885  0.26092586 -0.16580941 -0.51718676 -0.61517966
  -0.35629904 -0.79415196 -0.42255917  0.46821168  0.6791439   0.5578864
  -0.52993894  0.40079775 -0.0802961   0.4374277   0.25282753 -0.36725128
  -0.04103054  0.5658269  -0.08675992 -0.3385741 ]]