[[ 0.72048277  0.78136843  0.32959753 -0.0455942  -0.59005266 -0.87314343
  -0.8317497  -0.42772347 -0.14205247 -0.21000841 -0.4114755  -0.9583315
   0.3747801  -0.31241584 -0.6798602   0.26199466 -0.52158666  0.77098125
  -0.36182195  0.69058686  2.3781223  -0.5248622  -0.73102033 -0.6398741
   0.02592838 -0.53705025 -0.23284736 -0.04299195 -0.4022031  -0.6967467
  -0.3804844  -0.3664329   0.10732681 -0.31107882 -0.33623356 -0.42092162
   0.46068767  0.5163691  -0.85626704 -0.56007236 -0.54656917  0.02437827
  -0.46221346  1.2059476   1.1670799   0.7703427  -0.28778204  0.01607079
   0.28066793 -0.00782147  1.8765583   1.5138324  -0.01777573  0.07340537
  -0.45238686 -0.64054435 -0.75430214  0.51568323 -0.30552468  0.30323407
  -0.15404885 -0.17402147 -0.13733548 -0.40926206 -0.46371064 -0.58735657
  -0.9411656  -0.5743889  -0.44032517 -0.61174095  0.38767597 -0.6746648
  -0.49743262  0.95150274  0.6412944  -0.18325037 -0.52984864 -0.46014586
  -0.23089273 -0.06701342  0.09677011 -0.39115182 -0.45087424 -0.6311488
  -0.48038608 -0.79053456 -0.46441868  0.31138015  0.64191616  0.35734284
  -0.6012988   0.16167578 -0.23030823  0.89468503  0.09007785 -0.34783503
   0.03595309  0.5569354  -0.06724235 -0.35689265]]