[[ 1.03110123e+00  7.66213655e-01  4.00684774e-01 -1.00878924e-01
  -6.18070900e-01 -7.98637748e-01 -7.32382715e-01 -4.93268788e-01
  -2.74919301e-01 -1.66642740e-01 -3.34024578e-01 -9.40337360e-01
   7.43267119e-01 -2.98009276e-01 -6.33804798e-01  2.30968788e-01
  -4.22827806e-03  9.73517060e-01 -2.48762280e-01  7.81921148e-01
   1.80250406e+00 -5.38893282e-01 -6.81338131e-01 -6.13389552e-01
   2.79390275e-01 -5.13335049e-01 -2.54852235e-01  1.58504248e-01
  -3.17604333e-01 -5.56573868e-01 -3.34595963e-02 -2.31479928e-01
   1.03619091e-01 -2.49176875e-01 -1.75626561e-01 -3.43150705e-01
   4.17787760e-01  4.72749233e-01 -7.06317723e-01 -6.26189530e-01
  -4.68498617e-01 -3.31256837e-01 -4.00283158e-01  1.08719742e+00
   1.13351345e+00  1.32550359e+00 -4.89845335e-01 -1.85989544e-01
  -8.67051259e-02 -1.26325339e-03  2.10677242e+00  1.79952145e+00
   2.11507902e-01 -8.28744844e-04 -6.67634904e-01 -7.23996520e-01
  -8.08074415e-01  3.20316941e-01 -4.08498794e-01  3.32860708e-01
  -2.16434076e-01 -4.02609140e-01  7.89807886e-02 -3.58125567e-01
  -4.18600351e-01 -4.87795472e-01 -7.85752118e-01 -3.90440375e-01
  -4.50915396e-01 -6.01761580e-01  1.89747676e-01 -5.83832383e-01
  -4.43530798e-01  1.42488027e+00  8.60797763e-01 -7.35606700e-02
  -4.02904838e-01 -3.83479595e-01 -5.04319146e-02 -1.06652394e-01
   2.22357959e-01 -3.20448577e-01 -3.82013619e-01 -6.75219834e-01
  -4.16892767e-01 -6.82493865e-01 -4.84859645e-01  5.24027646e-01
  -9.70077664e-02  2.78141856e-01 -4.77424204e-01  2.40688547e-01
  -7.29164332e-02  1.30956507e+00  1.53648937e-02 -3.02133083e-01
   1.82637498e-02  8.08701336e-01  5.21136343e-01 -4.63903368e-01]]