[[ 1.4203583   0.31046858  0.4420872  -0.2982384  -0.675293   -0.8862372
  -0.6542311  -0.4580912  -0.27021378 -0.25806335 -0.4412983  -0.9733952
   0.5563816  -0.29449686 -0.5572455   0.92002666  0.18854119  0.85721713
  -0.3261573   0.6320933   1.5351003  -0.5491261  -0.6216528  -0.6023535
   0.5042223  -0.4316866  -0.0765148   0.18843696 -0.40223855 -0.56945205
   0.11271171 -0.23418844  0.24436748 -0.08270064 -0.38203683 -0.21147156
   0.1668105   0.32470697 -0.756696   -0.65317863 -0.44604555 -0.3805922
  -0.40726554  1.4159689   1.3468288   1.4351673  -0.44115672 -0.3218781
  -0.2716906   0.15897152  1.831379    1.8328643   0.05792024 -0.27565852
  -0.5911008  -0.677759   -0.91188616  0.2491091  -0.3799413   0.06114469
  -0.20871161 -0.46094456  0.23336913 -0.46930283 -0.47986722 -0.41327682
  -0.7761089  -0.5076871  -0.43876117 -0.61221147  0.36247322 -0.6350886
  -0.41751835  1.9008003   0.9926054  -0.21849199 -0.3939548  -0.4446743
  -0.31804943 -0.18794423  0.3421009  -0.24998127 -0.46037477 -0.67431647
  -0.5790771  -0.7218414  -0.4882346   0.73318624 -0.22742343  0.5259856
  -0.43545824  0.24194013 -0.13478288  1.707731   -0.11980453 -0.36219963
  -0.09353188  1.0072247   0.6090842  -0.5140602 ]]