[[ 0.51029456  1.3278385  -0.04104754 -0.1950574  -0.6169764  -0.9847708
  -0.9692841  -0.79975325 -0.3595664  -0.0155039  -0.545216   -0.9493257
   0.9506075  -0.24250597 -0.5837446   0.63793886 -0.24550422  1.0495747
  -0.38215688  0.5423997   2.0361717  -0.6226326  -0.6486269  -0.6685287
   0.07634333 -0.51461405 -0.3581858  -0.28014362 -0.4230364  -0.6444133
  -0.20398015 -0.24896796 -0.26424    -0.5897242   0.10670552 -0.3730581
   0.3574562   0.1849902  -0.7435451  -0.74969643 -0.57525367 -0.40754494
  -0.41489014  0.11859892  0.9546389   0.3868931  -0.13021584 -0.25873414
  -0.4197087   0.5339736   1.2332566   1.5049171   0.02686867 -0.3912549
  -0.35906473 -0.5876493  -0.84834987  0.08233552 -0.31180924 -0.14947337
  -0.19789925 -0.35834554  0.02522107 -0.34133434 -0.5230595  -0.6078433
  -0.60823685 -0.50115025 -0.335938   -0.80097663  0.20548749 -0.5675069
  -0.42791757  1.1679536   0.8633396  -0.39159536 -0.26931298 -0.47696903
   0.25820118 -0.17826295  0.2454035   0.05913531 -0.33335143 -0.5512784
  -0.2823886  -0.77908766 -0.42333978  0.55511016  0.27315608  0.23048341
  -0.5207637   0.06418108 -0.40329883  0.97755337  0.05783655 -0.33507368
   0.53627783  0.43563318 -0.07778194 -0.5559993 ]]