[[ 1.2167107   0.88839155 -0.03683539 -0.28270188 -0.64308167 -1.0304624
  -0.9143887  -0.79125977 -0.37679416 -0.02266335 -0.49642995 -1.008164
   0.8451264  -0.2740305  -0.64586693  0.64743793  0.04928687  1.25925
  -0.40869743  0.47739103  1.7357677  -0.6534347  -0.7378708  -0.6503622
   0.34939566 -0.6459197  -0.21884161 -0.1708441  -0.441757   -0.686951
  -0.00637175 -0.01033217 -0.20111904 -0.561295   -0.17973399 -0.451195
   0.11901284  0.46758956 -0.82038915 -0.7295843  -0.5726856  -0.3633929
  -0.41883856  0.40103537  1.1338929   0.9719592  -0.06500164 -0.32539198
  -0.5193471   0.3251649   1.9758823   1.5522138  -0.14213112 -0.27044746
  -0.4498417  -0.6722869  -0.7867377   0.61912763 -0.26809314 -0.02181258
  -0.22894725 -0.42956167  0.09463776 -0.3495097  -0.4415871  -0.53699297
  -0.6611076  -0.5487486  -0.33871567 -0.72621095  0.12012218 -0.72631586
  -0.46119964  1.406287    0.6829295  -0.03676863 -0.3519008  -0.3149076
  -0.1552994  -0.23659107  0.2128919  -0.03200823 -0.29465005 -0.5798304
  -0.45981658 -0.83499074 -0.44313505  0.5642031  -0.01314317  0.57106465
  -0.5815804   0.01876292 -0.51884556  1.6188486  -0.17758992 -0.34230065
   0.2175111   0.69198406  0.0866916  -0.59209716]]