[[ 0.8688267   1.618786    0.06242746  0.10583252 -0.61094785 -0.8690803
  -1.0336701  -0.5759033  -0.11166146 -0.16301194 -0.5686787  -0.83956647
   0.01070386 -0.22835067 -0.6410408  -0.19979535 -0.53989536  0.0696825
  -0.36831942  1.3299967   1.769756   -0.54193753 -0.6605936  -0.6695149
  -0.01037233 -0.5361609  -0.4351439  -0.02119097 -0.48634803 -0.71421397
  -0.3585662  -0.5763081   0.10474467 -0.36926022  0.0956658  -0.4228564
   0.08104416  0.1940012  -0.7176329  -0.52908707 -0.515731   -0.39111316
  -0.40804157  0.13789022  2.1264572   0.29992023 -0.36327368 -0.19468868
   0.02349034 -0.1457965   0.9801759   2.731454    0.0880718  -0.2676766
  -0.652792   -0.68686414 -0.83028734  0.14264128 -0.30218762  0.18894157
  -0.27180353 -0.25810042  0.13603604 -0.2658538  -0.43699315 -0.7632257
  -0.88941383 -0.35019267 -0.3485449  -0.71437186  0.06865013 -0.42616063
  -0.38332808  2.1006823   1.2100635  -0.10995743 -0.20605926 -0.3876897
   0.55936897 -0.05670305  0.4947167  -0.37556168 -0.3595057  -0.5568794
  -0.00394416 -0.73854977 -0.40600628  1.1343709   0.42423844  0.7515266
  -0.46232933  0.39980894  0.0344477   0.49788535  0.07711167 -0.35833466
   0.19925356  1.0129136   0.18296072 -0.38301766]]