[[ 5.8663058e-01  8.9356118e-01  1.0006236e+00 -8.7599039e-02
  -7.5035626e-01 -9.2358500e-01 -7.6155829e-01 -3.0850470e-01
  -1.5276350e-02 -3.8733158e-01 -5.9804875e-01 -1.0493920e+00
   1.2169651e-01 -2.4417563e-01 -6.6170341e-01  1.3484920e+00
  -6.3969892e-01  1.7412025e-01 -4.1642657e-01  8.7284970e-01
   2.7629414e+00 -4.2544830e-01 -7.9477745e-01 -5.2191013e-01
  -1.6176987e-01 -4.9115562e-01 -3.3574009e-01 -1.2828061e-01
  -4.4312114e-01 -6.9992018e-01 -5.1872528e-01 -6.9218355e-01
   8.3680481e-02  3.6304444e-01 -3.2662308e-01 -3.7841916e-01
   4.8805866e-04  3.5544661e-01 -9.0989935e-01 -5.5760604e-01
  -5.2589959e-01 -2.4423891e-01 -4.5234904e-01  2.1025031e+00
   1.4816687e+00  2.2407369e-01 -3.0620575e-01 -3.5484937e-01
   1.3302904e-01 -8.2166895e-02  7.8357065e-01  1.9336797e+00
   1.2689860e-01 -2.1637474e-01 -7.1861434e-01 -8.6970997e-01
  -9.5278370e-01 -1.5489861e-02 -3.6829793e-01  3.7499461e-01
  -1.9219901e-01 -3.3100358e-01 -2.6629893e-03 -3.9404711e-01
  -5.2143073e-01 -6.5819681e-01 -8.8213909e-01 -4.3643412e-01
  -4.1868255e-01 -6.3666755e-01  6.1851627e-01 -6.1329377e-01
  -4.6581984e-01  1.2790718e+00  1.1615086e+00 -4.2949429e-01
  -3.8090146e-01 -6.0406816e-01 -3.5634674e-02  3.1673532e-02
   3.7115908e-01 -3.7284106e-01 -5.6817019e-01 -6.6180724e-01
  -5.3401679e-01 -8.3808535e-01 -4.3320972e-01  6.9558680e-01
   4.2222750e-01  5.5967247e-01 -6.2638593e-01  5.8800733e-01
  -2.1841370e-01  4.6627760e-01  4.0641394e-01 -4.3812636e-01
  -3.9510787e-03  8.7206465e-01 -2.4844746e-01 -4.0174598e-01]]