[[ 7.71015227e-01  8.76583874e-01  1.87389523e-01 -6.62605092e-03
  -6.03510022e-01 -8.58892143e-01 -8.33090603e-01 -4.20433611e-01
  -1.50471583e-01 -2.13974178e-01 -4.98518199e-01 -9.99047577e-01
   3.85774851e-01 -3.08213383e-01 -6.36343598e-01  1.08360529e-01
  -4.98742521e-01  7.03669906e-01 -2.95819759e-01  8.29231858e-01
   2.25857806e+00 -4.99004364e-01 -7.12358892e-01 -6.60111070e-01
   4.60988060e-02 -5.08457541e-01 -3.63697708e-01 -1.11200236e-01
  -3.53620082e-01 -7.20551729e-01 -3.33971918e-01 -3.67534816e-01
   2.01949373e-01 -3.59561622e-01 -1.88161165e-01 -3.89350146e-01
   5.14919341e-01  5.38881242e-01 -8.00375998e-01 -6.28363669e-01
  -5.56955695e-01  1.01373973e-03 -4.67384458e-01  8.68083894e-01
   1.20946085e+00  7.22579598e-01 -3.43543887e-01 -4.96034883e-03
   4.18409854e-01 -3.60617898e-02  1.97108603e+00  1.59149742e+00
   1.23658337e-01  2.35679537e-01 -7.08958089e-01 -8.02239835e-01
  -7.48604298e-01  2.82424480e-01 -3.19445640e-01  3.84821117e-01
  -2.11647511e-01 -2.69411236e-01 -6.86799288e-02 -3.86912465e-01
  -4.79528248e-01 -6.03269041e-01 -9.05888438e-01 -4.44394022e-01
  -4.22596663e-01 -5.81936061e-01  4.93381351e-01 -6.21720970e-01
  -5.05799770e-01  1.06483996e+00  7.42029488e-01 -2.00071409e-01
  -5.15008867e-01 -4.48939681e-01  1.85111500e-02 -9.44420695e-02
   1.25082150e-01 -3.63522291e-01 -4.33128357e-01 -5.99168241e-01
  -3.57226163e-01 -7.97044098e-01 -4.61166590e-01  3.35365266e-01
   4.14521962e-01  3.66253644e-01 -5.43028831e-01  1.80181190e-01
  -1.17498815e-01  8.07489276e-01  1.29469305e-01 -3.42168063e-01
   1.89821318e-01  6.44155502e-01  6.77656829e-02 -3.24454129e-01]]