[[ 0.81085294  0.7262279   0.75939614 -0.01120028 -0.6943215  -0.8447149
  -0.7832354  -0.36218476 -0.08792575 -0.33094922 -0.54772556 -0.9664127
   0.23006302 -0.23382309 -0.57226956  1.0293226  -0.5866598   0.34304598
  -0.27242374  1.2085934   1.9521899  -0.4528438  -0.55588585 -0.5782407
  -0.02545599 -0.3602089  -0.4078446  -0.327304   -0.3589068  -0.66725856
  -0.39782214 -0.7089741   0.1352841   0.18051249 -0.37997934 -0.31154177
   0.07723058  0.15058963 -0.91341496 -0.53788644 -0.53730917 -0.35503253
  -0.4664293   1.6625253   1.967423    0.32617652 -0.37209892 -0.5254426
  -0.03234933  0.1122504   0.6956789   2.5612488   0.27831486 -0.2728414
  -0.65349376 -0.7746595  -0.92724276  0.00511743 -0.3602036   0.34818107
  -0.23483859 -0.29285213  0.14271148 -0.3287391  -0.5002241  -0.5669517
  -0.82983565 -0.40955672 -0.420388   -0.71144843  0.29374242 -0.5400505
  -0.40263715  1.6826612   1.1121246  -0.49803984 -0.1226615  -0.5614122
   0.00580149 -0.02017668  0.85334593 -0.31521153 -0.50267774 -0.5998297
  -0.32258773 -0.79264235 -0.42868784  1.0503044   0.25137797  0.9296369
  -0.4649861   0.5355838  -0.14318568  0.39326438  0.07927404 -0.42286247
  -0.10701372  1.1054709  -0.18384054 -0.41939306]]