[[ 0.85930675  1.3005768  -0.11288691 -0.27511606 -0.56481725 -0.8054252
  -1.2186359  -0.61629355 -0.370848    0.04282428 -0.5925746  -1.0287157
  -0.11895947 -0.28789598 -0.8463003  -0.1234999  -0.38128102  1.4257863
  -0.35881737  0.8472065   2.0133233  -0.6181983  -0.66874677 -0.67950624
   0.7058974  -0.8582265  -0.11118264 -0.1612527  -0.35647234 -0.6896219
   0.68870705  0.39437804 -0.0781685  -0.5863874  -0.28389204 -0.5751805
   0.16590992  0.20649451 -0.8375218  -0.75281817 -0.5542729  -0.42546898
  -0.42850274  1.2994276   1.3884094   0.9833987  -0.35054258  0.53221476
  -0.50664055  0.09005009  1.935042    2.1091993  -0.44571993 -0.40614215
  -0.7502329  -0.68983793 -0.70987177  0.11900901 -0.466181   -0.11000627
   0.04570086 -0.434235    0.3240372  -0.64194274 -0.4887019  -0.660705
  -0.80294335 -0.74253166 -0.4856668  -0.70510936  0.12828793 -0.76879853
  -0.4807679   1.2079662   0.29910347 -0.3456135  -0.06468751 -0.1042213
  -0.2537841   0.20538862  0.38388604 -0.37553012 -0.31755197 -0.7500071
  -0.65552384 -0.93590295 -0.4934458   0.83093315 -0.16930696  0.8652235
  -0.62602985  0.38103902 -0.06353337  1.5746244   0.09254052 -0.40161815
  -0.04520455  0.5796879   0.524766   -0.43459845]]