[[ 0.62378573  0.7082218   0.69370174 -0.08435537 -0.6804122  -0.8580091
  -0.74598986 -0.3390138  -0.04713846 -0.32677674 -0.5449808  -0.9556234
   0.18670791 -0.24522041 -0.55309683  0.9141691  -0.58978045  0.37019545
  -0.33001372  1.0152133   2.048402   -0.470373   -0.62736464 -0.5519308
  -0.0686519  -0.33559856 -0.34091714 -0.11440443 -0.39271104 -0.6796597
  -0.4176605  -0.6830193   0.07379297  0.11423354 -0.41551402 -0.31652182
   0.15749969  0.29839084 -0.83666754 -0.54637337 -0.50875664 -0.28813937
  -0.4604257   1.4684894   1.6066434   0.2386674  -0.29648656 -0.33854982
   0.1043816   0.11128254  0.7300293   2.0737045   0.19466642 -0.26925313
  -0.66667545 -0.7746989  -0.8320656  -0.01297354 -0.36719173  0.2849216
  -0.20483685 -0.30235106  0.02818179 -0.38240814 -0.47463217 -0.59444404
  -0.8298952  -0.430517   -0.4119329  -0.65260357  0.4092319  -0.55363595
  -0.4343847   1.3603466   0.98069274 -0.32734975 -0.24847968 -0.53859735
  -0.08937877 -0.02326518  0.6194895  -0.3009597  -0.49391925 -0.6012107
  -0.36996815 -0.78479314 -0.41633785  0.80175686  0.45324662  0.72000146
  -0.5030359   0.45314553 -0.03725369  0.48411465  0.0913973  -0.41100517
  -0.11913437  0.8793589  -0.09672697 -0.3631742 ]]