[[ 0.82639456  1.3040087  -0.01974423 -0.15473293 -0.57759047 -0.8758911
  -0.8644009  -0.4274395  -0.06511425 -0.16602635 -0.5169274  -0.81864715
   0.02467431 -0.23043908 -0.55320114 -0.16224767 -0.51487863  0.1281702
  -0.30442363  1.5091506   1.3658183  -0.54311657 -0.63081574 -0.64886904
  -0.01634556 -0.43908632 -0.38435042  0.283312   -0.4679871  -0.6745202
  -0.34965453 -0.5976085   0.25051352 -0.34981525 -0.3000034  -0.43141448
   0.20257944  0.26950106 -0.6395503  -0.48116636 -0.4729399  -0.3132792
  -0.35310155  0.05871201  2.3123426   0.3714521  -0.3605284  -0.10614067
   0.13146298 -0.08301974  0.86499405  2.9716341  -0.06302632 -0.32242236
  -0.64041615 -0.6739518  -0.69906646 -0.01474283 -0.32682487  0.03830978
  -0.15734512 -0.2533002   0.2162805  -0.32236293 -0.41035864 -0.6172226
  -0.848738   -0.44074613 -0.37001902 -0.6034663   0.25813127 -0.53275555
  -0.39595288  2.2510982   1.2418346   0.19662564 -0.08228372 -0.28862587
   0.05542791 -0.02847068  0.77629876 -0.3552974  -0.28523877 -0.5392578
  -0.25831544 -0.6848861  -0.38088995  1.260661    0.3640896   0.75798345
  -0.44999483  0.45879954  0.2712846   0.76914406 -0.07425501 -0.36068633
  -0.00687503  1.1198604   0.33756894 -0.2808404 ]]