[[ 7.17412829e-01  1.69021010e+00 -9.69363302e-02  2.91740298e-02
  -6.15577936e-01 -8.77958477e-01 -1.04629350e+00 -6.03782296e-01
  -1.63586125e-01 -1.87113047e-01 -5.81716955e-01 -8.01668823e-01
   6.38444871e-02 -2.09992558e-01 -6.48853540e-01 -2.05411077e-01
  -5.08936048e-01  1.11747645e-01 -3.41100454e-01  1.39203143e+00
   1.72355163e+00 -5.46343565e-01 -6.34871662e-01 -6.61689639e-01
  -6.41530603e-02 -5.83915889e-01 -4.18739408e-01  8.09140056e-02
  -4.98227596e-01 -6.45923197e-01 -3.65159780e-01 -5.74595571e-01
   6.80667311e-02 -3.57378304e-01  2.06861690e-01 -4.39024448e-01
   1.58806741e-01  1.45310909e-03 -6.65939093e-01 -5.12834251e-01
  -5.22532046e-01 -4.54369098e-01 -3.65917116e-01  1.15757078e-01
   2.06750107e+00  3.55400681e-01 -4.04182643e-01 -2.36675948e-01
  -2.13655859e-01 -1.51357755e-01  9.06973302e-01  2.87199163e+00
  -1.07123345e-01 -3.64413708e-01 -6.44135952e-01 -6.91926062e-01
  -7.45186269e-01 -7.70862103e-02 -3.34316790e-01 -6.18904755e-02
  -2.55855232e-01 -2.76246190e-01  1.82173640e-01 -3.66389990e-01
  -4.32026446e-01 -5.90416193e-01 -8.10283422e-01 -4.69681263e-01
  -3.68669838e-01 -7.12798774e-01  1.12732738e-01 -4.03446466e-01
  -4.01068866e-01  2.20177841e+00  1.38150275e+00 -4.66956161e-02
  -1.39522120e-01 -3.26649904e-01  7.17849255e-01  8.33188556e-03
   7.45951116e-01 -4.13745433e-01 -2.22746938e-01 -5.18880308e-01
   1.19256871e-02 -6.97228134e-01 -4.26865071e-01  1.19684327e+00
   1.97373360e-01  6.87577188e-01 -4.43679661e-01  4.64969605e-01
   1.07318625e-01  5.91670632e-01  7.40858763e-02 -3.85346204e-01
   2.52954543e-01  1.00719380e+00  2.64241099e-01 -4.15994316e-01]]