[[ 1.3970747   0.2791831   0.47880387 -0.29598176 -0.6777408  -0.88996845
  -0.6414129  -0.4552881  -0.26649377 -0.27304244 -0.43865559 -0.9848088
   0.5577797  -0.30258733 -0.57414377  0.9610372   0.20749915  0.84104234
  -0.3423206   0.54762626  1.6186973  -0.54902035 -0.6591724  -0.59235394
   0.5080397  -0.45347014 -0.06195229  0.22679514 -0.4141366  -0.5673022
   0.11949176 -0.21173733  0.20702703 -0.07394507 -0.37975976 -0.22128041
   0.13014306  0.35934865 -0.7550869  -0.6597116  -0.44969794 -0.36846673
  -0.40852252  1.4892366   1.2428523   1.4364434  -0.44120398 -0.2953964
  -0.25536448  0.11385219  1.8803424   1.6882699   0.04127513 -0.26215643
  -0.5945592  -0.68678    -0.91101915  0.27429974 -0.37794942  0.07453583
  -0.20734657 -0.4677282   0.19247222 -0.47313374 -0.4782683  -0.41365662
  -0.7764721  -0.5048917  -0.4419459  -0.6021779   0.40094256 -0.64309436
  -0.4279687   1.7798847   0.9541891  -0.18999144 -0.43924692 -0.4450077
  -0.3231811  -0.18069816  0.26608914 -0.2624899  -0.46809483 -0.6840482
  -0.58907515 -0.7288085  -0.49085638  0.63597864 -0.23297653  0.47695833
  -0.45621797  0.22236039 -0.15331495  1.7582519  -0.10390293 -0.36499235
  -0.10001023  0.9535575   0.60155076 -0.51204556]]