[[ 0.9576975   0.68605     0.28978395 -0.14928307 -0.6221367  -0.89426064
  -0.786247   -0.46176392 -0.00480009 -0.22471876 -0.4378011  -0.9991489
   0.50362045 -0.3060088  -0.5744166   0.56405437 -0.22999598  0.63568515
  -0.3253097   0.84347343  2.0877266  -0.57681066 -0.75150156 -0.65897274
   0.2463763  -0.5049087  -0.43491367  0.21650948 -0.36907473 -0.6676276
  -0.2003407  -0.3606396   0.35249534 -0.3557738  -0.32213768 -0.45987716
   0.29051715  0.7664705  -0.82605135 -0.69429946 -0.5349173  -0.04875793
  -0.42934814  0.5761265   1.7639619   1.1021558  -0.3297897  -0.262002
   0.17320979 -0.07304861  1.839193    1.9784418   0.02298576 -0.09956127
   0.09256437 -0.3077525  -0.82384723  0.25594822 -0.2523243   0.31254703
  -0.14194389 -0.2363213   0.03898452 -0.31857845 -0.49807912 -0.6395307
  -0.9254201  -0.45158905 -0.38277134 -0.6660269   0.27653053 -0.63318974
  -0.4279172   1.6235993   1.070941   -0.18791129 -0.48873413 -0.44288632
  -0.1303864  -0.09346876  0.22265308 -0.28688493 -0.4651534  -0.6766036
  -0.44533512 -0.77788234 -0.48964456  0.6107451   0.23876072  0.41280067
  -0.52555096  0.09630337 -0.24901503  1.3984629   0.2125743  -0.3341722
  -0.00563796  0.81180453  0.32183787 -0.35345033]]