[[ 0.7572682   1.108426    0.3890395  -0.12119889 -0.65455353 -0.8623557
  -0.850552   -0.42099956 -0.10650053 -0.2480447  -0.54297405 -0.9614901
   0.39219543 -0.24144757 -0.5803126   0.6027679  -0.37885964  0.4935997
  -0.2726638   0.99568343  2.0015187  -0.49968478 -0.593003   -0.57529753
   0.07377786 -0.4056587  -0.37294576 -0.23610635 -0.3570544  -0.6779296
  -0.28435192 -0.52973026  0.04422247 -0.09293634 -0.17555223 -0.3132959
   0.1494272   0.4323283  -0.84149367 -0.6063348  -0.49435496 -0.29208392
  -0.4274373   0.96935964  1.6221044   0.45872    -0.34970668 -0.37765005
   0.0618052   0.16692187  1.1373601   2.1701808   0.11962354 -0.25242877
  -0.6077625  -0.71531993 -0.8268709   0.01036283 -0.3558716   0.14786589
  -0.18708466 -0.32063907  0.07348837 -0.37228155 -0.4737458  -0.5727616
  -0.79773456 -0.44575652 -0.38926452 -0.6852934   0.15720993 -0.5645294
  -0.4183426   1.593454    0.9685409  -0.50716555 -0.18861347 -0.51948166
   0.10473177 -0.08591757  0.5998316  -0.23863155 -0.42653617 -0.5847995
  -0.29480386 -0.766983   -0.42308125  0.89002985  0.42992994  0.58751744
  -0.4674925   0.38649935 -0.19322956  0.5646289   0.10956732 -0.36787912
   0.10685512  0.86528623 -0.09942258 -0.3887672 ]]