[[ 3.95986259e-01  8.36843371e-01  5.46636462e-01 -1.15179360e-01
  -5.70785701e-01 -7.46878028e-01 -7.96494186e-01 -3.84455413e-01
  -1.86972767e-01 -3.60480845e-01 -4.47508633e-01 -9.49281096e-01
   7.14540899e-01 -2.42423147e-01 -5.97128391e-01  8.37481380e-01
  -4.27121609e-01  6.41181767e-01 -1.42721474e-01  7.44103134e-01
   2.34383941e+00 -4.49067622e-01 -5.63958824e-01 -5.20058811e-01
  -9.39020813e-02 -4.88859624e-01 -3.86552155e-01 -1.89162508e-01
  -1.42292276e-01 -5.37881672e-01 -3.21861029e-01 -2.62725621e-01
   1.34535898e-02  1.56635284e-01 -4.47148345e-02 -2.91930526e-01
   2.76624382e-01  6.41159415e-02 -8.00720811e-01 -5.93657792e-01
  -5.19675612e-01 -3.47979188e-01 -4.08734083e-01  1.62780774e+00
   1.08795846e+00  2.62478560e-01 -4.93586898e-01 -1.25178576e-01
  -3.45046073e-01  1.75021529e-01  8.75478983e-01  1.87908900e+00
   7.66168386e-02 -5.27242944e-02 -6.36934102e-01 -7.12961555e-01
  -6.84973419e-01  9.19466838e-04 -3.55467767e-01  1.37665123e-01
  -1.23218901e-01 -3.80678922e-01 -2.27136128e-02 -4.60936546e-01
  -4.83746469e-01 -4.18787867e-01 -7.39702344e-01 -4.81800824e-01
  -4.50056791e-01 -6.52303994e-01  3.20067227e-01 -4.58266079e-01
  -4.45141971e-01  1.21558166e+00  1.13067865e+00 -5.03216326e-01
  -4.25943956e-02 -5.35254240e-01  2.75839597e-01 -1.05121434e-01
   5.93214869e-01 -3.65946829e-01 -4.14417267e-01 -5.62531650e-01
  -3.61976802e-01 -6.74157143e-01 -4.83874559e-01  8.70655775e-01
  -2.31822595e-01  3.61105502e-01 -4.37209845e-01  5.64347923e-01
  -1.81571975e-01  4.68536258e-01  3.89426053e-01 -4.19276506e-01
   2.38944367e-01  7.20523953e-01 -1.69236451e-01 -4.84379053e-01]]