[[ 0.6122934   1.0459527   0.6703125   0.01823957 -0.69782406 -0.8831501
  -0.8614648  -0.45378867 -0.14054242 -0.33586124 -0.5579845  -0.97403985
   0.45367587 -0.25042805 -0.67709696  0.70446795 -0.40259072  0.45140383
  -0.30804926  0.6735765   2.513754   -0.47586167 -0.6270287  -0.568297
  -0.02956177 -0.558029   -0.3167426  -0.08769048 -0.37565646 -0.6488642
  -0.33519626 -0.4308173  -0.03853638  0.05538583 -0.0208159  -0.36587846
   0.1185429   0.30280307 -0.8413752  -0.60100883 -0.51636964 -0.3137472
  -0.4328514   1.4633733   1.3115128   0.42833334 -0.32371622 -0.3030043
  -0.13992235 -0.0504516   1.265684    1.7262611   0.17337362 -0.0629447
  -0.7048698  -0.8060592  -0.8323763   0.16316745 -0.3549413   0.3205342
  -0.1931444  -0.37034017 -0.07265253 -0.32095504 -0.492713   -0.5667247
  -0.8378036  -0.43507513 -0.41967255 -0.67940015  0.34993726 -0.55836403
  -0.49184564  1.3169079   1.0484285  -0.37801838 -0.3171398  -0.5104125
   0.26395085 -0.08154339  0.40198845 -0.40935588 -0.45232135 -0.59997606
  -0.37279877 -0.77308637 -0.4724254   0.62749916  0.20373976  0.43091887
  -0.53447986  0.43110782 -0.2082752   0.64701784  0.3658907  -0.42070773
   0.18691882  0.7206314  -0.04512331 -0.44137493]]