[[ 0.6811239   0.95912814  0.70361567 -0.09047062 -0.6930964  -0.87493426
  -0.818273   -0.34321836 -0.06193779 -0.31767285 -0.5793505  -0.9911002
   0.1903296  -0.22728705 -0.5975671   0.9184667  -0.5861776   0.39476308
  -0.3187226   1.1026435   2.1394548  -0.45778763 -0.6275106  -0.5658836
  -0.05322214 -0.38675618 -0.34626326 -0.27714956 -0.39618465 -0.70811206
  -0.41569752 -0.6707995   0.09235131  0.14426053 -0.33697602 -0.32192212
   0.14678949  0.3009951  -0.90151286 -0.5497216  -0.5079955  -0.29880044
  -0.45836684  1.5693806   1.7622349   0.2892848  -0.29713562 -0.39683568
   0.06652752  0.10800578  0.8452505   2.3392975   0.19397828 -0.26254734
  -0.6812868  -0.7963217  -0.86805344 -0.01610377 -0.37376946  0.29244912
  -0.20781414 -0.3025485   0.0612923  -0.36779058 -0.49540386 -0.60632235
  -0.84976035 -0.4484767  -0.41172698 -0.6835971   0.30320293 -0.5922274
  -0.4307773   1.5700308   1.0649302  -0.50722045 -0.19758311 -0.5535805
  -0.03394114 -0.03919253  0.6785553  -0.32542574 -0.49695808 -0.61080474
  -0.43212897 -0.8091774  -0.4217978   0.91953593  0.47435945  0.75919616
  -0.5112907   0.52275455 -0.15331787  0.36275184  0.22173607 -0.41539487
   0.01474335  0.9630471  -0.24052268 -0.37901986]]