[[ 9.4117367e-01  1.0610759e+00 -2.7601334e-01 -4.8361486e-01
  -7.2204822e-01 -1.2124448e+00 -1.0689183e+00 -8.0286998e-01
  -4.1895449e-01 -1.8771168e-02 -6.5421587e-01 -1.2166103e+00
   7.8566068e-01 -2.8096715e-01 -7.0695168e-01  7.1878904e-01
  -4.4853741e-01  1.2395498e+00 -4.8055771e-01  2.2764339e-01
   3.0065296e+00 -5.9231877e-01 -8.4832472e-01 -7.5861770e-01
   1.3397656e-02 -6.8986320e-01 -5.1704317e-02 -2.7511966e-01
  -4.4411469e-01 -8.7359220e-01 -3.2248822e-01 -1.9108880e-01
  -2.2539507e-01 -6.7276841e-01 -7.6572008e-02 -3.9711136e-01
   4.0632251e-01  5.0105256e-01 -9.5895952e-01 -8.6526132e-01
  -6.7809594e-01  1.3514152e-01 -4.6956959e-01  8.7664717e-01
   8.3580244e-01  4.5122695e-01 -1.2055546e-01  1.5618300e-01
  -6.3666284e-02  5.8396333e-01  2.2724233e+00  1.0318537e+00
  -2.4066655e-01  2.2266734e-01 -5.0696820e-01 -8.5778224e-01
  -9.0992707e-01  6.9842315e-01 -3.7769529e-01  1.7404012e-01
  -2.8725284e-01 -4.5160696e-01 -1.3262494e-01 -6.1374754e-01
  -5.5105168e-01 -6.8041354e-01 -8.1885779e-01 -7.7399945e-01
  -3.4293997e-01 -7.4361891e-01  9.4168752e-01 -8.3709913e-01
  -5.3947109e-01  7.1519047e-01  5.2036440e-01 -1.3155062e-01
  -5.8424628e-01 -5.1314002e-01  5.5596274e-03 -2.3043647e-01
  -7.9150066e-02  1.0368638e-03 -4.6375179e-01 -6.6271132e-01
  -5.2686173e-01 -9.8660839e-01 -4.1796127e-01  2.4853389e-01
   5.4916900e-01  5.8240092e-01 -7.1439868e-01 -6.2742725e-02
  -4.9452814e-01  1.5948496e+00 -1.2789532e-02 -3.9485899e-01
   6.5954894e-01  3.4603700e-01 -3.3450252e-01 -5.1267421e-01]]