[[ 1.140506    0.91443306 -0.04703732 -0.23061408 -0.63186187 -0.9910748
  -0.9121606  -0.7577157  -0.35331526 -0.0516503  -0.49434727 -0.9734147
   0.7444329  -0.2726991  -0.64228636  0.5505564   0.00260133  1.1652914
  -0.39473152  0.49566275  1.6853999  -0.64556247 -0.7069714  -0.6324378
   0.31371948 -0.6440037  -0.24562562 -0.19608596 -0.43555558 -0.67570674
  -0.03647061 -0.02093683 -0.18860297 -0.54535407 -0.12838866 -0.45361295
   0.09174395  0.3990765  -0.80108976 -0.69800836 -0.56706804 -0.37236986
  -0.4255491   0.36966205  1.1462095   0.8691015  -0.07565468 -0.33090502
  -0.5238673   0.26615018  1.8279929   1.5674613  -0.1530826  -0.27430993
  -0.46935505 -0.6577555  -0.7627168   0.5856161  -0.25441593 -0.03706344
  -0.21183296 -0.41512477  0.07733283 -0.3420127  -0.43661377 -0.5322471
  -0.6632098  -0.5347653  -0.34227645 -0.7174345   0.05912028 -0.68253964
  -0.45769542  1.4224626   0.70322174 -0.04428494 -0.33022797 -0.30553654
  -0.06680936 -0.23358163  0.24011005 -0.07900129 -0.27749512 -0.55111045
  -0.41447988 -0.81739295 -0.44715646  0.5839171  -0.05477394  0.5712862
  -0.5564947   0.03740478 -0.49910396  1.4524008  -0.15246509 -0.34558564
   0.21711652  0.67913926  0.05716527 -0.57939094]]