[[ 0.5517087   1.3992872  -0.02387925 -0.1913547  -0.61991024 -1.0181309
  -0.9962122  -0.82367444 -0.36076656 -0.01943042 -0.5486583  -0.97673166
   0.90310544 -0.24815021 -0.66416126  0.68293345 -0.26196125  0.9261707
  -0.42158273  0.5335819   2.1643522  -0.6193119  -0.73025244 -0.6771725
   0.0229366  -0.6152423  -0.3713627  -0.2706877  -0.462584   -0.64759266
  -0.24326882 -0.24060917 -0.26340827 -0.5818871   0.12940575 -0.45495313
   0.23078178  0.21507291 -0.7587558  -0.7587462  -0.5908304  -0.3977093
  -0.4090776   0.1518691   1.038692    0.42139962 -0.12273612 -0.25240684
  -0.41776946  0.36856446  1.3198653   1.6075727  -0.06494624 -0.37554017
  -0.36565605 -0.6065788  -0.8525723   0.10600185 -0.3098336  -0.12772611
  -0.20811422 -0.36955994  0.03799292 -0.32761323 -0.53102314 -0.62725115
  -0.62954307 -0.5126994  -0.3375139  -0.8059978   0.24012353 -0.5862881
  -0.4403307   1.2143471   0.9047012  -0.36921242 -0.32413962 -0.46311975
   0.29203856 -0.15989023  0.14846109  0.00541984 -0.33188334 -0.5725248
  -0.2856867  -0.797636   -0.42653295  0.5263178   0.23944329  0.21614718
  -0.5761008   0.07548598 -0.5027881   1.0365441   0.08854445 -0.34521443
   0.5344958   0.46276844 -0.07642722 -0.55961263]]