[[ 0.64673734  1.0265855   0.4007729  -0.02064671 -0.62121373 -0.78737533
  -0.7990544  -0.42588872 -0.1328998  -0.28850636 -0.48286906 -0.86827576
   0.45105308 -0.24434845 -0.543877    0.41084462 -0.37154543  0.36046165
  -0.21640547  0.96028763  1.8156087  -0.48279467 -0.491212   -0.55205005
   0.0383167  -0.42466035 -0.3610829  -0.2044761  -0.31805024 -0.60505676
  -0.28496948 -0.4679199   0.03906055 -0.06280449 -0.07846577 -0.29597953
   0.10883851  0.16527024 -0.7902434  -0.54618806 -0.4756506  -0.33006784
  -0.4085397   0.9421825   1.6124628   0.33995062 -0.4352993  -0.3847846
  -0.11809111  0.10134399  0.93017393  2.1143076   0.18322    -0.17348278
  -0.6107585  -0.6785536  -0.7869238   0.09097128 -0.31851408  0.16525777
  -0.1846152  -0.31382877  0.05641813 -0.31101122 -0.43746617 -0.46704996
  -0.7491917  -0.40319768 -0.39485803 -0.6468734   0.07928489 -0.47828987
  -0.4192398   1.6184267   1.0250735  -0.44918847 -0.10378613 -0.4769901
   0.25622    -0.11218119  0.7264551  -0.31047317 -0.3657146  -0.52005833
  -0.23524746 -0.6848787  -0.44201437  0.9504333   0.06556746  0.5241318
  -0.39372867  0.41715848 -0.1333155   0.41116455  0.14854853 -0.3842021
   0.11306592  0.87667894 -0.08723348 -0.4364676 ]]