[[ 0.8717067   0.90572834  0.37828717 -0.0785655  -0.59180564 -0.7634278
  -0.819076   -0.46079656 -0.20060402 -0.30441913 -0.46571782 -0.9553422
   0.5630715  -0.272194   -0.6032177   0.46882406 -0.06817918  0.7383787
  -0.2501145   0.5830701   2.1421537  -0.5001544  -0.64384156 -0.5342198
   0.21456745 -0.4221543  -0.3682648  -0.13578239 -0.2593262  -0.5980834
  -0.09085122 -0.32140416 -0.02682242 -0.10386035  0.01339722 -0.26906264
   0.22192654  0.5467624  -0.7729955  -0.66297126 -0.48897156 -0.32417515
  -0.4265407   1.0210903   0.9291857   0.8624757  -0.46723023 -0.1880879
  -0.03813601  0.1125406   1.6688838   1.4897138   0.10144633 -0.10215155
  -0.6369991  -0.7065399  -0.73735625  0.08775988 -0.3975009   0.16505268
  -0.19335902 -0.39359224 -0.02055417 -0.4414334  -0.44151264 -0.5399831
  -0.7851425  -0.3953541  -0.41794384 -0.6752413   0.10586685 -0.47765273
  -0.42814913  1.2116246   0.7943237  -0.4827484  -0.26424503 -0.51087564
   0.2537412  -0.15889025  0.26004416 -0.25601032 -0.44490492 -0.6227979
  -0.18924847 -0.71622896 -0.47210228  0.6059014   0.21923071  0.29363382
  -0.44209832  0.28658757 -0.22541796  0.9143332   0.15195134 -0.3177775
   0.14146256  0.5952206   0.17118722 -0.4536509 ]]