[[ 1.2953066   0.91630214 -0.0835329  -0.38974833 -0.7747421  -1.2108333
  -0.978497   -0.8207365  -0.3798231   0.18338531 -0.58739215 -1.1685753
   0.6758404  -0.30829158 -0.827643    0.63940763 -0.10706941  1.7686554
  -0.52143854  0.3819705   2.4346554  -0.68484116 -0.87385726 -0.6567987
   0.15577537 -0.75887185  0.10047144 -0.17180529 -0.5087036  -0.834041
  -0.04975105 -0.04209489 -0.3178826  -0.5796701  -0.3164974  -0.42897797
   0.46219033  0.9599961  -0.97806656 -0.82881075 -0.56311435 -0.32934457
  -0.51938146  1.4103469   0.5228992   1.2412647  -0.24472067 -0.1922946
  -0.2131402   0.3977365   2.97468     1.2118531  -0.23584497 -0.17864631
  -0.69318354 -0.8820398  -0.9120664   1.1457592  -0.4644088   0.23215409
  -0.2012905  -0.47575876 -0.09192069 -0.57505137 -0.4681139  -0.696353
  -0.824856   -0.7384128  -0.41182375 -0.7483191   0.15947472 -0.91470665
  -0.5393144   0.8926222   0.45502025  0.1067711  -0.6573487  -0.4158334
  -0.31936193 -0.25888115 -0.3257467  -0.11255914 -0.40310422 -0.7642319
  -0.4854598  -0.96569    -0.50166726  0.1372722   0.5035006   0.86270416
  -0.7284326  -0.10037094 -0.56320554  1.8860576  -0.33907527 -0.39680967
   0.08956762  0.5941641  -0.00966467 -0.57022053]]