[[ 0.7074371   0.95530397  1.0923712  -0.04883981 -0.7805728  -0.9438411
  -0.80605024 -0.34511846 -0.07295071 -0.39788142 -0.6115266  -1.0647439
   0.08600733 -0.23718318 -0.7030971   1.5254111  -0.6480527   0.00632796
  -0.40421978  0.9989538   2.8810365  -0.40220606 -0.7999166  -0.54571867
  -0.16272357 -0.6004708  -0.40689716 -0.16166733 -0.4457673  -0.677949
  -0.54131526 -0.7167602   0.1383261   0.47363442 -0.25695843 -0.41285974
  -0.12873779  0.14433165 -0.940714   -0.5425093  -0.5589992  -0.3128119
  -0.4322799   2.3728566   1.7548794   0.2972199  -0.42487153 -0.4849613
  -0.05351415 -0.19377339  0.7194862   2.3188086   0.11651213 -0.22532551
  -0.7133066  -0.8904172  -1.1058826  -0.03235241 -0.35496318  0.40476835
  -0.21588944 -0.32734755  0.10166863 -0.36088225 -0.55510545 -0.6681818
  -0.89635426 -0.4302942  -0.42395702 -0.6675091   0.68208426 -0.6113525
  -0.44414204  1.5605224   1.4036795  -0.44870335 -0.30731288 -0.6059999
   0.07401095  0.07825682  0.468273   -0.4282883  -0.57845885 -0.6727562
  -0.5560583  -0.8371504  -0.44661033  0.8875717   0.11311159  0.6437693
  -0.6298516   0.70823777 -0.27021706  0.5088507   0.4837762  -0.45794427
   0.05246202  1.0604587  -0.25942823 -0.4905282 ]]