[[ 5.6994504e-01  8.7626052e-01  6.2425089e-01 -1.4399090e-01
  -7.1738660e-01 -9.4913149e-01 -9.4371367e-01 -4.1208553e-01
  -2.4666981e-01 -1.5422766e-01 -5.8210856e-01 -1.0918800e+00
   3.6838877e-01 -2.7431157e-01 -7.4669605e-01  8.7713152e-01
  -5.0579137e-01  1.0024142e+00 -3.7525359e-01  5.8596581e-01
   3.1795330e+00 -4.1226503e-01 -8.2176977e-01 -6.0906923e-01
   8.5537825e-03 -7.1103609e-01 -3.4810400e-01 -2.2391038e-01
  -3.6762717e-01 -6.7778003e-01 -4.2351964e-01 -3.3609617e-01
  -3.0751210e-03  1.2525743e-01 -1.4790159e-01 -3.6684120e-01
   4.5972663e-01  1.7612509e-01 -9.3990833e-01 -6.1782038e-01
  -5.9435511e-01  1.3314511e-01 -4.2164266e-01  2.1742969e+00
   1.0432856e+00  7.0964390e-01 -3.9984357e-01 -9.3757935e-02
   2.9335713e-02 -3.6962755e-02  1.6902350e+00  1.5203434e+00
  -5.3697664e-02  4.3899429e-01 -8.1271082e-01 -9.5425057e-01
  -9.8870093e-01  1.4278743e-01 -3.5315517e-01  3.6906627e-01
  -2.3274392e-01 -3.7776721e-01 -1.7627455e-01 -4.5689976e-01
  -5.3437632e-01 -5.9759760e-01 -9.7862715e-01 -6.1786038e-01
  -4.6396470e-01 -6.0183835e-01  9.8372078e-01 -6.6441196e-01
  -5.5057573e-01  8.7681794e-01  9.9479318e-01 -4.5980719e-01
  -5.1369995e-01 -5.0191128e-01  2.4027830e-02 -1.3071278e-01
  -1.5450198e-02 -5.5016381e-01 -5.3827810e-01 -6.8203163e-01
  -5.8824128e-01 -8.0094039e-01 -4.9038827e-01  4.2742702e-01
   1.2392241e-01  9.0659484e-02 -6.7344254e-01  5.0077212e-01
  -2.8672305e-01  7.5660729e-01  3.8130051e-01 -4.1504151e-01
   2.9778895e-01  6.3771337e-01 -3.5481593e-01 -4.8833856e-01]]