[[ 0.77345026  0.9776648   0.7302267  -0.0325626  -0.705974   -0.87558407
  -0.8582742  -0.38573474 -0.12714468 -0.31843022 -0.5891296  -0.9913268
   0.22337204 -0.22333923 -0.60787445  0.9731203  -0.58561623  0.3519408
  -0.28818184  1.1730199   2.1443956  -0.4514068  -0.58060694 -0.59607106
  -0.02218566 -0.43263057 -0.40193766 -0.33645052 -0.38656387 -0.6937365
  -0.40113425 -0.685918    0.10388494  0.16715176 -0.25736502 -0.32059407
   0.11357231  0.11672264 -0.924877   -0.54708844 -0.5357837  -0.3740897
  -0.45793006  1.7062995   1.9081303   0.3527021  -0.38938314 -0.51111317
  -0.09335475  0.09186579  0.8596672   2.5787432   0.25109744 -0.27274323
  -0.66590637 -0.79946125 -0.9676029  -0.01018428 -0.36584848  0.31674975
  -0.24305524 -0.2953724   0.12479181 -0.33316186 -0.5217994  -0.59022564
  -0.84501165 -0.43482822 -0.41983837 -0.72702515  0.28663474 -0.58570737
  -0.4117002   1.7253932   1.1854203  -0.5334126  -0.13109058 -0.55182725
   0.07952397 -0.01676406  0.8108298  -0.3440481  -0.4880366  -0.6055468
  -0.41529387 -0.8099821  -0.43811584  1.0294688   0.24616528  0.86421597
  -0.48254842  0.56120646 -0.16553578  0.3819743   0.25244042 -0.42715928
   0.09125145  1.0618824  -0.23922971 -0.44860938]]