[[ 6.16253912e-01  9.24030542e-01  6.15928292e-01 -5.75374514e-02
  -6.29519761e-01 -7.86529899e-01 -7.94637084e-01 -4.28678751e-01
  -2.02612966e-01 -3.57800364e-01 -5.01797557e-01 -9.49862361e-01
   6.22628629e-01 -2.58800596e-01 -6.13942921e-01  7.73253918e-01
  -2.70886481e-01  5.92447579e-01 -2.79286712e-01  5.70492089e-01
   2.47902918e+00 -4.66514200e-01 -6.60050690e-01 -5.22542059e-01
   3.68486717e-02 -5.07594407e-01 -3.61998260e-01 -1.03825174e-01
  -2.80179411e-01 -5.73085248e-01 -2.49845356e-01 -3.63981634e-01
  -3.27053107e-02  9.47362781e-02  4.17093001e-02 -2.86582708e-01
   2.42323309e-01  2.38625273e-01 -7.90502787e-01 -6.23599708e-01
  -4.98811662e-01 -3.26383770e-01 -4.12093788e-01  1.52503014e+00
   8.64810109e-01  5.96502423e-01 -4.93072569e-01 -2.06939921e-01
  -2.13764742e-01  7.81245083e-02  1.34714651e+00  1.47989476e+00
   1.50352195e-01 -5.76314628e-02 -6.42797053e-01 -7.43375182e-01
  -7.88368404e-01  5.50695136e-02 -3.73396367e-01  2.22631052e-01
  -1.90445513e-01 -3.86716664e-01 -4.05616164e-02 -4.09762532e-01
  -4.70898390e-01 -4.87294883e-01 -7.62137771e-01 -4.02290285e-01
  -4.31964576e-01 -6.44598961e-01  3.12388450e-01 -4.94443566e-01
  -4.51265424e-01  1.10713184e+00  1.05158579e+00 -4.90090132e-01
  -2.90469676e-01 -5.32328606e-01  2.88445860e-01 -9.51516479e-02
   3.02451223e-01 -2.94649929e-01 -4.30249482e-01 -6.10098243e-01
  -3.49978656e-01 -7.03129172e-01 -4.84117746e-01  5.95969617e-01
  -5.61046042e-02  2.39796206e-01 -4.78268743e-01  4.30124819e-01
  -2.07388267e-01  7.16095328e-01  4.12105262e-01 -3.62128079e-01
   2.63383210e-01  6.17434144e-01 -2.94801779e-04 -5.09585679e-01]]