[[ 0.79173315  0.7985469   0.5370397   0.01749636 -0.627897   -0.83921075
  -0.74227685 -0.30998573 -0.00543786 -0.26129    -0.5292375  -0.9154951
   0.24802406 -0.22802173 -0.5526024   0.49544922 -0.5420882   0.52136886
  -0.26042297  1.3024464   1.50942    -0.47009957 -0.5451435  -0.5837939
  -0.04814239 -0.2558764  -0.30876112 -0.31723875 -0.3645419  -0.70925844
  -0.34190568 -0.64356613  0.30079675 -0.01465476 -0.5288485  -0.29806623
   0.36404425  0.42111924 -0.86766654 -0.5193445  -0.47912708 -0.26801214
  -0.43935433  0.9557151   2.0917752   0.34752405 -0.20251068 -0.28799367
   0.23786974  0.2142731   0.87965965  2.635829    0.27989948 -0.20015554
  -0.67925054 -0.7411305  -0.73045754  0.09162242 -0.3845862   0.3145094
  -0.16922465 -0.2745324   0.10074447 -0.28173283 -0.44892815 -0.5825421
  -0.8714191  -0.4286946  -0.39565834 -0.658257    0.10306612 -0.5916528
  -0.43074638  1.7980306   0.8857238  -0.41377062 -0.07147293 -0.4794044
  -0.23265721 -0.16983022  0.79104364 -0.2810422  -0.45683888 -0.5834188
  -0.39177692 -0.7719092  -0.40696314  1.1109868   0.616746    0.9449376
  -0.4567441   0.48949045 -0.09135893  0.41441843  0.01633282 -0.40187937
  -0.11554257  1.0897423  -0.16870672 -0.27207083]]