[[ 0.6336871   0.86666006  0.7204166  -0.04857453 -0.6663342  -0.8389281
  -0.7837017  -0.34068888 -0.07041783 -0.32709366 -0.56236964 -0.9502397
   0.23251843 -0.23526746 -0.5737619   0.8331822  -0.56959563  0.34775546
  -0.32055777  0.99435306  2.0110717  -0.46004313 -0.6068274  -0.55307657
  -0.05802418 -0.37795627 -0.3446004  -0.26852068 -0.3967824  -0.6889777
  -0.40710297 -0.65496135  0.05508243  0.09904937 -0.33978608 -0.31956223
   0.11663881  0.2536704  -0.87398636 -0.5410212  -0.49335006 -0.2898065
  -0.45953956  1.4540303   1.6565615   0.22931027 -0.30970377 -0.38170078
   0.04513344  0.09064645  0.80437773  2.1335523   0.26008338 -0.21216576
  -0.6562906  -0.7622329  -0.8354243   0.04125343 -0.36514056  0.34082985
  -0.21194641 -0.3015439   0.02323627 -0.31413534 -0.47343814 -0.57540184
  -0.8174693  -0.40416375 -0.40838322 -0.66133136  0.25010005 -0.566659
  -0.42885786  1.4418664   0.978296   -0.49713308 -0.22656965 -0.5490573
  -0.05109769 -0.06863941  0.61999357 -0.32535785 -0.48921728 -0.5940342
  -0.40981132 -0.7800648  -0.42191252  0.83611906  0.41257736  0.6893988
  -0.48888874  0.46033746 -0.14876224  0.32060772  0.21511415 -0.41275394
   0.00607296  0.9025815  -0.23897433 -0.3858802 ]]