[[ 0.9042434   0.9549093   0.5760776  -0.08014168 -0.68326086 -0.8582688
  -0.79309237 -0.43573704 -0.17932841 -0.23545042 -0.49549127 -0.9764785
   0.483576   -0.2706305  -0.6752864   0.5709166  -0.21479303  0.7081383
  -0.344912    0.83025223  2.2476826  -0.5017975  -0.76734555 -0.5892154
   0.10864127 -0.563086   -0.32205108  0.07390997 -0.39051965 -0.60884064
  -0.21520878 -0.39954606  0.10958691 -0.0381988  -0.14178301 -0.38175178
   0.30640468  0.4494056  -0.7721683  -0.612029   -0.48986387 -0.28663948
  -0.41189378  1.3705239   1.229578    1.0381689  -0.42113382 -0.25483945
  -0.03761075 -0.08234316  1.7699095   1.8699508   0.12980734 -0.0401062
  -0.7029977  -0.7821059  -0.8667784   0.15813996 -0.4041693   0.33570534
  -0.20722929 -0.38470098  0.05129481 -0.36342    -0.4609065  -0.5788016
  -0.83519125 -0.39498064 -0.4331922  -0.61148125  0.3554725  -0.58797663
  -0.46197972  1.4235885   1.0683141  -0.23895866 -0.46264702 -0.45243275
   0.03732838 -0.06130178  0.16592257 -0.33542183 -0.43983328 -0.6875552
  -0.45261973 -0.73684186 -0.4720012   0.56565154  0.07855146  0.3287162
  -0.5523448   0.38355556 -0.1430695   1.0587547   0.2146242  -0.33372954
   0.06889744  0.83159673  0.29858053 -0.45252308]]