[[ 1.49658883e+00  3.38217527e-01  5.21631181e-01 -2.92652786e-01
  -6.94549561e-01 -9.02865410e-01 -6.57109737e-01 -5.07059395e-01
  -2.36292318e-01 -2.36083806e-01 -4.37595963e-01 -9.71463323e-01
   4.74450558e-01 -2.77982235e-01 -5.57580292e-01  1.02026176e+00
   1.34778723e-01  7.66347826e-01 -3.87795210e-01  6.62889421e-01
   1.66286552e+00 -5.37911177e-01 -6.57735229e-01 -6.09376907e-01
   4.55071181e-01 -4.21244562e-01 -2.90903181e-01  2.30982870e-01
  -4.43196774e-01 -5.56974947e-01 -7.30075350e-04 -5.66878200e-01
   2.31295988e-01 -3.63610461e-02 -3.63355905e-01 -3.32166582e-01
   1.62713453e-01  2.93327242e-01 -7.25390077e-01 -6.63332641e-01
  -4.59893614e-01 -3.65932316e-01 -3.97022396e-01  1.16535234e+00
   1.34439135e+00  1.52988875e+00 -4.14898187e-01 -4.11217719e-01
  -2.50718862e-01  1.14884637e-01  1.73667705e+00  1.83649647e+00
   5.75059839e-02 -3.11822385e-01 -5.62596262e-01 -6.99997067e-01
  -9.28607583e-01  3.12287863e-02 -3.51437688e-01  8.97172838e-02
  -2.15134025e-01 -4.50303882e-01  2.72933066e-01 -4.51450169e-01
  -4.91343081e-01 -5.16686022e-01 -7.72270918e-01 -4.78787273e-01
  -4.35670525e-01 -6.61491811e-01  4.63349342e-01 -6.01312280e-01
  -4.07295942e-01  1.91906226e+00  1.04751003e+00 -1.89857781e-01
  -3.96696031e-01 -4.69241709e-01 -2.85605758e-01 -1.43795237e-01
   3.18963915e-01 -2.22375810e-01 -4.73367453e-01 -6.94296956e-01
  -5.47825336e-01 -7.17569590e-01 -4.83806312e-01  7.20438302e-01
  -2.15823054e-01  5.27755141e-01 -4.60493028e-01  2.82178998e-01
  -1.24139845e-01  1.76555669e+00 -6.94532320e-02 -3.47875088e-01
  -9.41333547e-02  9.75096881e-01  7.06325114e-01 -5.22715032e-01]]