[[ 0.9849465   0.9510838   0.5262901   0.0089077  -0.6598605  -0.8349869
  -0.8463833  -0.4093066  -0.10018731 -0.271085   -0.5284217  -0.91068804
   0.15463908 -0.23442008 -0.5450707   0.6420469  -0.57487476  0.17432816
  -0.25445253  1.3657959   1.6848695  -0.47964713 -0.54147375 -0.6075324
   0.01698047 -0.3775062  -0.41834167 -0.17007865 -0.35730645 -0.68011445
  -0.36194822 -0.67112166  0.22389802 -0.03865383 -0.31768313 -0.3376159
   0.08458722  0.1799805  -0.8173098  -0.5272779  -0.5378257  -0.37263075
  -0.44440353  1.1648872   2.1879418   0.30631202 -0.37225968 -0.41973191
  -0.00602399  0.0475929   0.6420164   2.7729607   0.26011607 -0.28721052
  -0.6359295  -0.7377895  -0.91352886  0.06307268 -0.35019925  0.36376625
  -0.25001636 -0.25866896  0.25265202 -0.27470022 -0.46660268 -0.63240105
  -0.8327183  -0.35965198 -0.38967174 -0.7059828   0.21978585 -0.5050486
  -0.36576602  1.9420204   1.1899968  -0.24877957 -0.06163343 -0.4924349
   0.096778   -0.00748809  0.8070714  -0.26824746 -0.4553423  -0.5874994
  -0.20137806 -0.77693367 -0.40224263  1.2377609   0.33862752  1.008496
  -0.45020908  0.5017518  -0.00736238  0.4736219  -0.03381618 -0.38365158
  -0.10104036  1.2101      0.04012251 -0.38545397]]