[[ 1.0510967   0.49078354  0.9455399   0.24397457 -0.7888647  -0.9096827
  -0.80225724 -0.36066207 -0.10394797 -0.42074478 -0.5987565  -1.0349805
   0.18901677 -0.27866995 -0.75869304  1.1795918  -0.40419802  0.42905286
  -0.4319288   0.6250738   2.5162275  -0.44430754 -0.7855661  -0.55719525
   0.03910942 -0.5892862  -0.3244697  -0.07773595 -0.44807613 -0.67892945
  -0.30453196 -0.6690291   0.22156566  0.21195386 -0.2245156  -0.38017276
   0.3413698   0.34543008 -0.8469216  -0.6464353  -0.55536294 -0.35304293
  -0.47510976  1.9991595   1.0549748   0.95390695 -0.32931668 -0.3649932
  -0.07313818 -0.17506431  1.5956312   1.6082361   0.18366826 -0.15034829
  -0.7388772  -0.8887268  -0.9839295   0.08349001 -0.40501863  0.42936227
  -0.2682066  -0.35552928  0.00850832 -0.40746278 -0.5352585  -0.6530666
  -0.9413613  -0.4426596  -0.45429993 -0.7167051   0.48532733 -0.6381563
  -0.50263     1.0844653   0.98448664 -0.34581402 -0.6389399  -0.5482537
  -0.0097687  -0.06207201 -0.07611863 -0.3645896  -0.51465666 -0.7168149
  -0.46071714 -0.8840011  -0.5175908   0.37551302  0.22484517  0.8892524
  -0.61153847  0.46125534 -0.29443333  1.190095    0.2866007  -0.4363327
   0.03726635  0.8790377   0.08512351 -0.4562622 ]]