[[ 0.8767933   1.2653075  -0.15129615 -0.33214113 -0.503969   -0.80129296
  -1.2478123  -0.6276336  -0.40546256  0.0665146  -0.600131   -1.0299015
  -0.12241862 -0.27704644 -0.83512294 -0.13180713 -0.3775666   1.5338321
  -0.35318884  0.83656377  2.0911748  -0.60880077 -0.6533142  -0.68331087
   0.68078625 -0.8448133  -0.12116561 -0.15648444 -0.34271663 -0.69081014
   0.76173276  0.3618277  -0.11701606 -0.60423934 -0.27920705 -0.562938
   0.19062205  0.20532814 -0.8252387  -0.77473795 -0.5566519  -0.4367714
  -0.4256025   1.2641197   1.3378394   1.0261781  -0.3751141   0.6900499
  -0.53275746  0.15237103  2.023648    2.0793428  -0.48741567 -0.4434495
  -0.7477128  -0.69770473 -0.62909865  0.04438569 -0.49215087 -0.17322892
   0.08601701 -0.42652172  0.3486484  -0.6953476  -0.49479142 -0.6585927
  -0.7954313  -0.7692886  -0.49069586 -0.7120493   0.16985115 -0.7706367
  -0.47085258  1.1658797   0.29447982 -0.36919966 -0.01881044 -0.05666313
  -0.27588013  0.18990713  0.410397   -0.3578253  -0.31079257 -0.76083237
  -0.6762514  -0.94883007 -0.4976326   0.90090305 -0.14731419  0.9605634
  -0.62913525  0.36483967 -0.03329791  1.7084612   0.13041651 -0.3949054
  -0.00643532  0.5330096   0.6031893  -0.472652  ]]