[[ 0.8256469   1.2638159  -0.11770129 -0.27564207 -0.56262064 -0.79326534
  -1.1985267  -0.6114714  -0.36958203  0.0451648  -0.5902012  -1.0109675
  -0.0393937  -0.2820449  -0.7887211  -0.12714337 -0.3687602   1.4883039
  -0.33608195  0.84560084  1.9319344  -0.61939156 -0.62183714 -0.6743237
   0.72145814 -0.7881772  -0.10596827 -0.16990204 -0.33652008 -0.6883745
   0.6847959   0.37019533 -0.09369501 -0.59006345 -0.2868896  -0.51897883
   0.24909553  0.18774453 -0.82998335 -0.74722123 -0.54446524 -0.42757604
  -0.42936012  1.247405    1.328109    0.94331914 -0.34357494  0.4999701
  -0.50611526  0.20258792  1.8693069   2.0337481  -0.3705987  -0.40977392
  -0.7317923  -0.6787789  -0.7004526   0.10833935 -0.46160677 -0.12045347
   0.02765148 -0.42609414  0.30730027 -0.6385079  -0.47868106 -0.6324505
  -0.78009564 -0.73019236 -0.47854528 -0.7020266   0.10692535 -0.755148
  -0.47341338  1.1648129   0.28366905 -0.36398393 -0.0427725  -0.12024214
  -0.25734502  0.18540393  0.45294815 -0.3298693  -0.31176344 -0.73049635
  -0.64034116 -0.9211467  -0.48850596  0.8395238  -0.13041577  0.8556534
  -0.59189206  0.3649064  -0.01270738  1.5154533   0.0739719  -0.39617744
  -0.02551075  0.5647775   0.50045884 -0.436414  ]]