[[ 0.518405    1.4226272  -0.01861917 -0.18050542 -0.62443584 -1.0045953
  -0.9808815  -0.8191203  -0.35420617 -0.03701688 -0.5540163  -0.96375144
   0.8911907  -0.2472753  -0.67190415  0.6911091  -0.25621715  0.8303412
  -0.42147863  0.5388108   2.185816   -0.6110224  -0.7289264  -0.674124
  -0.02557197 -0.60483384 -0.38654968 -0.26533112 -0.4655424  -0.6204111
  -0.2554487  -0.32017526 -0.25002703 -0.57654226  0.18210131 -0.45163885
   0.2164604   0.19073144 -0.73835194 -0.7688694  -0.58355033 -0.40755603
  -0.40570965  0.126348    1.0304632   0.42546642 -0.19516768 -0.24692822
  -0.40322664  0.35341513  1.2651055   1.6179019  -0.05555179 -0.38633153
  -0.3536354  -0.5852618  -0.878369    0.0180159  -0.34488505 -0.12743966
  -0.18031023 -0.37209985  0.04492433 -0.3390053  -0.5461526  -0.6415078
  -0.62051725 -0.49641073 -0.34599537 -0.818884    0.253175   -0.54067314
  -0.42910287  1.250374    0.95458543 -0.4471247  -0.32616678 -0.50970376
   0.37947005 -0.15649022  0.11690615  0.00974809 -0.35605404 -0.59293014
  -0.22915928 -0.77644646 -0.42991003  0.52799094  0.22579439  0.17878619
  -0.55937576  0.07995869 -0.5061216   1.0355998   0.09502117 -0.34233478
   0.54622287  0.4554674  -0.03591989 -0.55747795]]