[[ 0.69695693  1.5726073  -0.17597783 -0.4680885  -0.6226918  -0.97309715
  -1.3759004  -0.805646   -0.44986337  0.14445044 -0.63596815 -1.1392541
   0.45874438 -0.20321089 -0.7804328   0.24067181 -0.44107616  1.6922544
  -0.41880223  0.9625039   2.5114534  -0.64163524 -0.7146029  -0.7759351
   0.52709645 -0.82788783 -0.13223688 -0.00586761 -0.3927646  -0.71223664
   0.62206686  0.23673074 -0.2991972  -0.65779454 -0.2131998  -0.49931148
   0.41399872  0.1567138  -0.83020437 -0.8904401  -0.5952207  -0.46812296
  -0.35241693  1.2139904   1.174284    0.95606005 -0.3659493   0.40050805
  -0.6199158   0.5090903   2.256252    2.2096636  -0.30989313 -0.52873105
  -0.61385936 -0.75876397 -0.861282   -0.03320299 -0.5079733  -0.15838784
   0.07023433 -0.43755236  0.28317252 -0.70180583 -0.51891536 -0.69882107
  -0.7617552  -0.83825314 -0.46582404 -0.7828907   0.53002036 -0.79002196
  -0.47388956  1.3118503   0.7004095  -0.31824416 -0.16438854 -0.07776192
  -0.18745366  0.3072424   0.46481267 -0.13713819 -0.3029015  -0.79508203
  -0.6378111  -0.98175216 -0.4867646   0.91899055  0.06734046  0.92290246
  -0.6669429   0.39604548  0.08384698  1.9529138   0.08125781 -0.41121402
   0.18857034  0.49374208  0.58291453 -0.55961895]]