[[ 0.8222177   0.6745437   0.84421664 -0.03557842 -0.7218247  -0.8298302
  -0.6973133  -0.42811584 -0.17147876 -0.3880075  -0.4808798  -0.97952133
   0.6436067  -0.27065983 -0.630287    1.0840447  -0.12331131  0.53163505
  -0.316454    0.5428535   2.5743024  -0.45431694 -0.77097976 -0.51161206
   0.1100253  -0.5471756  -0.36493093 -0.01538307 -0.3101243  -0.548972
  -0.20846352 -0.37699068 -0.00312704  0.24279028 -0.06097704 -0.31032678
   0.00295197  0.34250236 -0.8179577  -0.6046482  -0.5035345  -0.3016536
  -0.39205948  1.8059329   1.0756605   0.8530332  -0.5041872  -0.4412563
  -0.19986661 -0.06399921  1.4784969   1.4374408   0.16961469 -0.00914962
  -0.65486735 -0.7832451  -0.94750094  0.10593774 -0.37273234  0.31308842
  -0.24046724 -0.42275673 -0.00492244 -0.38737282 -0.46344224 -0.49330884
  -0.7800594  -0.37513638 -0.42538035 -0.6066021   0.4752736  -0.5118177
  -0.4613772   1.2468691   1.1149118  -0.436484   -0.49498135 -0.53691286
   0.18196286 -0.07699852  0.22461554 -0.34399408 -0.4852141  -0.66939807
  -0.38812292 -0.713263   -0.48892212  0.560266   -0.24320394  0.21037462
  -0.5301691   0.44096616 -0.2621503   1.0137422   0.29340702 -0.37349063
   0.03792145  0.783979    0.10441665 -0.5318147 ]]