[[ 0.7328451   1.7167995  -0.20555767 -0.3436274  -0.56774056 -0.8114619
  -1.321256   -0.6059849  -0.33568     0.03894761 -0.6028196  -1.061121
  -0.05236495 -0.20843787 -0.83220357 -0.17829692 -0.40618986  1.4461331
  -0.3302339   1.1159797   2.0629048  -0.5947623  -0.62073797 -0.6763678
   0.6281157  -0.8492089  -0.12665808 -0.2774273  -0.36377347 -0.70850414
   0.6630028   0.34074625 -0.13975953 -0.5631084  -0.2031364  -0.51816314
   0.1739172   0.2324733  -0.856446   -0.76923484 -0.5204165  -0.4206847
  -0.3854753   1.1960075   1.5161009   0.95084697 -0.40947515  0.43425083
  -0.4505064   0.19525939  2.1163726   2.446963   -0.43851557 -0.4359163
  -0.74631727 -0.73365307 -0.7149611   0.02986045 -0.49986932 -0.09795725
   0.17723718 -0.42638224  0.19310911 -0.6987899  -0.4580782  -0.6548705
  -0.80154467 -0.7878454  -0.4952869  -0.69232583  0.0552284  -0.7355394
  -0.47224346  1.5920051   0.5243282  -0.49109456  0.01157137 -0.07108627
  -0.16084048  0.2658463   0.45973924 -0.35376987 -0.28546795 -0.75600857
  -0.5758178  -0.9286039  -0.4942925   1.0494651   0.01219298  0.92581844
  -0.5981437   0.4801763  -0.05745244  1.3474439   0.16363819 -0.40088
   0.04555648  0.57631737  0.35660973 -0.41689578]]