[[ 0.8507292   1.396236    0.01900306 -0.10228956 -0.6097282  -0.93439054
  -0.9560991  -0.5258806  -0.12274761 -0.11809657 -0.54195046 -0.8487705
  -0.01729606 -0.2303776  -0.56419575 -0.176057   -0.56087893  0.18196318
  -0.3683664   1.4879615   1.64106    -0.555249   -0.68278086 -0.701181
   0.00303591 -0.45867747 -0.37781054  0.3927289  -0.4985117  -0.7244779
  -0.35787728 -0.60277486  0.20425878 -0.37718827 -0.24235025 -0.41326284
   0.28803143  0.25331753 -0.63147455 -0.50910693 -0.50592625 -0.35815376
  -0.36253592  0.09548824  2.246119    0.383969   -0.343498   -0.02751444
   0.1170865  -0.04931045  0.97539675  2.8704298   0.02042347 -0.3229279
  -0.6680099  -0.7245495  -0.8282368   0.05623792 -0.3301229   0.11858453
  -0.23020534 -0.24130593  0.19089778 -0.3199957  -0.43059054 -0.7782775
  -0.92166954 -0.4149555  -0.3539892  -0.6494917   0.42130363 -0.5405224
  -0.3952156   2.15599     1.278128    0.340112   -0.15192628 -0.2977533
   0.1169454   0.00478831  0.5963626  -0.3395811  -0.34903193 -0.5766639
  -0.24087584 -0.72427833 -0.37222758  1.1977353   0.5130492   0.7692547
  -0.49117246  0.44844413  0.37723228  0.9106496  -0.03628762 -0.35072213
   0.06029619  1.0682681   0.444452   -0.32540196]]