[[ 0.61115247  0.9191525   0.9728414  -0.09532969 -0.74654824 -0.9221422
  -0.7721366  -0.31180012 -0.01974875 -0.37899974 -0.5960663  -1.0448012
   0.1092473  -0.2403462  -0.6614867   1.3176638  -0.63378775  0.16877136
  -0.40669     0.92966163  2.697135   -0.42516455 -0.78512794 -0.52674043
  -0.15490365 -0.49486238 -0.34215707 -0.14365824 -0.43957046 -0.6988588
  -0.5143608  -0.6916627   0.0997816   0.35615987 -0.3327088  -0.38122612
  -0.00750922  0.3392851  -0.9107723  -0.5520413  -0.5243909  -0.25019696
  -0.44663113  2.0572467   1.5706512   0.23759663 -0.31265566 -0.36597168
   0.11462142 -0.08282318  0.7668251   2.0488262   0.11432526 -0.22356991
  -0.71599054 -0.8633909  -0.9557639  -0.02347464 -0.36745232  0.36274317
  -0.190441   -0.32752374  0.0213138  -0.39055467 -0.5192511  -0.65863156
  -0.8832683  -0.44118914 -0.41644776 -0.63970876  0.59331733 -0.61140823
  -0.45927688  1.3692648   1.1856172  -0.43982428 -0.34851274 -0.5968864
  -0.03799865  0.02780856  0.40908787 -0.3772979  -0.5629216  -0.6588743
  -0.53046113 -0.83263177 -0.43010306  0.75997865  0.4059125   0.58471626
  -0.6184694   0.60465384 -0.2209279   0.4566982   0.3910833  -0.43693757
  -0.00860929  0.916865   -0.25134256 -0.4036955 ]]