[[ 0.5471914   0.97390336  0.59096676 -0.06864069 -0.7008919  -0.86694217
  -0.80815667 -0.42212012 -0.15641233 -0.36199945 -0.54435176 -0.96473795
   0.41506302 -0.25669265 -0.6603718   0.8437873  -0.34140152  0.33413392
  -0.25227755  0.65435016  2.5454445  -0.4604843  -0.60161686 -0.54009676
  -0.03237487 -0.60290813 -0.38413644 -0.03220899 -0.34125042 -0.5875913
  -0.33310834 -0.42083848 -0.01124027  0.14903724  0.02701908 -0.37408543
   0.02437811  0.1670492  -0.8067356  -0.589289   -0.5171473  -0.34118602
  -0.39966446  1.5720071   1.2536411   0.47392175 -0.4808718  -0.39551052
  -0.23611781 -0.0972432   1.1464082   1.7736332  -0.01967608 -0.13761373
  -0.6753547  -0.77381426 -0.8878727   0.00715056 -0.33570307  0.11918346
  -0.14050345 -0.38671944 -0.04277984 -0.41073343 -0.5107517  -0.48266342
  -0.78897643 -0.4894602  -0.42821753 -0.6433833   0.42494136 -0.5411153
  -0.48459038  1.3678033   1.1748531  -0.3702537  -0.24149181 -0.49867082
   0.32588735 -0.0584336   0.51191574 -0.43207258 -0.41292045 -0.5694177
  -0.41079515 -0.7292712  -0.48983264  0.67935115 -0.17930189  0.34083936
  -0.49580204  0.48551166 -0.21454854  0.71580327  0.3771342  -0.4314511
   0.20847626  0.7191221  -0.0332321  -0.4960961 ]]