[[ 0.8709937   1.2720927  -0.17673069 -0.322445   -0.49519157 -0.79313624
  -1.2231419  -0.61139643 -0.38938597  0.07314062 -0.5918961  -1.0053308
  -0.05002325 -0.2611728  -0.7678832  -0.13057238 -0.37880653  1.5466329
  -0.3217688   0.88273466  1.9606591  -0.59923667 -0.5995755  -0.6682495
   0.6911709  -0.7652925  -0.12274631 -0.17672831 -0.34287784 -0.69014835
   0.74304646  0.32972568 -0.10495369 -0.593498   -0.28993154 -0.49927852
   0.2496708   0.17439562 -0.81671965 -0.7863909  -0.5374521  -0.44165298
  -0.42125064  1.1972848   1.3867717   0.9504735  -0.38023588  0.6308814
  -0.4950578   0.25366753  1.8901638   2.1070821  -0.40665042 -0.4449711
  -0.72862744 -0.7089537  -0.6382078   0.04571939 -0.47491202 -0.1828601
   0.06393098 -0.40706542  0.32073495 -0.665634   -0.4764581  -0.63116634
  -0.77194184 -0.7345637  -0.48815578 -0.70424354  0.14158456 -0.75256914
  -0.45994657  1.2378321   0.36604393 -0.35713348  0.02036603 -0.07113207
  -0.276721    0.13128741  0.5022315  -0.32175973 -0.30627495 -0.73641706
  -0.6402701  -0.9282129  -0.48638543  0.9951757  -0.10861867  0.9876053
  -0.58209604  0.37825555  0.01336628  1.6060541   0.10981726 -0.39664182
   0.01200242  0.58221954  0.5287679  -0.44881848]]