[[ 0.64732796  1.0762713   0.44149816 -0.02079083 -0.6328038  -0.80458266
  -0.82050514 -0.39955568 -0.10996066 -0.29432976 -0.52996075 -0.8893056
   0.39788365 -0.24355665 -0.57251966  0.42219418 -0.37848815  0.36362436
  -0.2390167   0.87516725  1.929241   -0.48428482 -0.52582484 -0.54805535
   0.02655612 -0.45663434 -0.36917683 -0.18937095 -0.34126964 -0.6320593
  -0.29814148 -0.46756512  0.03479775 -0.06408782 -0.07080388 -0.32032746
   0.1105088   0.235781   -0.796102   -0.5535502  -0.47122595 -0.30103996
  -0.4143097   0.9805767   1.5470767   0.3414788  -0.39129275 -0.35458523
  -0.08600046  0.04684079  1.0159239   2.011842    0.17244008 -0.13176823
  -0.6320305  -0.6945224  -0.77953535  0.10245376 -0.32683253  0.2110584
  -0.17186369 -0.32803154  0.01151173 -0.2939205  -0.45042214 -0.50956625
  -0.77567565 -0.39666024 -0.39657307 -0.64067024  0.10535322 -0.5106621
  -0.4334289   1.5551827   1.0062584  -0.4515592  -0.16669147 -0.48145792
   0.22001494 -0.12410516  0.6049844  -0.33475536 -0.38969585 -0.5402579
  -0.31097558 -0.7069601  -0.44401094  0.86298877  0.13466153  0.50347877
  -0.42746896  0.4071725  -0.15908892  0.4321432   0.23114431 -0.38606364
   0.16948307  0.8296492  -0.10146155 -0.40926427]]