[[ 1.5399773   0.30834323  0.48284635 -0.27640396 -0.67676246 -0.883366
  -0.6529157  -0.46604875 -0.2751784  -0.260944   -0.44088852 -0.9779157
   0.5741112  -0.29893628 -0.5790661   0.90266114  0.30633572  0.8805712
  -0.3424697   0.584649    1.5278442  -0.5512776  -0.66534436 -0.598062
   0.5852212  -0.46173614 -0.08088353  0.22216627 -0.42304215 -0.55975026
   0.17642197 -0.21955581  0.21726306 -0.09008507 -0.36203915 -0.22696258
   0.12347899  0.38889155 -0.7583331  -0.6601723  -0.44253987 -0.36906698
  -0.3966485   1.403385    1.3252829   1.6093822  -0.454197   -0.3232172
  -0.28356478  0.09341554  2.0128226   1.7755442   0.06817977 -0.23612358
  -0.5942519  -0.68356717 -0.9161672   0.28843215 -0.3842829   0.10170116
  -0.21269213 -0.47325057  0.22471961 -0.44157696 -0.46662122 -0.41451323
  -0.77823645 -0.47536707 -0.439318   -0.6076754   0.35029343 -0.6392326
  -0.4202005   1.9050905   0.9665037  -0.21858504 -0.42237112 -0.4320954
  -0.3196674  -0.19769663  0.28156346 -0.26085022 -0.46727067 -0.69818884
  -0.5799257  -0.7205813  -0.49260458  0.6905325  -0.26702622  0.48721668
  -0.44861424  0.23348902 -0.17164668  1.858545   -0.11298288 -0.34986085
  -0.10000883  1.0169795   0.6599455  -0.524586  ]]