[[ 0.70538265  1.667133   -0.11985621 -0.34439796 -0.5933755  -0.83966774
  -1.302364   -0.6000535  -0.33017626  0.02864099 -0.610823   -1.0765252
  -0.0704407  -0.21207145 -0.8333243  -0.03937475 -0.42582878  1.410747
  -0.35802606  1.0889986   2.238765   -0.5887612  -0.66219634 -0.67724335
   0.59822917 -0.860017   -0.13111801 -0.18640746 -0.3789617  -0.7101433
   0.6162613   0.305202   -0.1342915  -0.49120703 -0.21294504 -0.5173431
   0.17915072  0.21883723 -0.8520611  -0.7691458  -0.52750677 -0.4151907
  -0.38173446  1.3428626   1.4669553   0.94801015 -0.42261854  0.43856835
  -0.4425594   0.1796677   2.0813935   2.3787003  -0.4356098  -0.43555593
  -0.75713944 -0.7565209  -0.7735014   0.01756528 -0.4976977  -0.08212391
   0.16867238 -0.4275216   0.17936574 -0.71144956 -0.472588   -0.6914783
  -0.8238295  -0.7847591  -0.49369624 -0.68424565  0.19935322 -0.73996156
  -0.47864187  1.5325156   0.59435755 -0.42185056 -0.03180811 -0.08922973
  -0.16694231  0.28792453  0.39901847 -0.35906947 -0.31483224 -0.770385
  -0.60946614 -0.932909   -0.4937724   1.00734    -0.00934646  0.8836335
  -0.62259734  0.50877184 -0.0205283   1.4168239   0.2018519  -0.4059341
   0.04381933  0.56835395  0.38379702 -0.4318731 ]]