[[ 0.5538065   1.4064664  -0.0186655  -0.19275185 -0.61632687 -1.0213264
  -1.0018244  -0.82979417 -0.3603883  -0.01627492 -0.55053353 -0.9779342
   0.9360499  -0.24614151 -0.6597581   0.68184406 -0.26411468  0.9294508
  -0.420879    0.53800154  2.1519737  -0.6177889  -0.7326823  -0.67752594
   0.02914561 -0.6139787  -0.36262265 -0.26980385 -0.46452382 -0.65103215
  -0.24253604 -0.23996183 -0.27953866 -0.58015186  0.1265166  -0.4512277
   0.23646827  0.21419045 -0.7660437  -0.7583795  -0.5885082  -0.39237425
  -0.40541455  0.15795626  1.042291    0.41851348 -0.11479849 -0.2599304
  -0.4194939   0.37252206  1.3308055   1.6127827  -0.05285117 -0.36674798
  -0.36112422 -0.61197585 -0.83327734  0.11339009 -0.30809343 -0.12174136
  -0.236698   -0.3708251   0.03775918 -0.32371208 -0.51995295 -0.6008656
  -0.6218791  -0.5157887  -0.3347162  -0.8006852   0.23411886 -0.5922921
  -0.44294545  1.188789    0.8900124  -0.3759104  -0.33081466 -0.45713207
   0.29300186 -0.15560505  0.17716707  0.00710407 -0.31958473 -0.57077
  -0.28250346 -0.79915065 -0.42492935  0.52665967  0.24920462  0.21866578
  -0.57855207  0.07576767 -0.4974898   1.0254372   0.08930176 -0.34956297
   0.5359996   0.47200143 -0.08520848 -0.55998325]]