[[ 0.6657854   1.0550339   0.48366237  0.0406674  -0.63579    -0.796927
  -0.8405477  -0.43121865 -0.12640415 -0.29215598 -0.5336588  -0.8595163
   0.44656608 -0.23690069 -0.57001424  0.4161376  -0.37099886  0.42171168
  -0.25096124  0.8603492   1.868153   -0.48712096 -0.5059325  -0.550576
   0.03985258 -0.4589513  -0.34820414 -0.19505583 -0.3453524  -0.61570054
  -0.28694457 -0.46609646  0.00581793 -0.07210089 -0.01822847 -0.3074497
   0.15289956  0.13026798 -0.7869224  -0.5484931  -0.47395226 -0.31920645
  -0.4169173   1.0003508   1.5238576   0.33979625 -0.3477358  -0.35124537
  -0.21949056  0.0664157   0.9603836   1.9714522   0.2439938  -0.10384376
  -0.6316282  -0.69178313 -0.7625958   0.1426218  -0.31993446  0.25916824
  -0.2041502  -0.32394084  0.01748621 -0.2566744  -0.438893   -0.50426745
  -0.7623811  -0.3731057  -0.39719704 -0.6576482   0.09519608 -0.47477505
  -0.43293965  1.544829    1.0286674  -0.45884046 -0.17010407 -0.4784911
   0.2928278  -0.12342316  0.6040862  -0.32885015 -0.3792002  -0.5412039
  -0.2757342  -0.69672835 -0.446669    0.86493075  0.07591414  0.5445131
  -0.42009613  0.41569316 -0.14965819  0.4306486   0.23732986 -0.38683054
   0.1864677   0.8503872  -0.07665338 -0.4215945 ]]