[[ 1.3136065   0.8041579  -0.01220047 -0.29800874 -0.8304934  -1.2308173
  -0.88872874 -0.74088204 -0.26541153 -0.18332289 -0.6130967  -1.2277871
   0.39613575 -0.33092928 -0.8438504   0.56009114 -0.5921364   0.69341415
  -0.54481083  0.2628736   2.905545   -0.653433   -0.93041486 -0.6365146
  -0.30292815 -0.8184007   0.26929423 -0.21538141 -0.47355348 -1.0071738
  -0.35044587 -0.07192668 -0.25821012 -0.48750114 -0.34825933 -0.48254558
  -0.24524385  1.1286949  -1.0909646  -0.771785   -0.5958702  -0.28996825
  -0.60309577  1.6421714   0.9032358   0.26228    -0.3219745  -0.12588647
   0.060234    0.1477541   2.8281772   1.0197141  -0.14375885 -0.02075683
  -0.7362516  -0.958845   -0.8976302   1.8045971  -0.46288607  0.6501106
  -0.24160883 -0.48965737 -0.18552522 -0.5939159  -0.43879443 -0.74675256
  -0.8877952  -0.6698141  -0.35699582 -0.68655455  0.14532343 -0.9489527
  -0.55344784  0.8584584   0.3516163   0.41767472 -0.85151386 -0.47448462
  -0.17288165 -0.203817   -0.23755856 -0.16881458 -0.45321077 -0.69523484
  -0.41465807 -1.0902328  -0.4697906   0.14283665  0.5448781   1.4334815
  -0.7462841  -0.18899073 -0.5765084   1.5562018  -0.22196025 -0.49411154
   0.02157113  0.63319814 -0.3239804  -0.5440244 ]]