[[ 0.8424791   0.45352417  0.3698718  -0.1227442  -0.46751493 -0.6352368
  -0.716693   -0.37540343 -0.21462409 -0.292148   -0.34556723 -0.8652064
   0.80733097 -0.26338091 -0.48644036  0.38801312 -0.01771696  0.8928981
  -0.05548969  0.68151176  1.3214064  -0.4868305  -0.4393317  -0.5109228
   0.2580114  -0.32574388 -0.37434652 -0.19844851 -0.08028213 -0.5049409
  -0.01486949 -0.16978222  0.04095275 -0.12294477 -0.24807018 -0.22946669
   0.2582833   0.2683545  -0.7305816  -0.59809995 -0.45317262 -0.32020947
  -0.40445167  0.88733083  1.2226783   0.68915445 -0.47950056 -0.11257871
  -0.32092735  0.27119836  1.1827855   1.7912782   0.22841217  0.02653142
  -0.5654988  -0.5834399  -0.5695305   0.17988963 -0.36099833  0.21082263
  -0.12028123 -0.38933086  0.0311942  -0.33979383 -0.39179865 -0.38603553
  -0.6958583  -0.3695597  -0.43529302 -0.6302288  -0.03742699 -0.42663872
  -0.39134705  1.3859646   0.71026576 -0.48447177  0.07022974 -0.47131127
  -0.04797408 -0.2764526   0.60134655 -0.2972362  -0.42797083 -0.5612117
  -0.2866688  -0.603831   -0.46285555  0.93701684 -0.21252874  0.42398408
  -0.3107659   0.3547403  -0.16162297  0.7993435   0.02155611 -0.3513684
   0.02572626  0.8011836   0.09142401 -0.4322786 ]]