[[ 1.5549067   0.49778506 -0.15081836 -0.30300468 -0.85294074 -1.1780819
  -0.8133979  -0.6602738  -0.22633609 -0.26598862 -0.59781355 -1.1723639
   0.1345025  -0.34460074 -0.85109395  0.3053244  -0.539099    0.76640964
  -0.51856375  0.12879649  2.5383677  -0.67835575 -0.8475725  -0.56634504
  -0.29023898 -0.84170234  0.45446503 -0.2005234  -0.4448777  -1.0161022
  -0.27991077  0.02654155 -0.2214666  -0.52212024 -0.3841361  -0.4774073
  -0.30770305  1.1451042  -1.0710828  -0.71238756 -0.5632869  -0.29799885
  -0.6585551   1.8487252   0.7476691   0.2917184  -0.29990184 -0.08250062
  -0.11263758  0.07017627  3.0031025   0.7742305  -0.26104823  0.03693663
  -0.8476717  -0.9709799  -0.75509965  2.1981254  -0.46522602  0.7135543
  -0.16094284 -0.52127737 -0.23229837 -0.6706405  -0.38224822 -0.69477224
  -0.8860106  -0.71406794 -0.3871167  -0.6378434  -0.07810122 -0.9458185
  -0.5736331   0.9239789   0.21258089  0.66584766 -0.87474674 -0.40302682
  -0.21851757 -0.2719852  -0.24536844 -0.2577125  -0.38952625 -0.6678152
  -0.44892904 -1.0917921  -0.50231785  0.0820316   0.2858875   1.8403465
  -0.69457734 -0.2568185  -0.56854177  1.670732   -0.36140248 -0.51708347
  -0.12167639  0.6755986  -0.29715157 -0.50065005]]