[[ 0.77229714  0.83516914  0.37210405 -0.02801297 -0.602522   -0.9125051
  -0.8479499  -0.46338132 -0.14871952 -0.17875874 -0.4178822  -0.97192395
   0.40888438 -0.31616247 -0.6870067   0.30145928 -0.53191197  0.8265065
  -0.3847956   0.6946779   2.5095718  -0.5252249  -0.7758012  -0.6535495
   0.01162679 -0.5533783  -0.21542591 -0.0172901  -0.41624498 -0.71978164
  -0.38303494 -0.36422858  0.09326091 -0.30421603 -0.32962644 -0.41735417
   0.5020648   0.54221106 -0.8756854  -0.5568915  -0.5458634   0.04606489
  -0.458754    1.2914537   1.1882777   0.7993708  -0.28984305  0.04587005
   0.32756954 -0.03268142  1.9885516   1.5235548   0.02823868  0.11050862
  -0.4518028  -0.65846205 -0.76518124  0.57447475 -0.30342045  0.34872964
  -0.19046076 -0.15870754 -0.14621596 -0.40180406 -0.46396008 -0.60768723
  -0.96562254 -0.5705149  -0.43676487 -0.60618395  0.45009068 -0.6927134
  -0.5110829   0.9258807   0.6633218  -0.16060439 -0.5634026  -0.4520123
  -0.23044959 -0.06147495  0.05938131 -0.3917452  -0.45933688 -0.65177095
  -0.4880429  -0.81091255 -0.46608427  0.31583843  0.6560985   0.3842864
  -0.6307762   0.17854516 -0.22310814  0.9382409   0.12554885 -0.35259455
   0.06306332  0.5838978  -0.08717618 -0.38464925]]