[[ 5.5243635e-01  9.9799913e-01  6.3181603e-01 -1.4335720e-02
  -6.8641472e-01 -8.6378032e-01 -8.1023961e-01 -4.3407276e-01
  -1.5827820e-01 -3.5818577e-01 -5.4270709e-01 -9.6587873e-01
   4.5257390e-01 -2.6157200e-01 -6.6163194e-01  7.3794538e-01
  -3.8121590e-01  2.8163239e-01 -2.7762833e-01  6.6099101e-01
   2.5361242e+00 -4.6318677e-01 -6.2057823e-01 -5.5668557e-01
  -5.2440368e-02 -5.8823407e-01 -3.8286108e-01 -7.3039137e-02
  -3.6258319e-01 -6.1493194e-01 -3.4771848e-01 -4.3063009e-01
  -2.3380598e-02  9.6164182e-02 -1.9669399e-02 -3.7842497e-01
  -1.7054332e-04  2.4737664e-01 -8.3041364e-01 -5.9054250e-01
  -5.1558071e-01 -3.2625630e-01 -4.1065022e-01  1.4470916e+00
   1.3140609e+00  4.2533430e-01 -4.7603044e-01 -3.8684955e-01
  -1.1852981e-01 -1.0903108e-01  1.2320887e+00  1.7509309e+00
   9.7771518e-02 -8.4218673e-02 -6.7015910e-01 -7.7964443e-01
  -8.8419664e-01  9.5399871e-02 -3.4487462e-01  2.3383094e-01
  -1.6275576e-01 -3.7653393e-01 -6.0177080e-02 -3.4047544e-01
  -4.9963644e-01 -4.9861708e-01 -8.0482435e-01 -4.4265854e-01
  -4.2035642e-01 -6.4627802e-01  3.5989222e-01 -5.5517256e-01
  -4.8241284e-01  1.3331010e+00  1.0886471e+00 -3.8176629e-01
  -2.9088813e-01 -5.0608259e-01  2.7196440e-01 -7.3184147e-02
   4.6725121e-01 -4.2985263e-01 -4.3229303e-01 -5.7183474e-01
  -3.6895344e-01 -7.3992378e-01 -4.8185024e-01  6.4681083e-01
  -8.1700049e-03  3.1574914e-01 -5.0562423e-01  4.3160146e-01
  -2.2029649e-01  6.4374477e-01  3.6697689e-01 -4.2806265e-01
   1.8144119e-01  7.1101397e-01 -6.3383095e-02 -4.8995078e-01]]