[[ 0.6967014   1.2568637   0.14109536 -0.08760195 -0.62425447 -0.87788814
  -0.9760669  -0.47191736 -0.24112305 -0.13376227 -0.52560526 -0.9995635
   0.33919027 -0.27033073 -0.70711875  0.02673104 -0.48623216  0.8476986
  -0.30642852  0.85314536  2.4051726  -0.49662545 -0.71030843 -0.6730683
   0.02693886 -0.58504045 -0.3343636  -0.15053342 -0.36816382 -0.70986587
  -0.335189   -0.32435662  0.12053064 -0.3405752  -0.01210334 -0.38976815
   0.52287865  0.37519887 -0.80432993 -0.62375724 -0.5594389  -0.05078225
  -0.44106582  0.9909678   1.3188666   0.6902548  -0.3258116   0.00390544
   0.1951234  -0.01863243  1.824081    1.9260384   0.01797137  0.22505546
  -0.7531132  -0.8268453  -0.7968517   0.19797774 -0.38029405  0.31127766
  -0.24336606 -0.33979884 -0.05732189 -0.4054136  -0.48380554 -0.63535863
  -0.92574906 -0.5186655  -0.429387   -0.64020157  0.4628487  -0.60726786
  -0.48913524  1.2575217   0.85459125 -0.19733931 -0.40832883 -0.4169612
   0.2049336  -0.11240891  0.15441427 -0.4243536  -0.41420335 -0.6270172
  -0.3685586  -0.78356177 -0.45149875  0.54585654  0.4205894   0.325125
  -0.56268495  0.3016787  -0.12702295  0.71325797  0.2021576  -0.34026113
   0.34705386  0.6493414   0.00592214 -0.3292955 ]]