[[ 0.8844562   0.4326165   0.421459   -0.10018831 -0.47293317 -0.6430671
  -0.7155387  -0.3803476  -0.21963474 -0.29219255 -0.34361738 -0.8855467
   0.9056852  -0.2673058  -0.4946547   0.44176355  0.00845424  0.98872745
  -0.05327011  0.63979757  1.4604322  -0.49037382 -0.45279992 -0.52001584
   0.28593466 -0.32108554 -0.36607912 -0.17548093 -0.0646733  -0.50532377
   0.01252584 -0.13548318  0.03924755 -0.1112808  -0.22811545 -0.2153504
   0.31650636  0.32144403 -0.7463573  -0.61858773 -0.46295106 -0.3173311
  -0.40797478  0.99140495  1.1393301   0.76137096 -0.4777565  -0.07907477
  -0.30796584  0.30575356  1.3105091   1.7136394   0.2816932   0.06549805
  -0.5781499  -0.6028762  -0.5691398   0.22184536 -0.36910403  0.2537655
  -0.12219226 -0.4009344   0.02152095 -0.34073132 -0.40148175 -0.38642725
  -0.7068263  -0.35492924 -0.44235247 -0.6395324   0.01122133 -0.43507153
  -0.39996746  1.3232342   0.7119629  -0.47564957  0.04910392 -0.4826213
  -0.03187695 -0.27254438  0.5797221  -0.2813968  -0.4415369  -0.5791407
  -0.29122892 -0.61577773 -0.47250742  0.899876   -0.20449631  0.41515124
  -0.32435033  0.35717964 -0.15457392  0.89166594  0.05067086 -0.34800136
   0.05001236  0.78055656  0.13438979 -0.4358642 ]]