[[ 7.56942809e-01  8.48300219e-01  2.90509135e-01 -1.32395878e-01
  -5.81739128e-01 -8.60498667e-01 -8.76909614e-01 -4.50909823e-01
  -1.15118846e-01 -2.12975532e-01 -4.75064874e-01 -9.84358668e-01
   4.46284950e-01 -2.81708926e-01 -6.01244807e-01  2.35316470e-01
  -5.14249206e-01  6.04819059e-01 -3.23977709e-01  8.23953867e-01
   2.25752282e+00 -5.08308172e-01 -7.24407732e-01 -6.75308883e-01
   8.88954774e-02 -5.12667954e-01 -3.76806885e-01 -1.04466621e-02
  -3.57153296e-01 -7.15205073e-01 -3.53303492e-01 -3.49359661e-01
   1.25948161e-01 -3.54487777e-01 -3.45785081e-01 -4.24752772e-01
   3.20570737e-01  5.40291429e-01 -8.34049761e-01 -6.43090785e-01
  -5.55517375e-01  1.19344279e-01 -4.33730096e-01  7.39656031e-01
   1.59094131e+00  5.35091579e-01 -2.61371821e-01 -4.23623584e-02
   3.02498847e-01 -7.25083402e-04  1.62561822e+00  1.79556811e+00
   1.07068628e-01  2.61659890e-01 -2.85926431e-01 -5.67795575e-01
  -7.51248121e-01  2.92882949e-01 -2.68669695e-01  4.26857471e-01
  -2.17615038e-01 -2.74288803e-01 -3.70828584e-02 -3.06539088e-01
  -4.60818648e-01 -6.03808403e-01 -9.18905139e-01 -4.60116863e-01
  -3.93762499e-01 -5.96007049e-01  4.89541233e-01 -6.44224584e-01
  -4.64859962e-01  1.20700622e+00  7.58799314e-01 -2.33779371e-01
  -4.74904507e-01 -4.45111692e-01 -1.55006841e-01 -1.08491272e-01
   2.12350920e-01 -3.39361966e-01 -4.65823114e-01 -6.27925336e-01
  -4.20606613e-01 -7.77333736e-01 -4.34478819e-01  5.44592977e-01
   4.97059971e-01  3.50036830e-01 -5.67155480e-01  1.97572380e-01
  -1.53054073e-01  8.21070969e-01  1.66120261e-01 -3.40579927e-01
   8.27523023e-02  7.22819984e-01 -1.20455995e-02 -3.48368227e-01]]