[[ 6.46758080e-01  8.57688308e-01  6.24970555e-01 -1.08022615e-01
  -6.76893771e-01 -8.61284018e-01 -7.92035401e-01 -3.52170885e-01
  -5.28993383e-02 -3.13922912e-01 -5.61532676e-01 -9.58496273e-01
   1.49994865e-01 -2.38956973e-01 -5.66951752e-01  8.25914323e-01
  -5.74297667e-01  3.51646721e-01 -3.28540832e-01  9.97200131e-01
   2.04990935e+00 -4.72245187e-01 -6.27254188e-01 -5.57255447e-01
  -2.45187376e-02 -3.83239269e-01 -3.45358759e-01 -1.28794581e-01
  -4.03438926e-01 -6.92210138e-01 -4.05581862e-01 -6.63208127e-01
   7.45441094e-02  8.42810124e-02 -3.38972986e-01 -3.27264190e-01
   1.55608192e-01  2.58244485e-01 -8.31819534e-01 -5.42800069e-01
  -5.00817895e-01 -2.93534786e-01 -4.55110043e-01  1.40822482e+00
   1.59643519e+00  2.49054939e-01 -2.91839510e-01 -3.36365998e-01
   5.30621000e-02  8.30789134e-02  7.84296453e-01  2.10579848e+00
   1.47753596e-01 -2.75953472e-01 -6.64774418e-01 -7.72258043e-01
  -8.32811773e-01 -1.17783910e-02 -3.32902372e-01  2.39797696e-01
  -2.07725093e-01 -3.00869554e-01  2.57975124e-02 -3.82803798e-01
  -4.79791522e-01 -6.06504917e-01 -8.33419681e-01 -4.43498105e-01
  -4.09603119e-01 -6.56813681e-01  3.57027918e-01 -5.72653830e-01
  -4.32332397e-01  1.45147979e+00  1.00909448e+00 -3.55705261e-01
  -2.31096447e-01 -5.24323344e-01 -4.77316082e-02 -3.79794687e-02
   5.95882595e-01 -3.24739724e-01 -4.75142270e-01 -5.93186915e-01
  -4.21717644e-01 -7.85290122e-01 -4.21608299e-01  8.12287450e-01
   4.05157983e-01  7.08462179e-01 -4.99164015e-01  4.65526372e-01
  -6.59384504e-02  4.51404095e-01  1.77920699e-01 -4.09616619e-01
  -2.09828047e-03  8.74274492e-01 -1.41034439e-01 -3.60925943e-01]]