[[ 8.24124813e-01  6.27773762e-01  8.90714169e-01 -9.52651575e-02
  -7.29855180e-01 -8.52836788e-01 -7.17350602e-01 -4.21620786e-01
  -2.01355934e-01 -3.78204137e-01 -4.63940501e-01 -1.03086042e+00
   5.58468103e-01 -2.77286172e-01 -6.90374196e-01  1.14042699e+00
  -1.10815503e-01  5.52393556e-01 -3.21520656e-01  6.91201627e-01
   2.60829020e+00 -4.42056626e-01 -8.17533791e-01 -5.48232079e-01
   1.00460574e-01 -5.84347069e-01 -3.74834329e-01 -1.22083407e-02
  -3.22115302e-01 -5.50288618e-01 -2.36321166e-01 -4.00840402e-01
   1.06235862e-01  2.89220840e-01 -1.55297667e-01 -3.52283776e-01
  -3.33820470e-02  3.74958813e-01 -8.47937882e-01 -6.17099881e-01
  -5.14199018e-01 -2.88281769e-01 -3.76094490e-01  1.88263202e+00
   1.28082776e+00  1.04559553e+00 -5.13764262e-01 -4.36431587e-01
  -1.76974222e-01 -1.27351165e-01  1.63869488e+00  1.76772726e+00
   1.23509690e-01 -2.09453749e-04 -6.73353195e-01 -8.06234956e-01
  -1.01562154e+00  9.75765064e-02 -3.91548187e-01  3.48974317e-01
  -2.19441950e-01 -4.28520650e-01  7.10869581e-02 -4.09897625e-01
  -4.84920919e-01 -5.47007978e-01 -8.25531185e-01 -4.24786031e-01
  -4.31869149e-01 -6.02420330e-01  5.46096683e-01 -5.55692911e-01
  -4.48931009e-01  1.38047445e+00  1.03614819e+00 -4.35788482e-01
  -4.34795231e-01 -5.48990488e-01  5.54544218e-02  3.80935520e-02
   2.53011823e-01 -3.96439910e-01 -5.35182357e-01 -7.03323901e-01
  -5.16515613e-01 -7.14629412e-01 -4.72990602e-01  5.53933322e-01
  -2.74265438e-01  1.67183056e-01 -5.58646500e-01  4.95022207e-01
  -3.07145953e-01  1.13896275e+00  3.09424162e-01 -3.72575939e-01
  -3.29835294e-03  8.64156067e-01  1.94433153e-01 -5.25845706e-01]]