[[ 0.8697859   0.94099325  0.5820466  -0.07942791 -0.6804319  -0.8590503
  -0.791346   -0.43379807 -0.17694025 -0.23680188 -0.49573147 -0.9761152
   0.48840204 -0.27107912 -0.674001    0.5748113  -0.2127314   0.70990336
  -0.34378636  0.8044911   2.2606575  -0.5014499  -0.76803464 -0.58615005
   0.10526399 -0.55957496 -0.32090914  0.07613236 -0.39020205 -0.6092224
  -0.21568199 -0.3948185   0.09126423 -0.03666853 -0.14446847 -0.3790834
   0.29285592  0.4529701  -0.7742349  -0.6112659  -0.4886353  -0.28410453
  -0.41071543  1.3674487   1.2138771   1.0095406  -0.41949156 -0.25269255
  -0.03559572 -0.07899699  1.7566272   1.8307662   0.13166317 -0.03768592
  -0.702218   -0.7817482  -0.8624226   0.15941982 -0.40394124  0.32954502
  -0.20526041 -0.3855      0.03449007 -0.36322138 -0.46029055 -0.57472545
  -0.83404684 -0.4024933  -0.43306643 -0.6101434   0.35845405 -0.5878954
  -0.4642388   1.3931564   1.0397933  -0.23845133 -0.46168014 -0.45408648
   0.03504946 -0.06057078  0.16998196 -0.34873265 -0.44150978 -0.6844009
  -0.45347998 -0.735347   -0.47218746  0.5494446   0.08539577  0.30686152
  -0.55196404  0.37780577 -0.14078115  1.0509559   0.21779309 -0.3417143
   0.07043444  0.8107652   0.28243595 -0.44924155]]