[[ 0.78395593  0.8001913   0.3650822  -0.09964037 -0.58888805 -0.86608434
  -0.86232704 -0.4543729  -0.16225411 -0.20605099 -0.469186   -0.9752898
   0.5449118  -0.28296846 -0.59141487  0.3072082  -0.49392885  0.581269
  -0.30898213  0.89085275  2.3142953  -0.49705663 -0.720681   -0.69986343
   0.08770901 -0.5620103  -0.41841212  0.02078428 -0.34757945 -0.6854274
  -0.35909227 -0.33183306  0.16500424 -0.31228247 -0.34203985 -0.4259177
   0.31371355  0.39898205 -0.8464795  -0.6358814  -0.56464225  0.13688123
  -0.40614194  0.8421887   1.7471825   0.6239455  -0.37207872 -0.09152868
   0.20150898 -0.0097916   1.6437069   1.964171    0.17670593  0.34854537
  -0.2240828  -0.5363462  -0.8520341   0.3161954  -0.2749336   0.49001297
  -0.21824208 -0.2709973   0.01721656 -0.2538813  -0.472857   -0.576495
  -0.91848314 -0.43408784 -0.39308217 -0.5792297   0.58528906 -0.64198333
  -0.4546612   1.3085151   0.9046589  -0.22667933 -0.45518762 -0.4394397
  -0.15121135 -0.0959058   0.27490032 -0.3497713  -0.47302723 -0.63410693
  -0.4621316  -0.7498221  -0.44263595  0.64908344  0.23897761  0.29835793
  -0.55668557  0.25083134 -0.14054921  0.9130196   0.2188224  -0.3440739
   0.11916963  0.8309042   0.01096449 -0.42226532]]