[[ 0.66405153  0.90370756  0.6020872  -0.04192466 -0.61518395 -0.80826503
  -0.84267014 -0.45586896 -0.2320547  -0.1645557  -0.50953496 -0.92451906
   0.5824884  -0.25966924 -0.65979636  0.63828063 -0.12634386  0.9885027
  -0.30802613  0.6056447   2.199258   -0.48642352 -0.66376215 -0.52823275
   0.16171315 -0.5602968  -0.34062722 -0.13193114 -0.34611413 -0.55582464
  -0.15026326 -0.32474446 -0.1141552   0.02613399 -0.04530478 -0.30440477
   0.39726555  0.21937178 -0.80598235 -0.6115821  -0.46868628 -0.32773393
  -0.40784824  1.5441362   0.83360434  0.92638665 -0.4958813  -0.2505041
  -0.30422622  0.06254294  1.5598124   1.5841831   0.13555086 -0.03245107
  -0.69156104 -0.7453921  -0.80386573  0.12319817 -0.39039436  0.20946707
  -0.17795803 -0.38118592 -0.07225425 -0.35104528 -0.45009297 -0.48703378
  -0.78377813 -0.44949067 -0.45791727 -0.6461994   0.19132933 -0.52599
  -0.46417892  1.1273603   0.9410573  -0.5095656  -0.273207   -0.4809009
   0.12998098 -0.16389816  0.19369599 -0.4151948  -0.42610118 -0.6465557
  -0.38609853 -0.6754983  -0.5084673   0.56019217 -0.05824067  0.16216956
  -0.49112925  0.4193995  -0.24309428  0.8143534   0.29375327 -0.38196206
   0.19194198  0.67961365  0.00604099 -0.5252269 ]]