[[ 0.8218416   0.8947581   0.6387994  -0.04125538 -0.67950034 -0.8090311
  -0.77656186 -0.45442998 -0.20609745 -0.34603643 -0.4877315  -0.94985116
   0.62234527 -0.25937444 -0.6261043   0.754803   -0.09089522  0.54720247
  -0.27301082  0.5926604   2.3179061  -0.4677527  -0.70757586 -0.5290987
   0.15097412 -0.5544113  -0.37227672 -0.1070107  -0.30248243 -0.5689041
  -0.16456734 -0.33426446 -0.02659405  0.08469111  0.02927841 -0.3070507
   0.02069025  0.3165457  -0.80117875 -0.59728026 -0.4869036  -0.32950357
  -0.38802063  1.440116    1.1859305   0.82189184 -0.50318414 -0.43377307
  -0.25152013 -0.04469882  1.5389807   1.6021492   0.15516792 -0.0255821
  -0.6350027  -0.74299    -0.90383327  0.11173455 -0.37191686  0.24933927
  -0.24527691 -0.40520248  0.00621153 -0.35779825 -0.4506905  -0.48900798
  -0.7670371  -0.38448206 -0.41504002 -0.6300858   0.25909472 -0.51303643
  -0.44387576  1.4084677   1.0540636  -0.48639512 -0.39990342 -0.49927443
   0.24849054 -0.1208902   0.30230406 -0.36268798 -0.43653816 -0.63678455
  -0.3658789  -0.70112324 -0.4836941   0.6524288  -0.19640867  0.23584864
  -0.4821223   0.40107948 -0.27251208  0.900299    0.29880068 -0.3664615
   0.17114496  0.7832063   0.05429703 -0.5171012 ]]