[[ 0.95646363  0.86360896  0.43257526 -0.07882135 -0.6051171  -0.8468724
  -0.79947937 -0.47777036 -0.05791371 -0.20726083 -0.43928283 -0.9293094
   0.5996019  -0.28090104 -0.58627516  0.4460096  -0.22790745  0.6358105
  -0.3271762   0.880427    1.9148825  -0.55738586 -0.7345549  -0.6400704
   0.23948728 -0.50403136 -0.38362557  0.14846674 -0.37709504 -0.6512207
  -0.17646773 -0.37137637  0.12234148 -0.33651745 -0.29263377 -0.42412084
   0.24173269  0.63915926 -0.7955335  -0.65075314 -0.48410413 -0.1146033
  -0.41602245  0.65471554  1.593231    0.89967245 -0.3330965  -0.26855773
   0.10877002 -0.07178203  1.7152047   1.9420162   0.21060452 -0.0059823
  -0.06930814 -0.3638188  -0.7754248   0.30028683 -0.29619697  0.38409024
  -0.1987871  -0.23676679  0.0777349  -0.24107294 -0.43869188 -0.5879821
  -0.85086757 -0.35608566 -0.39977443 -0.60759133  0.16523725 -0.5970195
  -0.4178703   1.5023527   0.9293733  -0.25002688 -0.4675077  -0.44339895
  -0.1186368  -0.06848952  0.24016277 -0.2658821  -0.43578073 -0.67603844
  -0.40018082 -0.7434702  -0.4627504   0.622216    0.24354526  0.3937404
  -0.52446693  0.20910652 -0.19289558  1.0881507   0.20238875 -0.32459724
  -0.01894563  0.91528934  0.23802407 -0.39885598]]