[[ 1.0970844   0.60368335  0.71848273 -0.06764194 -0.7320076  -0.868835
  -0.7144465  -0.44595328 -0.18436621 -0.38461334 -0.48066142 -1.0239651
   0.594967   -0.2875001  -0.684933    0.8553115  -0.09632392  0.60756654
  -0.3217175   0.44553804  2.5022328  -0.48455185 -0.79439735 -0.5231004
   0.12292312 -0.6163287  -0.21115607 -0.04123588 -0.30831054 -0.6302838
  -0.14454556 -0.23690069 -0.02479643  0.11653318 -0.14039105 -0.3435252
  -0.09766001  0.57028204 -0.8793729  -0.6140397  -0.502919   -0.2907922
  -0.43929678  1.8695196   1.0904644   0.915501   -0.48522174 -0.3864419
  -0.17860027 -0.11609431  1.9898219   1.3480637   0.13932489  0.09183694
  -0.71970105 -0.83353513 -0.89121276  0.5647128  -0.3948565   0.46132994
  -0.24123722 -0.45260018 -0.04813206 -0.4001602  -0.43060938 -0.50256616
  -0.8187745  -0.41174725 -0.42799228 -0.59934855  0.3085813  -0.6153752
  -0.4884563   1.2824532   0.90770113 -0.23841712 -0.57292163 -0.4837568
   0.04951287 -0.14647816  0.14397071 -0.3965069  -0.4745679  -0.68511623
  -0.44344407 -0.78027356 -0.5040986   0.48782253 -0.20382947  0.5051265
  -0.5535869   0.32101035 -0.3274632   1.2190149   0.1956133  -0.40308678
  -0.01185226  0.82320297  0.07799382 -0.5217561 ]]