[[ 5.9665686e-01  8.4128618e-01  7.3112410e-01  7.4529275e-04
  -6.8102866e-01 -8.5916567e-01 -7.7010220e-01 -4.0338409e-01
  -1.2192204e-01 -3.6603412e-01 -5.2232403e-01 -9.6758544e-01
   4.4530085e-01 -2.6929888e-01 -6.6324353e-01  7.7302247e-01
  -3.9369521e-01  3.1169370e-01 -2.9507589e-01  6.2080020e-01
   2.4576252e+00 -4.6364096e-01 -6.3326168e-01 -5.4684556e-01
  -5.7929672e-02 -5.5553502e-01 -3.4820625e-01 -4.8104562e-02
  -3.6282992e-01 -6.2292576e-01 -3.5061377e-01 -4.3341532e-01
  -6.3320138e-03  9.7624421e-02 -1.4002448e-01 -3.8895515e-01
  -5.8159437e-03  3.3047795e-01 -8.3141875e-01 -5.8901191e-01
  -5.0811464e-01 -2.8156000e-01 -4.2667821e-01  1.4867965e+00
   1.3254839e+00  4.0608862e-01 -3.9314771e-01 -3.2537329e-01
  -5.5874519e-02 -1.2525353e-01  1.2124335e+00  1.6528274e+00
   1.6105548e-01 -3.0007118e-02 -6.8510312e-01 -7.8354049e-01
  -8.4245992e-01  1.8072407e-01 -3.4562889e-01  3.5142052e-01
  -1.5606298e-01 -3.7576109e-01 -8.1014268e-02 -2.9746163e-01
  -4.8682749e-01 -5.3428012e-01 -8.2577634e-01 -4.1203985e-01
  -4.2376095e-01 -6.3405585e-01  3.8439080e-01 -5.6380355e-01
  -4.9027517e-01  1.2532413e+00  9.9668789e-01 -3.3523700e-01
  -3.2943282e-01 -5.1118165e-01  1.2966609e-01 -9.1759190e-02
   3.7598634e-01 -4.2697081e-01 -4.7111887e-01 -5.9268183e-01
  -3.9539850e-01 -7.4872708e-01 -4.7127905e-01  5.8777618e-01
   9.3100376e-02  3.6418229e-01 -5.2810377e-01  4.0613791e-01
  -2.2348316e-01  6.7144817e-01  3.1792644e-01 -4.2454487e-01
   7.2498567e-02  7.1898645e-01 -4.1616976e-02 -4.4109875e-01]]