[[ 1.4546069   0.36177608  0.36719653 -0.29335842 -0.65359443 -0.87823546
  -0.67492855 -0.47704366 -0.3038402  -0.24080767 -0.42861596 -0.9694979
   0.6064155  -0.2985668  -0.5640302   0.7797192   0.27294332  0.9164172
  -0.3070251   0.6342299   1.406211   -0.5621958  -0.6238891  -0.609557
   0.55962896 -0.43522424 -0.04472102  0.18577798 -0.40079007 -0.57206845
   0.18603407 -0.15886101  0.19259135 -0.1800016  -0.36805114 -0.20064235
   0.16216093  0.38838616 -0.75111973 -0.6632055  -0.4456155  -0.39018652
  -0.401146    1.287336    1.3644685   1.5006274  -0.45464602 -0.28533578
  -0.27599105  0.15928082  1.9746423   1.8500266   0.06622384 -0.2680189
  -0.57994974 -0.66251343 -0.89506173  0.30204737 -0.40604633  0.06251826
  -0.21503092 -0.4587347   0.22252926 -0.45214224 -0.46144977 -0.3974235
  -0.7645592  -0.49750704 -0.43453336 -0.6167364   0.2808883  -0.6424902
  -0.41362512  1.8844218   0.91917557 -0.20078793 -0.373443   -0.41792607
  -0.31319004 -0.20301811  0.34822014 -0.23962812 -0.4435593  -0.677842
  -0.54398435 -0.72278845 -0.48178095  0.7278263  -0.18355931  0.5193047
  -0.42707384  0.19480418 -0.14261572  1.7822448  -0.17644954 -0.34980825
  -0.08377811  0.9999508   0.6197522  -0.51457673]]