[[ 0.63163334  0.76102644  0.74860924 -0.08030989 -0.62349534 -0.8083735
  -0.77063924 -0.39927444 -0.17797887 -0.35421363 -0.47925425 -0.99015236
   0.605386   -0.2625623  -0.63072383  0.94411516 -0.2651239   0.5827365
  -0.27331758  0.6175429   2.5389247  -0.44861093 -0.7056704  -0.5291813
   0.03107936 -0.50353783 -0.37501958 -0.08955616 -0.25852787 -0.5803354
  -0.25712237 -0.34613192 -0.01030883  0.19324465 -0.12786861 -0.30429292
   0.12659895  0.31748354 -0.83618677 -0.6182484  -0.50758183 -0.2977544
  -0.4067814   1.6677138   1.0850712   0.5813964  -0.49859554 -0.1869672
  -0.15186785  0.05415482  1.2880301   1.627718    0.1599972  -0.01927059
  -0.6592594  -0.7634859  -0.8313613   0.09894843 -0.37644854  0.2805136
  -0.16197814 -0.3875776  -0.04241093 -0.39418143 -0.47963107 -0.53523296
  -0.8121867  -0.41395384 -0.43312705 -0.6404865   0.42218733 -0.51971114
  -0.45355704  1.1769292   1.0114207  -0.47044355 -0.23755924 -0.5498773
   0.11411255 -0.09942066  0.3206638  -0.3672102  -0.5102916  -0.6360001
  -0.40488002 -0.71218103 -0.4757552   0.681638   -0.03266611  0.24327818
  -0.50569916  0.49376562 -0.22344184  0.79521084  0.3785052  -0.39627147
   0.13866699  0.7061052  -0.03920476 -0.5016255 ]]