[[ 0.52169955  0.91323614  0.64153725 -0.05370171 -0.6180188  -0.7980766
  -0.8034217  -0.42448574 -0.1883573  -0.36562327 -0.5043906  -0.96164906
   0.579044   -0.25936842 -0.6454277   0.8017807  -0.27745044  0.520227
  -0.286144    0.5227361   2.548492   -0.45813563 -0.6956326  -0.5200066
  -0.00293138 -0.5415085  -0.37275404 -0.10778418 -0.2921475  -0.573652
  -0.27133057 -0.35007292 -0.07946541  0.12122019  0.03261947 -0.31961936
   0.12125456  0.24320339 -0.8081115  -0.61521685 -0.5029775  -0.32189184
  -0.41090536  1.5260806   0.9213656   0.50706905 -0.49852258 -0.20196413
  -0.21192205  0.00716612  1.2906933   1.4826423   0.10550909 -0.05134149
  -0.6482645  -0.7477525  -0.78437644  0.056021   -0.37204134  0.19769156
  -0.17277375 -0.38963792 -0.08650916 -0.40671787 -0.47569057 -0.48895064
  -0.77398187 -0.43208668 -0.43335292 -0.6459892   0.33119154 -0.49475688
  -0.46256468  1.1008033   0.99796534 -0.49230763 -0.27889106 -0.5329347
   0.29339352 -0.09669142  0.3071874  -0.38862342 -0.4473008  -0.6057622
  -0.35473937 -0.70628005 -0.4889326   0.5819453  -0.0653607   0.17766474
  -0.4924509   0.4419608  -0.24269822  0.6975599   0.4367379  -0.40399697
   0.2569714   0.59443    -0.06611127 -0.50812227]]