[[ 0.9883849   0.51810116  0.90848947  0.22137092 -0.77177143 -0.91063404
  -0.81995034 -0.35900584 -0.10083253 -0.40463722 -0.59667844 -1.0242624
   0.16519213 -0.2700074  -0.7512195   1.1419656  -0.39923048  0.4057839
  -0.40754074  0.6890762   2.4227834  -0.44066653 -0.76725537 -0.55712557
   0.03521921 -0.58297646 -0.33722535 -0.11255191 -0.44005615 -0.6796406
  -0.30823645 -0.66047764  0.20099077  0.21277979 -0.2500986  -0.37821093
   0.2728811   0.31733823 -0.85790265 -0.6268631  -0.54867697 -0.35535526
  -0.45864278  1.8990705   1.2277532   0.86815846 -0.33614787 -0.3854104
  -0.09951285 -0.16423166  1.4729619   1.7678047   0.15938511 -0.16562492
  -0.73014104 -0.87426996 -0.9787375   0.06216957 -0.4003942   0.38061553
  -0.25633186 -0.34754556  0.01430671 -0.39927185 -0.5291819  -0.6445603
  -0.94053155 -0.46960032 -0.44757995 -0.7180884   0.45200512 -0.6321321
  -0.49316162  1.2017233   0.96327823 -0.37388656 -0.5523554  -0.5412971
  -0.02257029 -0.06365258  0.04113505 -0.41299555 -0.5119288  -0.6990608
  -0.4589614  -0.86728954 -0.50793666  0.48630685  0.219351    0.8783201
  -0.59459704  0.49260327 -0.29214558  1.1197364   0.26746756 -0.45699793
   0.03228934  0.9226392   0.01471869 -0.44802654]]