[[ 1.0095737   0.41464522  0.06742407 -0.24126484 -0.55639863 -0.8150955
  -0.6999837  -0.47929162 -0.28331313 -0.201703   -0.37284663 -0.90444636
   0.68996435 -0.31272936 -0.486227    0.32953715 -0.08111502  0.84676415
  -0.2056691   0.7082438   1.0153183  -0.5976233  -0.45830807 -0.6347799
   0.4045977  -0.321166    0.05280239  0.04900939 -0.32646394 -0.625238
   0.08465088 -0.01494455  0.14208394 -0.4915504  -0.4112628  -0.13329974
   0.27763063  0.28998816 -0.71751994 -0.6395071  -0.4592183  -0.39474583
  -0.45661142  0.8662412   1.3564718   0.73030436 -0.3420046  -0.11297808
  -0.13573624  0.34343842  1.4878261   1.8163698   0.18976489 -0.30028212
  -0.51922756 -0.5751365  -0.73231465  0.4906752  -0.33883685  0.06902086
  -0.23423304 -0.37607607  0.13247482 -0.40906247 -0.4366589  -0.3541216
  -0.7120645  -0.49375093 -0.4180972  -0.6142581   0.05456505 -0.61681503
  -0.39480957  1.5499939   0.6125062  -0.10068211 -0.26982585 -0.406484
  -0.27769697 -0.18495     0.50175655 -0.17487167 -0.37219065 -0.56273806
  -0.40015677 -0.72375983 -0.44073173  0.66452694  0.09525426  0.67151165
  -0.3561127   0.02302622 -0.03182566  1.1817968  -0.326587   -0.3625433
  -0.0370789   0.854501    0.35553813 -0.37940818]]