[[ 0.7499103   1.1978836   0.4079129  -0.02613969 -0.65949506 -0.85475093
  -0.9315008  -0.4871885  -0.2051874  -0.2807533  -0.53848195 -0.9449622
   0.49981755 -0.2370291  -0.6529796   0.38768867 -0.2973427   0.530628
  -0.18784758  0.84142977  2.098189   -0.4914555  -0.4891891  -0.6029466
   0.08642951 -0.56835073 -0.34944814 -0.163127   -0.31472865 -0.64244366
  -0.23351285 -0.3451401   0.01242275 -0.09193257  0.03112214 -0.35595575
   0.15323141  0.22498354 -0.82352924 -0.59402335 -0.50701576 -0.37306368
  -0.40935823  1.1108378   1.6077586   0.54556656 -0.37978142 -0.35809684
  -0.28319725  0.00571571  1.3434913   2.161283    0.12886757 -0.08511349
  -0.6762906  -0.7533856  -0.8180888   0.15470366 -0.3470879   0.21566077
  -0.17652574 -0.36633945  0.01851102 -0.30523637 -0.4873616  -0.51940256
  -0.8134929  -0.46412337 -0.41457236 -0.7072145   0.13059302 -0.56580955
  -0.46171075  1.7076477   1.0870085  -0.40596268 -0.10595407 -0.45402816
   0.29521427 -0.13772765  0.647723   -0.41844273 -0.3888733  -0.5585692
  -0.36800024 -0.7419947  -0.4734554   0.8955127   0.05934343  0.5469141
  -0.45130128  0.43846002 -0.19816789  0.65182024  0.29441226 -0.4089848
   0.27737147  0.8536713  -0.01838338 -0.4519663 ]]