[[ 0.6268614   1.1548841   0.5218974   0.00465114 -0.66791457 -0.8519465
  -0.86804914 -0.44992772 -0.13979293 -0.31160665 -0.5546019  -0.94060075
   0.42898393 -0.2455183  -0.6342568   0.52266634 -0.39993566  0.36366454
  -0.27581963  0.7975396   2.2933342  -0.48079717 -0.5846717  -0.570772
   0.00296757 -0.52965397 -0.3625932  -0.16011766 -0.36849347 -0.6515434
  -0.32372156 -0.45066622 -0.00747914 -0.015572   -0.00521806 -0.34540415
   0.09394747  0.27217117 -0.83192146 -0.5805455  -0.50005317 -0.3228339
  -0.41741222  1.1755116   1.4586781   0.38555127 -0.39123705 -0.35987097
  -0.09226879 -0.01496604  1.1975296   1.9234158   0.16464113 -0.10696777
  -0.6644765  -0.7596822  -0.83000684  0.1245532  -0.3335082   0.24640976
  -0.19438003 -0.34970406 -0.02502593 -0.3112046  -0.47795218 -0.53454864
  -0.81195027 -0.42291793 -0.40474054 -0.6701559   0.20387292 -0.54250044
  -0.45882422  1.4823885   1.0467987  -0.4373202  -0.24474885 -0.49765536
   0.29116225 -0.09356604  0.5243196  -0.38272342 -0.41297364 -0.5635952
  -0.31660572 -0.7448119  -0.46097773  0.76186585  0.18881959  0.44059828
  -0.4814748   0.4186202  -0.19387668  0.51044834  0.32216242 -0.40473711
   0.21832399  0.7731737  -0.09788491 -0.44074023]]