[[ 8.03360760e-01  8.91430080e-01  2.91782349e-01 -1.33472055e-01
  -5.89369953e-01 -8.72625232e-01 -8.92155290e-01 -4.55648631e-01
  -1.14277042e-01 -2.04636112e-01 -4.78895336e-01 -9.94353950e-01
   4.46710259e-01 -2.77856499e-01 -6.10011220e-01  2.42464721e-01
  -5.17779112e-01  6.13434434e-01 -3.21874529e-01  8.94382477e-01
   2.27349854e+00 -5.07449925e-01 -7.29292035e-01 -6.85958922e-01
   9.48262662e-02 -5.21199048e-01 -3.81330967e-01 -1.95590258e-02
  -3.57854962e-01 -7.20856190e-01 -3.53706211e-01 -3.52238238e-01
   1.51994273e-01 -3.44727039e-01 -3.49244058e-01 -4.28277969e-01
   3.26754093e-01  5.45886219e-01 -8.47576261e-01 -6.41702056e-01
  -5.60065389e-01  1.18289545e-01 -4.30022538e-01  7.55850732e-01
   1.69559574e+00  5.69801033e-01 -2.61241317e-01 -5.26390150e-02
   3.02074641e-01 -1.14598626e-03  1.64643383e+00  1.93376255e+00
   1.08520150e-01  2.62699932e-01 -2.89674252e-01 -5.75446129e-01
  -7.67863393e-01  2.94660687e-01 -2.69901156e-01  4.35714245e-01
  -2.18788713e-01 -2.72446722e-01 -8.40271264e-03 -3.02756399e-01
  -4.66069490e-01 -6.15287542e-01 -9.33819592e-01 -4.63327706e-01
  -3.93459082e-01 -6.03848994e-01  4.96872544e-01 -6.52322412e-01
  -4.62177098e-01  1.30735803e+00  8.07997108e-01 -2.39072531e-01
  -4.57426637e-01 -4.41871047e-01 -1.52282789e-01 -1.02238744e-01
   2.46627182e-01 -3.41160178e-01 -4.68770862e-01 -6.34634674e-01
  -4.26230103e-01 -7.83930779e-01 -4.33621585e-01  6.10860884e-01
   5.01996160e-01  3.87467027e-01 -5.72939575e-01  2.27704570e-01
  -1.56446606e-01  8.38077903e-01  1.67660296e-01 -3.40319544e-01
   8.49745944e-02  7.81899989e-01 -7.96669442e-03 -3.50442648e-01]]