[[ 0.7580255   1.0726112   0.3984595  -0.11499101 -0.6509862  -0.85192055
  -0.8362292  -0.41728222 -0.11251597 -0.25023064 -0.53783524 -0.94768083
   0.40129694 -0.24249046 -0.5691227   0.6151493  -0.36618575  0.4699731
  -0.26537308  0.9890229   1.9589413  -0.49720842 -0.5809957  -0.570996
   0.07817456 -0.40910953 -0.38405845 -0.2305617  -0.35216013 -0.6635296
  -0.28026003 -0.5297283   0.04695866 -0.08303845 -0.17207189 -0.31046653
   0.13357186  0.37905785 -0.83234036 -0.5993014  -0.49125433 -0.29695943
  -0.42193964  0.97442466  1.6238996   0.45911753 -0.37598485 -0.39326036
   0.02372948  0.16274568  1.0932486   2.168121    0.12789413 -0.24726042
  -0.596275   -0.70121914 -0.83822536  0.00998531 -0.34980348  0.14637119
  -0.1849299  -0.320508    0.08065944 -0.3615797  -0.4713582  -0.55875546
  -0.78476036 -0.4340293  -0.38890967 -0.6768585   0.15939625 -0.55330867
  -0.41313055  1.6001432   0.98675704 -0.5073891  -0.17678155 -0.5173389
   0.1083086  -0.08927625  0.61240804 -0.23766491 -0.42296264 -0.5790678
  -0.2997604  -0.7524969  -0.42455488  0.9043011   0.33879605  0.57921743
  -0.4544291   0.39179397 -0.18972702  0.5676607   0.11184698 -0.36794817
   0.1097893   0.87863636 -0.09513558 -0.40393862]]