[[ 1.0511979   1.0041727   0.5610094   0.02975059 -0.6509157  -0.79914457
  -0.849651   -0.3808131  -0.07755052 -0.28610462 -0.5254569  -0.9216166
   0.17147835 -0.22624512 -0.55964935  0.6756586  -0.559658    0.18474051
  -0.2181215   1.4085194   1.5693064  -0.46228546 -0.5008443  -0.58626
   0.03046705 -0.36272618 -0.42726892 -0.42550668 -0.32497728 -0.68495953
  -0.35047054 -0.66560495  0.2480934  -0.00565986 -0.30951345 -0.32983133
   0.01733362  0.22044328 -0.88142306 -0.5233852  -0.52877975 -0.3596354
  -0.46220967  1.2238287   2.3076682   0.29910076 -0.349256   -0.51393527
   0.00907143  0.05881172  0.61590147  2.919656    0.29160985 -0.26758316
  -0.6295865  -0.7228299  -0.8884799   0.0824339  -0.3486531   0.40435684
  -0.24491583 -0.2600123   0.27574033 -0.24595001 -0.46359277 -0.60399157
  -0.8201227  -0.34405985 -0.39110145 -0.7233793   0.01882557 -0.4981295
  -0.3531563   2.0480535   1.1413859  -0.5002388  -0.00738778 -0.53062767
   0.10653017 -0.05698373  0.8733613  -0.26546246 -0.46973604 -0.5824312
  -0.18146732 -0.7857487  -0.40383247  1.3250638   0.3715047   1.079223
  -0.43011063  0.5195491  -0.18116243  0.24986789 -0.0227902  -0.38117844
  -0.10246821  1.2875725  -0.1396358  -0.37122685]]