[[ 0.5433728   1.1593308   0.42033574  0.00291733 -0.6387653  -0.8146843
  -0.85708016 -0.41825467 -0.1102224  -0.29394534 -0.5401942  -0.8879788
   0.36871698 -0.23782252 -0.5835801   0.43007168 -0.48290882  0.30991837
  -0.23792225  0.93531203  2.0308533  -0.47908708 -0.5171306  -0.5551143
  -0.05142183 -0.46808615 -0.38045034 -0.22892143 -0.33411288 -0.6399334
  -0.36196792 -0.48009467  0.02450292 -0.04990824 -0.02363148 -0.32272634
   0.11177644  0.17451504 -0.8039605  -0.54919386 -0.48889336 -0.31926656
  -0.41979715  1.0109118   1.5895835   0.18794629 -0.38400578 -0.35857895
  -0.10185564  0.05318525  0.8744715   2.0950086   0.15516439 -0.15618227
  -0.63937986 -0.7043956  -0.793468    0.0772967  -0.31960812  0.19292553
  -0.18338273 -0.3107466   0.0123166  -0.30739135 -0.46074754 -0.5299906
  -0.7838877  -0.413766   -0.39317432 -0.66040397  0.12279851 -0.49034244
  -0.43339583  1.5472367   1.0600806  -0.46012682 -0.1458586  -0.49185413
   0.32119757 -0.09491066  0.63917017 -0.34192422 -0.3831407  -0.5263196
  -0.25752205 -0.71460044 -0.44023696  0.9019525   0.16717434  0.5371713
  -0.4321398   0.43742636 -0.15357645  0.2955152   0.2456984  -0.39676222
   0.19172038  0.8280461  -0.16574118 -0.41016987]]