[[ 0.98900205  1.4223281  -0.16705841 -0.32147923 -0.57228494 -0.837806
  -1.3417498  -0.665112   -0.41498756  0.12576118 -0.6211448  -1.0733551
  -0.13340667 -0.27629164 -0.86927605 -0.09942288 -0.3944546   1.6577964
  -0.378412    0.83535814  2.331135   -0.6167242  -0.7100847  -0.69322795
   0.7825338  -0.9155337  -0.07019173 -0.14805014 -0.36567232 -0.71723086
   0.8912023   0.4801844  -0.13094372 -0.6235834  -0.24411184 -0.5740944
   0.21129349  0.25145617 -0.8481052  -0.83500904 -0.567305   -0.4508079
  -0.41823804  1.4774293   1.3254503   1.1090064  -0.3616574   0.6153045
  -0.55381006  0.14146729  2.163363    2.0651543  -0.51574713 -0.4498961
  -0.77027375 -0.75640786 -0.7635967   0.11671594 -0.5003953  -0.16572362
   0.05575943 -0.43488255  0.39770886 -0.7156094  -0.50045085 -0.70618224
  -0.8131551  -0.7704867  -0.49945223 -0.7202632   0.25051072 -0.80842495
  -0.4735132   1.1744362   0.3336767  -0.3293835  -0.100517    0.00267338
  -0.25470486  0.23899278  0.35250413 -0.3500509  -0.31677204 -0.80962133
  -0.7185106  -1.009542   -0.50258327  0.9327682  -0.14285642  1.0328419
  -0.6761604   0.4020385  -0.02002479  1.9361253   0.09745127 -0.3969096
  -0.02286329  0.554389    0.6744252  -0.47483486]]