[[ 0.5829689   0.752381    0.80621266 -0.02232145 -0.7012883  -0.84489447
  -0.7086842  -0.36310264 -0.08287147 -0.3880453  -0.5334881  -0.9398446
   0.3949306  -0.2662268  -0.6295589   1.0067842  -0.38727686  0.21071321
  -0.30978444  0.5970339   2.4973516  -0.4492661  -0.6507082  -0.512104
  -0.03618392 -0.58240646 -0.38163775  0.01745616 -0.37485373 -0.57475996
  -0.3749133  -0.4871285   0.02585471  0.23859893 -0.10080624 -0.3805114
  -0.04181887  0.11415362 -0.804424   -0.55462104 -0.49714327 -0.27723584
  -0.4048781   1.71351     1.2331138   0.39120108 -0.452886   -0.3806139
  -0.18139917 -0.14627443  0.94736814  1.6041827   0.09865759 -0.07219748
  -0.6602088  -0.75933087 -0.8850751   0.09882589 -0.28439635  0.26424325
  -0.1427045  -0.37923232 -0.06165971 -0.3321518  -0.49300933 -0.49178252
  -0.7855622  -0.40196505 -0.42684802 -0.58773184  0.51072073 -0.5293634
  -0.4802032   1.2708641   1.1600612  -0.350636   -0.3304607  -0.5215087
   0.17639837 -0.06496703  0.39883116 -0.42311376 -0.45755285 -0.5828136
  -0.47572392 -0.71123844 -0.48222312  0.6106745  -0.27265465  0.3372508
  -0.5129737   0.4984672  -0.21087416  0.6775114   0.40965652 -0.43284678
   0.11582427  0.76500016 -0.0655379  -0.47701523]]