[[ 8.27470124e-01  1.18724477e+00 -1.18727624e-01 -2.93450117e-01
  -5.61153531e-01 -7.77640164e-01 -1.20258462e+00 -6.22334778e-01
  -3.95954221e-01  6.43362030e-02 -5.90148866e-01 -9.92999434e-01
   3.08650658e-02 -2.75241762e-01 -7.25778341e-01 -1.30937353e-01
  -3.52296233e-01  1.60256672e+00 -3.19648832e-01  8.13219190e-01
   1.96623504e+00 -6.13038957e-01 -5.76818228e-01 -6.68941319e-01
   7.04742491e-01 -7.21672416e-01 -1.16323240e-01 -1.89777300e-01
  -3.09029281e-01 -6.81242108e-01  7.41825998e-01  3.17193210e-01
  -1.37199193e-01 -6.04475677e-01 -2.73297608e-01 -4.61825401e-01
   3.26317370e-01  1.72922805e-01 -8.11208785e-01 -7.60230482e-01
  -5.39877295e-01 -4.42436159e-01 -4.28493530e-01  1.16275239e+00
   1.21992874e+00  9.46530342e-01 -3.56899470e-01  4.34909999e-01
  -5.32806754e-01  3.24399501e-01  1.87399435e+00  1.90199196e+00
  -3.15851867e-01 -4.22763228e-01 -7.07710743e-01 -6.72022939e-01
  -7.05787241e-01  6.13814928e-02 -4.82252598e-01 -1.50703430e-01
   1.51099544e-03 -4.20175195e-01  3.37638557e-01 -6.57557964e-01
  -4.69107449e-01 -6.06851101e-01 -7.49925435e-01 -7.24666357e-01
  -4.72427338e-01 -7.07180560e-01  1.24720491e-01 -7.38388836e-01
  -4.53311145e-01  1.07267511e+00  2.55943626e-01 -3.84279460e-01
  -3.49790975e-02 -8.62969533e-02 -2.67341942e-01  1.56051934e-01
   5.09783685e-01 -2.76927561e-01 -3.08192581e-01 -7.28897870e-01
  -6.48902237e-01 -9.19180930e-01 -4.88731474e-01  8.89295340e-01
  -9.39653888e-02  9.12792623e-01 -5.63789427e-01  3.27822655e-01
   5.01521677e-02  1.61084604e+00  1.85787566e-02 -3.85252893e-01
   4.16294951e-03  5.20392537e-01  5.81986964e-01 -4.66010392e-01]]