[[ 0.86571616  0.81327987  0.5174663  -0.10632773 -0.626754   -0.8545108
  -0.7557768  -0.45747283 -0.11837243 -0.23936723 -0.4526211  -0.9654689
   0.5794937  -0.28354684 -0.6039704   0.53851956 -0.22766039  0.5715787
  -0.3380275   0.8110143   2.205707   -0.5267992  -0.7707607  -0.62252283
   0.1597897  -0.52865547 -0.39652997  0.15781799 -0.38085636 -0.62473035
  -0.21837462 -0.3643076   0.09804038 -0.17491852 -0.29305965 -0.4132121
   0.19412188  0.6091373  -0.7981348  -0.65046155 -0.49845555 -0.14787145
  -0.40201113  0.96465486  1.4361193   0.9404785  -0.4425418  -0.29283968
   0.12015151 -0.05563962  1.7687278   1.8180666   0.15192762 -0.00866121
  -0.2549791  -0.52175844 -0.8701846   0.21903309 -0.325412    0.35044813
  -0.18762384 -0.31547058  0.04722082 -0.30001938 -0.45596766 -0.5634022
  -0.84242296 -0.38542187 -0.40136382 -0.58872306  0.30909595 -0.618969
  -0.43783617  1.3637421   0.9686171  -0.23296812 -0.50579965 -0.45892888
  -0.12188835 -0.06703253  0.20161746 -0.29274857 -0.45531517 -0.67724067
  -0.42883492 -0.72890246 -0.46866244  0.5540224   0.16542861  0.24711236
  -0.5401666   0.24263048 -0.17591164  1.1250685   0.20003471 -0.33114916
  -0.02741107  0.8179773   0.25795406 -0.4555627 ]]