[[ 1.42201138e+00  6.88666463e-01 -1.14526235e-01 -2.80517668e-01
  -8.31305981e-01 -1.18624866e+00 -8.63382638e-01 -7.11054981e-01
  -2.67596304e-01 -2.32832402e-01 -6.17880344e-01 -1.16282010e+00
   3.27008843e-01 -3.29631746e-01 -8.31943393e-01  3.51779640e-01
  -5.33542454e-01  7.23974705e-01 -5.14823794e-01  1.39923930e-01
   2.60635185e+00 -6.64113283e-01 -8.54208648e-01 -5.87034822e-01
  -2.71567434e-01 -8.67894709e-01  3.92037332e-01 -2.04242200e-01
  -4.62828219e-01 -9.93528247e-01 -2.94937223e-01  2.28846655e-03
  -2.94522077e-01 -5.13910890e-01 -2.61521250e-01 -4.65965331e-01
  -2.64625609e-01  9.80176508e-01 -1.06953788e+00 -7.21250296e-01
  -5.60677290e-01 -3.09892714e-01 -6.18313611e-01  1.76764309e+00
   7.42848098e-01  2.70086557e-01 -3.34143072e-01 -1.41526803e-01
  -1.97464749e-01  9.46933478e-02  2.91513634e+00  8.44668031e-01
  -1.90951005e-01  3.73994857e-02 -7.77425289e-01 -9.52786863e-01
  -7.73218691e-01  2.04111242e+00 -4.49182868e-01  6.61026835e-01
  -2.57302701e-01 -5.13843417e-01 -2.17173040e-01 -6.19266689e-01
  -3.78780246e-01 -6.16056859e-01 -8.35536420e-01 -6.98691964e-01
  -3.71705025e-01 -6.39908969e-01 -4.43690792e-02 -9.33134496e-01
  -5.67170322e-01  8.60913992e-01  2.95716673e-01  5.33209801e-01
  -8.59483004e-01 -4.04142052e-01 -8.66938382e-02 -2.42954969e-01
  -1.53893366e-01 -2.38766462e-01 -3.49708825e-01 -6.54608428e-01
  -4.41165745e-01 -1.06638205e+00 -4.99105901e-01  1.09690636e-01
   2.05802441e-01  1.64425921e+00 -6.89644873e-01 -2.18391210e-01
  -5.61100185e-01  1.57059669e+00 -2.27985188e-01 -5.22795081e-01
   4.90193740e-02  6.63825035e-01 -3.39249730e-01 -5.48664868e-01]]