[[ 0.9401042   1.6787891  -0.1907631  -0.3548088  -0.5808693  -0.808568
  -1.331739   -0.61360073 -0.34662673  0.11900766 -0.6177921  -1.0281234
   0.02858528 -0.23744172 -0.7040876  -0.13988665 -0.37335518  1.6458274
  -0.3349138   0.8847538   2.2625508  -0.6188886  -0.66536397 -0.65035945
   0.8187348  -0.7560195  -0.0571261  -0.15742895 -0.32451487 -0.7494358
   0.85743433  0.452319   -0.1351361  -0.61651826 -0.18755628 -0.40218905
   0.33836496  0.3236698  -0.81720006 -0.7712072  -0.51761156 -0.4088116
  -0.4019406   1.2316872   1.1922013   0.8062278  -0.32670373  0.56424713
  -0.41952315  0.34376323  1.8591611   1.9421741  -0.36785737 -0.43932214
  -0.7274397  -0.72772616 -0.75770324  0.09540349 -0.47029558 -0.1926312
  -0.10054034 -0.39844742  0.2813341  -0.70259774 -0.45486444 -0.70309365
  -0.7982816  -0.6744032  -0.45595342 -0.6878075   0.18558106 -0.757668
  -0.42494142  1.1864688   0.5024579  -0.3491169  -0.19663708 -0.0345101
  -0.21761866  0.12305053  0.28913814 -0.23438483 -0.30695823 -0.7786565
  -0.65447235 -0.9676471  -0.46104208  1.078616    0.17341554  0.9995738
  -0.6187898   0.36995694  0.09784069  1.6020267   0.12253705 -0.35557044
   0.10574713  0.55188274  0.45960602 -0.39451185]]