[[ 0.72629744  1.5324963  -0.10804657 -0.10421861 -0.614514   -0.85487103
  -0.9151333  -0.4437371  -0.11871731 -0.20482469 -0.54893816 -0.81456554
  -0.14023453 -0.22892347 -0.64305633 -0.16105384 -0.4733489   0.10917721
  -0.31153062  1.3858302   1.6402702  -0.5493116  -0.6131066  -0.64189
  -0.08207899 -0.5490382  -0.45571578  0.1213377  -0.47099906 -0.6361971
  -0.35745955 -0.5676129   0.26685387 -0.35993367 -0.00767851 -0.47140425
   0.13505681  0.14757745 -0.6195847  -0.49989533 -0.49873906 -0.40324825
  -0.37693018  0.08281787  2.1364856   0.3970965  -0.44325948 -0.14086914
  -0.04861187 -0.14829877  0.88156635  2.9039688  -0.20747915 -0.39828643
  -0.6619628  -0.640815   -0.8297657  -0.12379726 -0.34395316 -0.09394386
   0.01528348 -0.26373196  0.19625853 -0.37001175 -0.504038   -0.7333918
  -0.8590623  -0.45992318 -0.3941815  -0.6825034   0.1699993  -0.46789676
  -0.38808468  2.4305255   1.4192847   0.03670522 -0.04582354 -0.34331483
   0.34754008 -0.056868    0.5998246  -0.40437153 -0.31191334 -0.53357184
  -0.23839794 -0.67970914 -0.4218844   1.2204567   0.16296512  0.65341944
  -0.4294058   0.4708961   0.08547855  0.7092052   0.08513322 -0.34883708
   0.20356752  0.9862702   0.26890707 -0.34428272]]