[[ 1.4130892   0.28832042  0.47986305 -0.29550776 -0.6830984  -0.8942035
  -0.6460269  -0.46041024 -0.27085358 -0.26189062 -0.44350025 -0.9865038
   0.6043042  -0.29875118 -0.5557913   0.9685996   0.21507083  0.90674853
  -0.33453634  0.5742734   1.6201303  -0.5524671  -0.64333284 -0.60002077
   0.53484136 -0.42894474 -0.05367059  0.22491121 -0.40659767 -0.5722892
   0.13625301 -0.20915109  0.20904237 -0.07600704 -0.38004565 -0.19556761
   0.18599567  0.36042196 -0.762601   -0.6634094  -0.45009685 -0.3734376
  -0.40753073  1.5003415   1.2460012   1.4561311  -0.4364456  -0.30090225
  -0.25860387  0.1777671   1.8958521   1.7039768   0.08023384 -0.26564154
  -0.5935067  -0.69092953 -0.91789836  0.27671662 -0.38012215  0.07424302
  -0.2153253  -0.46600834  0.20162342 -0.47573105 -0.47934976 -0.40780306
  -0.7745657  -0.5035901  -0.44008064 -0.6075657   0.40666205 -0.6475293
  -0.425759    1.7925079   0.96498126 -0.19855581 -0.42544383 -0.44890636
  -0.32497716 -0.17947759  0.31143242 -0.23724185 -0.46737298 -0.68418753
  -0.5918051  -0.73159045 -0.49019706  0.66338044 -0.21060053  0.49524713
  -0.44874772  0.22951709 -0.12455694  1.7708225  -0.10656354 -0.36210093
  -0.08536701  0.966954    0.60901743 -0.5158689 ]]