[[ 0.9213336   1.1825335  -0.1309406  -0.30972055 -0.5012427  -0.7850523
  -1.2314473  -0.6120913  -0.38087827  0.05558592 -0.61089927 -0.99854755
   0.13765863 -0.2406058  -0.6892503  -0.13347384 -0.38102537  1.5623652
  -0.28759477  0.8930862   1.7559206  -0.60369396 -0.5005542  -0.6730048
   0.6857537  -0.6698541  -0.12810834 -0.23204231 -0.31889436 -0.70089835
   0.72088796  0.24744925 -0.17223123 -0.5841849  -0.32522982 -0.43181348
   0.34062755  0.10842403 -0.8434352  -0.77690125 -0.5325922  -0.46459547
  -0.42395303  1.2260251   1.4308405   0.85091144 -0.3765411   0.48533908
  -0.5716943   0.4047847   1.8259925   2.1816528  -0.21976542 -0.44706032
  -0.703319   -0.6985691  -0.6292954   0.06332102 -0.46626592 -0.13799104
   0.02392455 -0.39782682  0.32013553 -0.5840643  -0.46327475 -0.582528
  -0.7573576  -0.72778654 -0.47949067 -0.7509189   0.0432945  -0.7420327
  -0.4523255   1.3475904   0.44492018 -0.47449604  0.05630816 -0.08509482
  -0.27824068  0.05947297  0.7555797  -0.28610605 -0.29603994 -0.6961149
  -0.60246605 -0.9230701  -0.49008453  1.1050166  -0.05898228  1.1261723
  -0.5138943   0.3680684   0.06817044  1.473173    0.06136387 -0.41753572
   0.03411909  0.67783463  0.43593627 -0.50166124]]