[[ 0.93886316  1.0430537   0.38926888  0.23692109 -0.6658593  -0.8791311
  -0.9683737  -0.4412992  -0.14939798 -0.28576264 -0.48464423 -1.0023974
   0.12118167 -0.2521764  -0.72982997  0.36669034 -0.6315967   0.2241852
  -0.2470884   1.3053939   1.8260719  -0.46327507 -0.5822685  -0.6562009
  -0.05014699 -0.5098494  -0.35792303 -0.45804927 -0.35950467 -0.7746858
  -0.3491353  -0.60703385  0.29886022 -0.12606622 -0.26874003 -0.37069532
   0.25435573  0.3400969  -0.90089107 -0.5922513  -0.5579108  -0.4583692
  -0.4666597   1.0312451   2.110715    0.48526993 -0.40921694 -0.3757544
   0.13224447 -0.03513987  1.29354     2.8932137   0.18973693 -0.30825573
  -0.6871104  -0.8011521  -0.9557834   0.13677506 -0.3998269   0.28982255
  -0.2642819  -0.2532515   0.15529469 -0.37166372 -0.5160417  -0.67898834
  -0.97579545 -0.5232088  -0.41171342 -0.8076436  -0.06831885 -0.63325447
  -0.41940457  1.8525965   0.89524585 -0.42412418 -0.1954751  -0.48976713
   0.07922672 -0.113571    0.5209983  -0.42787254 -0.43325365 -0.5920046
  -0.20586336 -0.87824357 -0.46411133  1.0666696   0.60801995  1.2001163
  -0.47795427  0.46624282 -0.2678122   0.53559506  0.03810187 -0.460895
   0.07486456  1.1609049  -0.2324299  -0.4059357 ]]