[[ 1.1969476   0.9837408  -0.15122005 -0.06733423 -0.6762247  -0.9208369
  -0.9152527  -0.52015233 -0.16453981 -0.18700856 -0.5104954  -0.8499262
  -0.26195085 -0.2616485  -0.65265286 -0.16597888 -0.48516107  0.5345855
  -0.35536134  1.2040889   1.5109456  -0.6183322  -0.60450375 -0.62917054
   0.04061916 -0.6365141  -0.21378386  0.10496534 -0.43563515 -0.75461966
  -0.2723     -0.19584705  0.20660016 -0.39336815 -0.2491333  -0.47971457
   0.04636143  0.25497833 -0.7184256  -0.46547213 -0.55626065 -0.42526767
  -0.46473485  0.5574088   2.0090508   0.4153527  -0.20713107 -0.13705178
  -0.30838436 -0.10764143  1.2883577   2.5229313  -0.25578973 -0.28437343
  -0.7950367  -0.75622594 -0.77736974  0.76735127 -0.2443364   0.12379119
  -0.05297985 -0.3022726   0.1431814  -0.40358713 -0.42320314 -0.7641944
  -0.9216642  -0.5173286  -0.37636113 -0.65149677  0.0894352  -0.5952931
  -0.43813184  2.239284    1.1285701   0.6097647  -0.16298246 -0.18676266
   0.05218697 -0.11266917  0.5134972  -0.4223739  -0.27072507 -0.49193075
  -0.33310857 -0.798142   -0.4374122   1.1128625  -0.03902392  1.2867173
  -0.49024525  0.34155056  0.04866442  1.0536397  -0.2095001  -0.38333562
  -0.08673744  1.0844824   0.22005999 -0.4142909 ]]