[[ 1.1540089   1.074278   -0.3340516  -0.2108886  -0.6310812  -0.8971678
  -0.864968   -0.45232463 -0.07001238 -0.21319592 -0.5000954  -0.867917
  -0.21976943 -0.25545663 -0.6355766  -0.20907046 -0.45712534  0.52813417
  -0.2934139   1.1006584   1.3324498  -0.60691196 -0.60030365 -0.55804265
   0.09431767 -0.6133481  -0.14761643  0.01893993 -0.4168122  -0.76439124
  -0.25641653 -0.15084465  0.16890888 -0.38080943 -0.19875649 -0.47541156
   0.01244598  0.3616648  -0.7470624  -0.44811717 -0.5130129  -0.35155705
  -0.45906854  0.5939495   1.8107764   0.35274178 -0.12655024 -0.20270191
  -0.1792199  -0.14627351  1.3224097   2.4180505  -0.4735048  -0.32111645
  -0.7791026  -0.7596016  -0.51453173  0.7130827  -0.186876   -0.08297548
  -0.16035461 -0.3316571   0.0888048  -0.51838976 -0.34682947 -0.5096388
  -0.8301532  -0.6324853  -0.37839624 -0.56459963 -0.10738885 -0.64453155
  -0.46834293  2.0386803   0.9252867   0.5515351  -0.17618223 -0.13125956
   0.10032889 -0.12728645  0.71861845 -0.44903076 -0.12218352 -0.43703705
  -0.36450154 -0.8048818  -0.44345868  1.0211383  -0.0757879   1.2957978
  -0.47499815  0.31679052 -0.05178391  0.8317492  -0.18469645 -0.41389257
  -0.02815563  1.0273459   0.01081333 -0.27043065]]