[[ 0.709924    1.0550921   0.10365314 -0.17821778 -0.61305434 -0.9311353
  -0.9461197  -0.47631034 -0.24218957 -0.13335347 -0.47562626 -1.0718389
   0.30892408 -0.30264494 -0.7392128   0.07125754 -0.52040315  0.96164495
  -0.30635     0.74155927  2.5356562  -0.51347893 -0.67754143 -0.68841034
   0.02987648 -0.56437933 -0.24626254 -0.11934396 -0.3544554  -0.7450056
  -0.33729288 -0.28933564  0.12083808 -0.36578953 -0.1754224  -0.43117493
   0.58181506  0.49517304 -0.8482363  -0.67841613 -0.5888863  -0.01197356
  -0.48389038  1.18594     1.1835074   0.7309976  -0.25012475  0.12871096
   0.27808923  0.0203985   2.0029657   1.7129916  -0.09673216  0.19836535
  -0.7978547  -0.88660985 -0.71312404  0.27549794 -0.36193195  0.2785915
  -0.18861388 -0.36581782 -0.09886223 -0.46227825 -0.5250227  -0.63036484
  -0.9900149  -0.6641331  -0.45995826 -0.6924214   0.5536533  -0.69608
  -0.5390847   1.1463481   0.71499527 -0.10985881 -0.3658804  -0.41927594
   0.02326804 -0.17039439  0.15440063 -0.4594616  -0.43115026 -0.61956614
  -0.46744466 -0.84207165 -0.47807503  0.43339378  0.5374978   0.34185737
  -0.5903205   0.23185503 -0.16389704  0.8166609   0.14464955 -0.3578647
   0.2579855   0.51035625  0.03990525 -0.3243659 ]]