[[ 1.1166282   0.9948448  -0.3016141  -0.25118595 -0.61685413 -0.8593249
  -0.7666862  -0.3867403  -0.01207697 -0.2523318  -0.49046302 -0.83838964
  -0.17728163 -0.2559842  -0.6137922  -0.17383343 -0.43924198  0.31221485
  -0.26779124  1.1512483   1.1852509  -0.5823583  -0.5896739  -0.5344847
   0.00556854 -0.5396557  -0.14875378  0.06492772 -0.4107987  -0.7064402
  -0.27479932 -0.3347179   0.222939   -0.3579621  -0.24131136 -0.4605784
  -0.0193607   0.38644862 -0.711113   -0.45625708 -0.47091907 -0.31314883
  -0.44019696  0.53181225  1.8709811   0.3555987  -0.26397505 -0.18791986
  -0.05108571 -0.15910636  1.1851826   2.4840202  -0.4345705  -0.31413892
  -0.7351284  -0.70655763 -0.48502648  0.5447209  -0.25985408 -0.05613999
  -0.11897579 -0.33853123  0.11713908 -0.5290506  -0.3436097  -0.45403627
  -0.78539383 -0.60062927 -0.39558148 -0.5409029  -0.0883827  -0.5846689
  -0.44760108  2.085776    0.94839585  0.4034708  -0.16976376 -0.21272042
   0.10647471 -0.12903096  0.7535895  -0.42010066 -0.15348491 -0.4775122
  -0.2979728  -0.7486069  -0.43710595  1.0498276  -0.07668322  1.2476289
  -0.43439254  0.32145318 -0.02807739  0.83150446 -0.23323363 -0.41300958
  -0.0979555   1.0730307   0.08362946 -0.216898  ]]