[[ 7.4550217e-01  8.2442594e-01  2.6516548e-01 -1.8825889e-01
  -6.0129577e-01 -8.9243072e-01 -8.8410723e-01 -4.5706755e-01
  -1.5694557e-01 -2.0078443e-01 -4.7065488e-01 -1.0187424e+00
   4.9310982e-01 -2.8625554e-01 -6.0542595e-01  3.5224229e-01
  -4.9894014e-01  6.6016340e-01 -3.0499789e-01  8.6185879e-01
   2.4891043e+00 -4.9967137e-01 -7.5087124e-01 -7.0248532e-01
   9.4060868e-02 -5.7139206e-01 -4.1844469e-01  6.3648924e-02
  -3.3386362e-01 -6.9831216e-01 -3.6568296e-01 -3.1098554e-01
   1.6946539e-01 -3.1648016e-01 -3.2959485e-01 -4.3305668e-01
   3.6480081e-01  4.8067173e-01 -8.4361470e-01 -6.6222668e-01
  -5.8220470e-01  1.7638740e-01 -4.0961096e-01  8.8963073e-01
   1.6418707e+00  6.6825324e-01 -3.5569373e-01 -5.5000328e-02
   2.5605443e-01  4.4715675e-03  1.7367136e+00  1.9074622e+00
   2.7405221e-02  3.1807131e-01 -2.0023975e-01 -5.3935659e-01
  -8.5365540e-01  2.3382825e-01 -2.7262974e-01  3.8133419e-01
  -2.0526718e-01 -2.7549160e-01 -3.4641754e-04 -3.5678801e-01
  -4.9200597e-01 -5.9573698e-01 -9.4164437e-01 -5.1218414e-01
  -3.9853442e-01 -5.8257997e-01  6.7953843e-01 -6.6795409e-01
  -4.6749461e-01  1.2354214e+00  8.9360923e-01 -1.9321863e-01
  -4.7660795e-01 -4.3671161e-01 -1.4491853e-01 -7.1593136e-02
   2.3601094e-01 -3.4937984e-01 -4.7163859e-01 -6.4373964e-01
  -4.8782137e-01 -7.7455068e-01 -4.4730303e-01  5.8475524e-01
   3.0580360e-01  2.6372033e-01 -5.8117819e-01  2.4147496e-01
  -1.4150755e-01  1.0018566e+00  2.1115232e-01 -3.4111583e-01
   1.3448283e-01  7.5596929e-01  2.5739335e-02 -4.0513337e-01]]