[[ 6.8268222e-01  1.2599910e+00  2.8751919e-02 -1.4734066e-01
  -6.3510549e-01 -9.4832855e-01 -1.0406420e+00 -4.9595752e-01
  -2.4800609e-01 -1.2830369e-01 -5.7840079e-01 -1.0697733e+00
   2.3597346e-01 -2.8727406e-01 -7.5887483e-01  4.9741603e-02
  -5.1633877e-01  9.4675630e-01 -3.1712836e-01  7.2990495e-01
   2.6875029e+00 -5.1318192e-01 -6.8684733e-01 -6.9274902e-01
   2.5103414e-02 -6.1530995e-01 -3.2181233e-01 -1.5823960e-01
  -3.6974478e-01 -7.5550508e-01 -3.4535900e-01 -3.0903605e-01
   8.8764496e-02 -3.7049308e-01 -9.9180304e-03 -4.3498650e-01
   5.8836895e-01  4.5843476e-01 -8.4968817e-01 -6.8998384e-01
  -6.0176980e-01 -4.1809462e-02 -4.8246375e-01  1.1228112e+00
   1.1333500e+00  7.3397517e-01 -2.6467174e-01  5.1760446e-02
   1.9019572e-01  1.0476217e-03  2.0333755e+00  1.7281574e+00
  -1.6195811e-01  1.7593756e-01 -8.0317873e-01 -8.9106888e-01
  -7.5007296e-01  1.6855443e-01 -3.6732727e-01  1.9756341e-01
  -2.0394389e-01 -3.6439446e-01 -1.0525736e-01 -4.7167456e-01
  -5.4594129e-01 -6.5779608e-01 -9.9212772e-01 -6.7077881e-01
  -4.4982627e-01 -7.1986216e-01  5.3427601e-01 -6.7687684e-01
  -5.3969687e-01  1.1820515e+00  8.0417365e-01 -1.9629310e-01
  -3.7852439e-01 -4.2406681e-01  2.1178058e-01 -1.5972504e-01
   1.2978022e-01 -4.6629894e-01 -4.1632751e-01 -6.1676216e-01
  -4.3231896e-01 -8.5261279e-01 -4.8797512e-01  4.4109878e-01
   5.2422935e-01  3.2150361e-01 -5.9036481e-01  2.5453666e-01
  -1.8153781e-01  7.9125816e-01  2.3145244e-01 -3.6073825e-01
   3.9703345e-01  4.7841284e-01  2.7152332e-02 -3.4362108e-01]]