[[ 5.5707687e-01  8.9648360e-01  6.5096301e-01 -1.3475027e-03
  -6.7677593e-01 -8.3506882e-01 -7.7673328e-01 -4.1693461e-01
  -1.5677443e-01 -3.6323929e-01 -5.3082240e-01 -9.2479986e-01
   4.6820533e-01 -2.6077336e-01 -6.3396782e-01  7.5697035e-01
  -3.4778228e-01  2.8607696e-01 -2.6209903e-01  6.2788790e-01
   2.3756390e+00 -4.6186072e-01 -5.8362770e-01 -5.3816122e-01
  -3.5652809e-02 -5.8105832e-01 -3.8224244e-01 -5.3165335e-02
  -3.5035625e-01 -5.7967317e-01 -3.3011630e-01 -4.2823857e-01
  -2.1595523e-02  1.0667558e-01 -1.0781998e-02 -3.6833599e-01
   4.5860517e-03  1.2194775e-01 -7.9826462e-01 -5.7193810e-01
  -5.0235450e-01 -3.2865712e-01 -4.0385917e-01  1.4599361e+00
   1.2789731e+00  4.1890320e-01 -4.8056963e-01 -3.9042848e-01
  -2.3652506e-01 -1.0256012e-01  1.0969985e+00  1.7020143e+00
   1.1551199e-01 -7.1881689e-02 -6.5153968e-01 -7.4406958e-01
  -8.6589038e-01  9.8552682e-02 -3.3026162e-01  2.3159777e-01
  -1.5624039e-01 -3.7674844e-01 -5.2108444e-02 -3.1915241e-01
  -4.8700714e-01 -4.6611422e-01 -7.7015692e-01 -4.1980231e-01
  -4.2271307e-01 -6.2720317e-01  3.5564011e-01 -5.2141100e-01
  -4.7515658e-01  1.3259326e+00  1.1117736e+00 -3.7490451e-01
  -2.6444981e-01 -4.9596024e-01  2.7752128e-01 -8.7512113e-02
   4.8658782e-01 -4.2209268e-01 -4.1656622e-01 -5.6075865e-01
  -3.8986018e-01 -7.0722163e-01 -4.8414782e-01  6.6209459e-01
  -1.9856040e-01  3.3200935e-01 -4.7625431e-01  4.4208097e-01
  -2.0607574e-01  6.5021402e-01  3.6519429e-01 -4.2689607e-01
   1.8495859e-01  7.3354948e-01 -4.2318087e-02 -4.9962303e-01]]