[[ 1.4003671   0.27987692  0.47843644 -0.2949284  -0.6779848  -0.8899954
  -0.6416174  -0.4555555  -0.2664629  -0.27215806 -0.43862557 -0.9846056
   0.55731034 -0.30268183 -0.57428926  0.9614242   0.20729001  0.84140927
  -0.34263033  0.54966414  1.6191067  -0.5490543  -0.6595476  -0.59262824
   0.50858057 -0.45372486 -0.06230254  0.22651006 -0.41425613 -0.5671898
   0.11935823 -0.21229531  0.20871517 -0.07401653 -0.37852642 -0.2214023
   0.13319647  0.35923678 -0.7544195  -0.65957445 -0.45000982 -0.36865637
  -0.40869632  1.4886774   1.242388    1.4401329  -0.44119555 -0.29533798
  -0.25514305  0.11340983  1.881088    1.6903511   0.04154034 -0.26237303
  -0.59465784 -0.68691    -0.9113756   0.27409786 -0.37792233  0.07480075
  -0.20769489 -0.46749467  0.19408862 -0.47322103 -0.47834033 -0.41430113
  -0.776828   -0.5021746  -0.44201818 -0.60235035  0.40292895 -0.6427506
  -0.4278363   1.7804452   0.9564933  -0.18985295 -0.4396652  -0.44496763
  -0.32239756 -0.18052106  0.26555058 -0.26074603 -0.46809268 -0.68447447
  -0.589025   -0.7288975  -0.4909332   0.6362372  -0.23350267  0.47897762
  -0.45650995  0.22342724 -0.1533478   1.7611078  -0.10407636 -0.36367393
  -0.09889918  0.9552921   0.60413337 -0.51215816]]