[[ 0.86981195  0.6971042   0.66652507 -0.10200576 -0.6879811  -0.8106522
  -0.7652305  -0.4481296  -0.2379452  -0.32615802 -0.43772557 -0.99359065
   0.58257353 -0.27171642 -0.6604052   0.8078667  -0.0668843   0.6836538
  -0.25612986  0.89850473  2.1772883  -0.4629797  -0.71725696 -0.5823118
   0.16915084 -0.51556903 -0.37858367 -0.10896965 -0.28917894 -0.5456764
  -0.17813493 -0.3931877   0.17479447  0.11753067 -0.14181843 -0.32548004
   0.07364749  0.3653174  -0.8313458  -0.62082505 -0.5055751  -0.3104643
  -0.37370944  1.4581119   1.4780178   1.1470381  -0.49546498 -0.44599217
  -0.1957341  -0.01872844  1.7121576   2.1008754   0.1570486  -0.03069962
  -0.6455676  -0.7537093  -0.9552342   0.0938319  -0.40141624  0.30311015
  -0.22624207 -0.4027818   0.16581394 -0.3998822  -0.46303898 -0.51921815
  -0.79887426 -0.43706805 -0.42317528 -0.6238756   0.32659796 -0.53016156
  -0.41198412  1.5810171   0.89672667 -0.48140612 -0.2839013  -0.52392876
   0.08156902  0.07229804  0.458941   -0.34829623 -0.48387125 -0.6726758
  -0.45004657 -0.6839992  -0.45414466  0.6729454  -0.21944456  0.24824661
  -0.48669088  0.45139253 -0.27682096  1.0872921   0.17794588 -0.34120893
   0.00461469  0.93186975  0.2851068  -0.48987678]]