[[ 1.3038632   0.9066807  -0.08000191 -0.3893146  -0.7753638  -1.2112197
  -0.9804746  -0.8235235  -0.38025758  0.17038268 -0.58958566 -1.1707247
   0.6837392  -0.30873975 -0.8261547   0.645468   -0.10460703  1.742813
  -0.523093    0.3641502   2.445608   -0.685154   -0.8766484  -0.6567877
   0.15415703 -0.76118284  0.10276444 -0.16756791 -0.50797427 -0.83654326
  -0.04898724 -0.04096415 -0.32642755 -0.58207905 -0.31374574 -0.4305187
   0.437535    0.9662841  -0.9788555  -0.8317679  -0.5641832  -0.32805392
  -0.5198797   1.3970476   0.52129686  1.2282363  -0.2436207  -0.19120163
  -0.22177851  0.3952879   2.9830253   1.1841561  -0.23093419 -0.17530514
  -0.68698955 -0.8808146  -0.9103068   1.1566613  -0.4640512   0.23960558
  -0.20255175 -0.4783289  -0.09326303 -0.573745   -0.46762377 -0.6946629
  -0.8216634  -0.7343338  -0.40873554 -0.7497048   0.16105467 -0.91459846
  -0.53934646  0.8882369   0.44791344  0.10113766 -0.6649497  -0.41827667
  -0.31596252 -0.25773725 -0.32586244 -0.10641526 -0.40464035 -0.7629635
  -0.48339853 -0.9692396  -0.5008751   0.13014586  0.50218594  0.86678165
  -0.72824717 -0.10943492 -0.56618774  1.899642   -0.33564988 -0.39785588
   0.09132531  0.5871836  -0.0057107  -0.5799374 ]]