[[ 1.1051266e+00  1.0415190e+00  5.9571218e-01  4.3231085e-02
  -6.5740710e-01 -8.1541115e-01 -8.6180580e-01 -3.7743965e-01
  -6.7068286e-02 -3.0308387e-01 -5.2601486e-01 -9.4185585e-01
   7.4695051e-02 -2.3199429e-01 -6.2627423e-01  7.1375859e-01
  -5.8405650e-01  4.7706012e-02 -2.4326225e-01  1.4339635e+00
   1.6614679e+00 -4.5439297e-01 -5.5773139e-01 -5.8936495e-01
  -1.8830407e-02 -4.3761116e-01 -4.4763723e-01 -4.2468914e-01
  -3.5077789e-01 -6.8639547e-01 -3.8842881e-01 -6.7677575e-01
   2.8270605e-01  2.3217242e-02 -3.0710036e-01 -3.9637208e-01
  -1.0229700e-01  2.4657136e-01 -8.9352274e-01 -5.2171838e-01
  -5.4102331e-01 -3.5399476e-01 -4.6242133e-01  1.2907720e+00
   2.4283011e+00  3.2478929e-01 -3.5870349e-01 -5.1400948e-01
   2.9891478e-02 -9.5762610e-02  6.5039366e-01  3.0562959e+00
   2.2013283e-01 -2.5679958e-01 -6.4987111e-01 -7.3918605e-01
  -9.0875423e-01  9.5487483e-02 -3.4988487e-01  4.4006711e-01
  -2.3236123e-01 -2.6410440e-01  2.9647672e-01 -2.3409301e-01
  -4.7619319e-01 -6.4006597e-01 -8.5192823e-01 -3.4457248e-01
  -3.9749622e-01 -7.2834277e-01  4.3403849e-02 -5.0542611e-01
  -3.5781774e-01  2.1419647e+00  1.1974471e+00 -4.8153692e-01
  -3.5116561e-02 -5.2657998e-01  1.2619783e-01 -4.1166898e-02
   7.9977465e-01 -3.2333073e-01 -4.8407438e-01 -6.0197610e-01
  -1.8261422e-01 -7.9971945e-01 -4.0686861e-01  1.3340899e+00
   3.4112069e-01  1.1011173e+00 -4.6838969e-01  5.4738402e-01
  -2.5529104e-01  2.7530581e-01 -2.2619897e-03 -3.8799053e-01
  -1.3164085e-01  1.3374417e+00 -1.3413200e-01 -3.6606953e-01]]