[[ 0.5169155   0.82546806  0.8554529  -0.03841656 -0.7323464  -0.8884552
  -0.75325364 -0.39048338 -0.11927465 -0.39232767 -0.55714947 -0.97784364
   0.42929855 -0.25690612 -0.66604054  1.1101468  -0.40171814  0.3265267
  -0.3290556   0.59536004  2.7298188  -0.44560745 -0.67936593 -0.52366084
  -0.08378546 -0.6009314  -0.34416115  0.02638783 -0.38358662 -0.58739585
  -0.3922877  -0.47949547 -0.01579197  0.28507742 -0.07027207 -0.3774258
   0.03405096  0.14585128 -0.82836765 -0.5770622  -0.5147677  -0.2972318
  -0.40500706  1.8989418   1.1739905   0.436306   -0.42241895 -0.36215064
  -0.22536127 -0.11571696  1.0525354   1.6014028   0.08070938 -0.08256756
  -0.69466376 -0.8128547  -0.9049403   0.05154281 -0.33824047  0.2570145
  -0.15400068 -0.39152712 -0.07313261 -0.3749042  -0.5104631  -0.50573856
  -0.80636984 -0.45121574 -0.43409425 -0.61746776  0.5976948  -0.5542805
  -0.5020692   1.212439    1.2096353  -0.3559739  -0.35159934 -0.53088427
   0.20888379 -0.03215178  0.39658466 -0.43080685 -0.46496558 -0.6072531
  -0.500904   -0.7406814  -0.486412    0.58027345 -0.16022669  0.31337848
  -0.55296487  0.53367954 -0.20763236  0.7418255   0.45747015 -0.4430697
   0.14637022  0.7317957  -0.05639881 -0.4991546 ]]