[[ 8.0445272e-01  9.6368933e-01  3.4682718e-01 -1.8321825e-02
  -5.1991236e-01 -7.2218126e-01 -8.5901874e-01 -4.5302686e-01
  -2.1700037e-01 -2.7229574e-01 -4.3624887e-01 -9.2527509e-01
   7.0175958e-01 -2.5766301e-01 -5.9058714e-01  2.5458339e-01
  -1.5500215e-01  7.3729348e-01 -1.5683526e-01  7.2331518e-01
   1.8650535e+00 -4.9765387e-01 -5.4998845e-01 -5.6725860e-01
   1.6333593e-01 -4.2552879e-01 -3.8754031e-01 -2.5824589e-01
  -1.9089738e-01 -5.9856594e-01 -1.0424588e-01 -2.2530270e-01
  -8.9469766e-03 -1.8446255e-01 -2.3529869e-02 -2.7873456e-01
   2.2643121e-01  4.0371075e-01 -7.9555351e-01 -6.2866640e-01
  -4.8680776e-01 -3.4247988e-01 -4.2517486e-01  8.4012747e-01
   1.2682207e+00  6.2851608e-01 -4.7160238e-01 -1.2643321e-01
  -1.3795675e-01  1.5857065e-01  1.4698579e+00  1.8670294e+00
   2.4360788e-01  1.4653919e-03 -6.1547256e-01 -6.6041702e-01
  -6.6891146e-01  2.1387847e-01 -3.8555047e-01  2.6200837e-01
  -1.7166983e-01 -3.7498635e-01 -8.3095981e-03 -3.2698792e-01
  -4.3497297e-01 -5.0536871e-01 -7.7665615e-01 -3.6479348e-01
  -4.1813034e-01 -6.9005388e-01 -4.7432885e-02 -4.6615058e-01
  -4.1173238e-01  1.4135820e+00  7.9490393e-01 -5.1886046e-01
  -8.4841505e-02 -4.9204013e-01  2.2985736e-01 -2.2118321e-01
   4.6437231e-01 -3.2838127e-01 -4.3649653e-01 -5.8382905e-01
  -2.0316741e-01 -6.8967927e-01 -4.6838534e-01  8.4943837e-01
   1.2731576e-01  3.9339808e-01 -3.9124036e-01  3.3315963e-01
  -2.1600942e-01  6.8128985e-01  1.8886197e-01 -3.5642883e-01
   2.1803601e-01  7.2584969e-01  2.9483862e-02 -4.4843403e-01]]