[[ 0.8950059   1.2842238  -0.14895579 -0.31998393 -0.56818914 -0.80549824
  -1.2581178  -0.6377375  -0.40341187  0.0751196  -0.60278165 -1.0332748
  -0.12262999 -0.28277025 -0.8241268  -0.12356665 -0.37150875  1.5529706
  -0.35549545  0.8094888   2.1483655  -0.61497974 -0.6562606  -0.67770875
   0.70498246 -0.8463101  -0.11707938 -0.17353944 -0.33512744 -0.69136816
   0.7883755   0.38679644 -0.1271565  -0.6075296  -0.26260546 -0.5541003
   0.2021971   0.21887898 -0.82524866 -0.7790864  -0.55991805 -0.44690698
  -0.4272586   1.2764409   1.2971278   1.0214583  -0.3659498   0.5105275
  -0.54628134  0.1607695   2.005732    2.0181     -0.4881397  -0.44592687
  -0.7457346  -0.6965159  -0.72283894  0.05327601 -0.49489382 -0.17979021
   0.03886742 -0.437021    0.37256733 -0.69639856 -0.49070978 -0.66273
  -0.7912107  -0.76979256 -0.4861109  -0.720174    0.17345634 -0.7739556
  -0.46857193  1.1391472   0.28814334 -0.3524423  -0.06276788 -0.04359147
  -0.26484737  0.18596214  0.39545202 -0.3477804  -0.31256494 -0.7679532
  -0.685631   -0.9587067  -0.5002208   0.90009063 -0.14369102  0.9595724
  -0.6278422   0.36171955 -0.02288092  1.7539138   0.04376448 -0.39546335
  -0.02098029  0.5293033   0.6291423  -0.46400735]]