[[ 0.46336842  1.1995746  -0.0233411  -0.16457704 -0.59557796 -0.9912606
  -0.9589186  -0.8155603  -0.37835154 -0.01725691 -0.51844496 -0.9372295
   0.9887155  -0.25486413 -0.59598887  0.67437243 -0.30747586  1.0286324
  -0.3923488   0.46729016  2.0012615  -0.6323511  -0.662898   -0.66002303
   0.05944866 -0.6072173  -0.37000364 -0.28571063 -0.4310633  -0.644834
  -0.24777399 -0.10098638 -0.3089966  -0.5842947   0.04400738 -0.4391199
   0.24154767  0.08311588 -0.75933975 -0.7147396  -0.59927547 -0.39882416
  -0.41362336  0.15578973  0.95401496  0.25395882 -0.05005292 -0.30528578
  -0.53490746  0.43323147  1.1596386   1.4378583  -0.02925252 -0.34834456
  -0.3479987  -0.595159   -0.790817    0.24753048 -0.22688776 -0.14910431
  -0.22880894 -0.35805976  0.00661063 -0.28089795 -0.49601397 -0.52378714
  -0.58252734 -0.51473045 -0.32584158 -0.7606057   0.19759914 -0.6082548
  -0.4523073   1.044904    0.81717324 -0.23088637 -0.2928979  -0.38652048
   0.17498109 -0.17051797  0.28054246  0.00880283 -0.25905517 -0.4883972
  -0.33550283 -0.78541195 -0.4280983   0.5058364   0.06171997  0.22604632
  -0.553211    0.0448955  -0.45954934  0.9189548   0.05254469 -0.36035824
   0.49189794  0.4323737  -0.18116342 -0.5929068 ]]