[[ 0.91719306  1.2315121  -0.07187706 -0.21680549 -0.66869813 -1.0397271
  -1.0073354  -0.6245004  -0.2729969  -0.05702036 -0.5568141  -0.8313588
  -0.05698052 -0.23351769 -0.49848062 -0.05065446 -0.48612687  0.17989396
  -0.3928304   1.6392888   1.8023968  -0.58508563 -0.7319836  -0.7838648
   0.10504902 -0.53810215 -0.41605896  1.0450678  -0.5379     -0.6812408
  -0.3176348  -0.6407671   0.2101966  -0.36652517 -0.28156644 -0.40327722
   0.4418212  -0.0360587  -0.48168284 -0.517585   -0.5481671  -0.47984645
  -0.27792996  0.15081525  2.2781637   0.681481   -0.5550853   0.03106468
  -0.18909186 -0.02325568  0.99785113  3.0284355  -0.09835867 -0.45891505
  -0.65730065 -0.7664912  -1.0625778  -0.12413803 -0.354058   -0.06707262
  -0.26072922 -0.23286173  0.32363653 -0.43144792 -0.45843044 -0.8250059
  -0.9412622  -0.48192734 -0.3488051  -0.64200205  0.99274385 -0.56414384
  -0.3818226   2.2971501   1.6590672   0.9240726  -0.11182023 -0.20014422
   0.07602108  0.18365723  0.68583804 -0.3289334  -0.31154883 -0.6021694
  -0.32085046 -0.6866449  -0.36994463  1.3188142   0.14372902  0.7282712
  -0.49958313  0.55071056  0.8566909   1.6894184  -0.12994885 -0.3542432
   0.04786537  1.1555272   0.98912674 -0.47889182]]