[[ 8.8689834e-01  5.8809412e-01  4.1522729e-01 -1.0665619e-01
  -4.8841947e-01 -7.5106692e-01 -8.0312169e-01 -3.2436159e-01
  -1.4472717e-01 -2.8864974e-01 -3.9885285e-01 -9.3207711e-01
   1.5541714e-01 -2.7573124e-01 -5.4630023e-01  3.8025564e-01
  -5.0343531e-01  5.7413346e-01 -2.8572893e-01  8.0542481e-01
   1.5767598e+00 -4.8373950e-01 -5.1634049e-01 -5.5242670e-01
   1.8791230e-01 -3.8359466e-01 -2.7465072e-01 -3.0238092e-01
  -3.4264481e-01 -7.1612108e-01 -2.9314339e-01 -3.4262437e-01
   8.4691554e-02 -1.7747112e-01 -5.0325835e-01 -3.5424653e-01
   1.5388787e-01  2.1705778e-01 -8.5419858e-01 -5.2922404e-01
  -5.2740848e-01 -5.6598645e-02 -4.6869031e-01  1.0326304e+00
   1.5423998e+00  2.0764430e-01 -1.4938359e-01  8.0363974e-02
   9.5173523e-02  8.3845496e-02  8.8989985e-01  1.9004081e+00
   1.2667811e-01  2.6892846e-02 -6.6022968e-01 -7.4220693e-01
  -5.3816283e-01  4.1127273e-01 -2.2890010e-01  3.5275215e-01
  -1.4816312e-01 -2.9561049e-01 -4.1148388e-03 -2.9847613e-01
  -4.0221041e-01 -4.9143055e-01 -8.4446400e-01 -4.6898279e-01
  -4.1433594e-01 -6.0921842e-01  2.0503652e-01 -5.9932083e-01
  -4.3335021e-01  1.2520574e+00  5.3991497e-01 -1.7285343e-01
  -1.1464173e-02 -3.8494566e-01 -3.0852810e-01 -1.6816728e-01
   5.9806776e-01 -3.7958363e-01 -4.1689512e-01 -4.7829750e-01
  -4.3224838e-01 -7.8087437e-01 -4.0716666e-01  8.5017127e-01
   4.1363862e-01  7.3856419e-01 -4.6985701e-01  3.4774187e-01
  -1.7705353e-01  4.1170290e-01  7.0697695e-02 -3.9458933e-01
  -3.0316412e-05  7.9376006e-01 -2.9659504e-01 -3.5393712e-01]]