[[ 0.7359542   1.558812   -0.09153538 -0.10773363 -0.6025717  -0.86407655
  -0.9330854  -0.45940968 -0.11393603 -0.19714618 -0.5553091  -0.8163966
  -0.04320165 -0.22227615 -0.6283596  -0.17684266 -0.48354393  0.10891759
  -0.30759212  1.4127584   1.5910685  -0.5433762  -0.6197078  -0.64283794
  -0.06237902 -0.54389477 -0.42714468  0.12940428 -0.47789845 -0.6478654
  -0.35669553 -0.5699456   0.21930137 -0.3512316  -0.01956608 -0.45887524
   0.153081    0.14379518 -0.6425053  -0.494977   -0.48959062 -0.38573828
  -0.36402267  0.10263205  2.163914    0.38703114 -0.4206091  -0.16532764
  -0.04923827 -0.142208    0.9120746   2.9398074  -0.16835895 -0.36924046
  -0.6508067  -0.65962213 -0.7638892  -0.10220506 -0.33850998 -0.07360576
  -0.0787137  -0.26717913  0.1978346  -0.35777295 -0.46605146 -0.64556193
  -0.836209   -0.46967772 -0.3854358  -0.662728    0.14856976 -0.4869395
  -0.3961561   2.3606606   1.376072    0.01912541 -0.06460263 -0.32143396
   0.3508455  -0.04073991  0.70340854 -0.40475777 -0.27011266 -0.5269535
  -0.22744074 -0.68363947 -0.41635352  1.23137     0.19529635  0.66813296
  -0.4360056   0.4773684   0.11101729  0.66701525  0.0876059  -0.36368898
   0.20419542  1.02494     0.24355347 -0.3425271 ]]