[[ 0.64801544  1.277051   -0.22009982 -0.30498996 -0.55498964 -0.81345695
  -1.1740779  -0.6261835  -0.38671002  0.03207351 -0.58932877 -1.0084108
  -0.04694764 -0.28265324 -0.74552065 -0.13282457 -0.39497426  1.3924041
  -0.3386849   0.7030027   2.0788367  -0.61163026 -0.6415581  -0.6561869
   0.6573275  -0.7457843  -0.12614585 -0.04761275 -0.35982758 -0.6959838
   0.6151014   0.331274   -0.18038553 -0.6006895  -0.21050927 -0.48561317
   0.2503534   0.20405793 -0.77240056 -0.7906944  -0.54148036 -0.45020717
  -0.42453337  1.1655992   1.0539055   0.84218067 -0.4161734   0.509272
  -0.4019269   0.23180158  1.8497794   1.6822889  -0.4168366  -0.46922073
  -0.71261144 -0.7132941  -0.7370146   0.02409176 -0.46493837 -0.22961129
   0.02709721 -0.41848212  0.21047625 -0.70533186 -0.47916734 -0.62992704
  -0.756425   -0.7290187  -0.4696425  -0.68212795  0.2193763  -0.7400157
  -0.48267704  0.94367146  0.30891547 -0.21554974 -0.10870776 -0.13675834
  -0.14349179  0.1710331   0.4015214  -0.31258774 -0.29931092 -0.7024025
  -0.5760752  -0.9192128  -0.48572832  0.68998766 -0.05871037  0.7256663
  -0.5706512   0.29294935  0.07918323  1.5472361   0.09907573 -0.40116307
   0.02025964  0.39407846  0.5176279  -0.44768187]]