[[ 1.0785623   0.27875206  0.5287788  -0.30050722 -0.70176184 -0.8963165
  -0.6769503  -0.52583975 -0.25732803 -0.2587434  -0.47939953 -0.9799124
   0.7949523  -0.2622961  -0.53874534  1.1284448  -0.02951259  0.92637324
  -0.35596886  0.7396464   1.6957852  -0.5290401  -0.69410473 -0.6058824
   0.29968694 -0.43263695 -0.33448604  0.23537397 -0.44058874 -0.51374793
  -0.09151892 -0.58511895  0.16719162 -0.03590141 -0.41219    -0.3057199
   0.3504355   0.1605982  -0.7060985  -0.6537021  -0.50699705 -0.39223337
  -0.35203367  1.3937148   1.116422    1.4860724  -0.44596303 -0.4390836
  -0.40989754  0.18454458  1.7171355   2.0111673   0.09098235 -0.30411148
  -0.52135736 -0.7131751  -0.9970691  -0.10475962 -0.4005079   0.15524651
  -0.23856942 -0.4188115   0.24423963 -0.47216216 -0.46449903 -0.50377774
  -0.7188212  -0.4925184  -0.42698404 -0.6269377   0.5863828  -0.60065687
  -0.41480252  1.6931907   1.0950725  -0.13086122 -0.37171432 -0.40473616
  -0.26727664 -0.05987544  0.38845077 -0.20309976 -0.443516   -0.69864446
  -0.5549705  -0.6951281  -0.4738282   0.57133496 -0.33004257  0.4245964
  -0.48315704  0.29925293 -0.02722273  1.883243   -0.10916238 -0.35543877
  -0.08154348  0.9682247   0.6016806  -0.50763893]]