[[ 0.7509633   1.1413419   0.34718525 -0.07472052 -0.6310451  -0.8564512
  -0.8563579  -0.47928062 -0.13744083 -0.21197979 -0.530631   -0.9204363
   0.5199062  -0.24118957 -0.57377416  0.47815192 -0.33205122  0.5058026
  -0.26659137  0.9352843   1.8921272  -0.5113371  -0.56796795 -0.59000367
   0.07525299 -0.43853983 -0.36944017 -0.2142138  -0.35635358 -0.6498542
  -0.26027584 -0.4631009   0.02587457 -0.17700627 -0.10482156 -0.32561994
   0.15943813  0.32659993 -0.8077683  -0.6051169  -0.48898715 -0.300581
  -0.40908885  0.7526665   1.619863    0.43706927 -0.33690926 -0.33745098
  -0.05936455  0.17025496  1.1112883   2.1155314   0.17192437 -0.18495768
  -0.5727841  -0.67573667 -0.8101523   0.10075182 -0.33218312  0.17812476
  -0.18935578 -0.32736948  0.06910063 -0.2946728  -0.46275118 -0.5624892
  -0.76590586 -0.40304685 -0.37758324 -0.68179727  0.12980393 -0.5332692
  -0.41888893  1.6192448   0.9849549  -0.47693056 -0.16595577 -0.4971339
   0.16624212 -0.13596985  0.560381   -0.22320224 -0.40922728 -0.57080054
  -0.2827514  -0.7312216  -0.42573738  0.90206414  0.27497488  0.5191444
  -0.45257702  0.35839754 -0.20939624  0.60030746  0.13057618 -0.36339608
   0.18168777  0.8557242  -0.06039487 -0.41360152]]