[[ 7.4363256e-01  1.4510834e+00 -7.9320088e-02 -9.4244771e-02
  -5.9049356e-01 -8.3132809e-01 -8.9643735e-01 -4.4021872e-01
  -1.1166537e-01 -2.0067279e-01 -5.4195035e-01 -7.6765776e-01
  -3.1812642e-02 -2.2073892e-01 -5.9644526e-01 -1.6737597e-01
  -4.4696400e-01  1.1178351e-01 -2.9037637e-01  1.3851177e+00
   1.3962953e+00 -5.4283911e-01 -5.7769114e-01 -6.2294710e-01
  -4.3430574e-02 -5.3516382e-01 -4.2703229e-01  1.5463120e-01
  -4.6551538e-01 -6.0828805e-01 -3.3683488e-01 -5.6907398e-01
   2.2460407e-01 -3.4517163e-01 -9.4293300e-03 -4.4851103e-01
   1.6050372e-01  4.1956082e-07 -6.0347497e-01 -4.7258893e-01
  -4.7424909e-01 -3.8897803e-01 -3.5569584e-01  9.9398814e-02
   2.1353810e+00  3.7918118e-01 -4.2506608e-01 -1.6626842e-01
  -1.8230708e-01 -1.3529754e-01  7.5463951e-01  2.8999827e+00
  -1.5175235e-01 -3.5892275e-01 -6.2931144e-01 -6.1764336e-01
  -7.4149418e-01 -1.0114125e-01 -3.2185790e-01 -8.0112249e-02
  -7.0216238e-02 -2.6587269e-01  2.1040466e-01 -3.3380124e-01
  -4.5120162e-01 -6.1056912e-01 -7.9726774e-01 -4.4408655e-01
  -3.8763905e-01 -6.4129722e-01  1.4096700e-01 -4.4765231e-01
  -3.8677117e-01  2.3660800e+00  1.4061491e+00  3.2199018e-02
  -3.1537492e-02 -3.0743000e-01  3.5839829e-01 -5.6442842e-02
   7.2857696e-01 -3.9548078e-01 -2.4994367e-01 -5.1382053e-01
  -2.4926570e-01 -6.4567220e-01 -4.1804048e-01  1.2564487e+00
  -1.8202474e-02  6.9136196e-01 -4.0175444e-01  4.8984441e-01
   1.3168964e-01  6.7463279e-01  8.1862599e-02 -3.6140427e-01
   2.0845285e-01  1.0546629e+00  2.7153045e-01 -3.5158941e-01]]