[[ 0.8904245   1.3549575   0.09452709 -0.02059957 -0.6292364  -0.95401645
  -0.9929195  -0.60033077 -0.22074477 -0.09027258 -0.55688095 -0.7710173
   0.04059647 -0.21895693 -0.54204    -0.15646921 -0.5339948   0.12273154
  -0.39213613  1.5704861   1.5842875  -0.5603382  -0.67068756 -0.74264926
   0.01752365 -0.55710304 -0.4014893   0.6252212  -0.5349519  -0.6626158
  -0.3556026  -0.61515445  0.19460261 -0.34950083 -0.14784089 -0.41821903
   0.33636272 -0.17200096 -0.5578478  -0.47412878 -0.51570493 -0.44162992
  -0.31041008  0.15316388  2.3723574   0.46978733 -0.4501046  -0.02758393
  -0.2809548  -0.08775106  0.8200866   3.0443795   0.11087894 -0.28776553
  -0.645194   -0.7073451  -0.9479393   0.07470606 -0.3204651   0.15651605
  -0.27213147 -0.23195808  0.272986   -0.24137829 -0.42990547 -0.77550715
  -0.9003556  -0.36362612 -0.3488433  -0.6463086   0.6242355  -0.48893207
  -0.3793629   2.3344514   1.5887843   0.53246856 -0.1112906  -0.24430493
   0.23375987  0.05900034  0.65596133 -0.36418808 -0.31420198 -0.5777963
  -0.2825081  -0.6608967  -0.37956935  1.3429765   0.02911911  0.7760118
  -0.46968028  0.5544963   0.5535079   1.1522774   0.03970577 -0.3604395
   0.1572668   1.2140981   0.648676   -0.4567979 ]]