[[ 0.90816665  1.5997236  -0.19074194 -0.3452468  -0.57426316 -0.7960167
  -1.3004701  -0.60192686 -0.34408352  0.09392193 -0.60846204 -1.0114374
   0.00469696 -0.24062452 -0.6976517  -0.14639531 -0.37436235  1.5667267
  -0.3293108   0.8835861   2.1653128  -0.61469275 -0.6364012  -0.64374375
   0.7691327  -0.73950696 -0.0808676  -0.17754245 -0.3306675  -0.73112506
   0.79534626  0.39307037 -0.12934566 -0.6030833  -0.20326792 -0.40832692
   0.32779944  0.28663558 -0.80695635 -0.7567959  -0.51604503 -0.41630924
  -0.4093038   1.1577253   1.2258514   0.7783324  -0.33308992  0.5011639
  -0.42608476  0.317418    1.7802376   1.9761797  -0.3734806  -0.4386707
  -0.7213455  -0.71232283 -0.74173605  0.07326682 -0.4670262  -0.2008463
  -0.0999277  -0.40141356  0.2619141  -0.6798877  -0.45164204 -0.68470144
  -0.79162216 -0.6794478  -0.45966542 -0.69642097  0.14571556 -0.74374557
  -0.42726284  1.2115364   0.50178117 -0.3571776  -0.15972292 -0.04901658
  -0.2247822   0.09181946  0.31388032 -0.25667658 -0.30758393 -0.7580459
  -0.63779616 -0.942106   -0.46212152  1.0724838   0.14542902  0.9732271
  -0.59466314  0.3631267   0.07930923  1.521593    0.08833604 -0.36271784
   0.10835457  0.55910504  0.43708074 -0.3934772 ]]