[[ 1.380521    0.27366892  0.5062227  -0.29482552 -0.6790184  -0.8935162
  -0.63714004 -0.45266378 -0.26182058 -0.2841241  -0.43675885 -0.99465966
   0.5432626  -0.30782348 -0.5937861   0.98966503  0.21920393  0.8099266
  -0.3543062   0.5038547   1.679917   -0.54686105 -0.6953675  -0.58419394
   0.50749046 -0.48057535 -0.05528855  0.25165766 -0.42505103 -0.56611043
   0.1201424  -0.19490281  0.1779734  -0.06283171 -0.37957427 -0.23643716
   0.085856    0.38513342 -0.75563055 -0.66110957 -0.4540555  -0.35790658
  -0.40663132  1.5449324   1.1971009   1.432934   -0.4438213  -0.2755106
  -0.24474153  0.06104464  1.9055257   1.6199896   0.01579267 -0.2522129
  -0.5984117  -0.69493896 -0.9132192   0.29126972 -0.37500894  0.08510082
  -0.20473789 -0.4702684   0.16404706 -0.47367153 -0.47570273 -0.41875923
  -0.77965075 -0.50142324 -0.44351533 -0.5941857   0.4299263  -0.6496122
  -0.43504328  1.7064737   0.935369   -0.17000178 -0.4646625  -0.44259378
  -0.32526216 -0.17221189  0.21193591 -0.27911448 -0.47421613 -0.69259673
  -0.5964741  -0.73420185 -0.4906748   0.5779609  -0.24129046  0.4451174
  -0.47592807  0.21972944 -0.17622691  1.7894814  -0.09009098 -0.3669129
  -0.10776576  0.9280692   0.581075   -0.50970155]]