[[ 0.8784542   1.4975334   0.10001469  0.11738889 -0.5983578  -0.8385904
  -1.0034995  -0.5419542  -0.07813216 -0.16870347 -0.5586543  -0.7991483
   0.03983552 -0.22219618 -0.6170909  -0.20649588 -0.5149051   0.20265578
  -0.363452    1.2663151   1.5278603  -0.5485489  -0.6182737  -0.6404108
   0.01210424 -0.4879572  -0.3743167  -0.02272681 -0.47663295 -0.69468355
  -0.3310621  -0.5707168   0.09236665 -0.39193207  0.06906597 -0.40558937
   0.16617025  0.14505151 -0.68888605 -0.51473695 -0.49193788 -0.36316073
  -0.42034006  0.1458447   2.0336416   0.27247137 -0.24189538 -0.13501775
  -0.07888368 -0.09624916  0.85454184  2.5906117   0.13841067 -0.23868665
  -0.65400076 -0.6606262  -0.7204043   0.1773326  -0.29768845  0.22925515
  -0.26714763 -0.25838727  0.11788465 -0.23835404 -0.41077602 -0.7373055
  -0.8583159  -0.33399567 -0.35616723 -0.70276123  0.02303937 -0.39970386
  -0.38922504  2.0264213   1.14609    -0.11749577 -0.20104355 -0.37820306
   0.5111762  -0.08771605  0.48354617 -0.35290036 -0.34300703 -0.5566002
  -0.03987361 -0.72329867 -0.40250772  1.0946671   0.40269655  0.8270628
  -0.44810712  0.38797304  0.0414114   0.4749197   0.0574872  -0.35423723
   0.17749414  1.0094056   0.19263159 -0.33250302]]