[[ 9.30985630e-01  1.56664836e+00 -1.72442183e-01 -3.11605066e-01
  -5.83340287e-01 -8.80616665e-01 -1.34252381e+00 -6.58116698e-01
  -3.96028012e-01  9.81223956e-02 -6.39349759e-01 -1.09211493e+00
  -1.34203762e-01 -2.69709647e-01 -8.90216947e-01 -1.09655410e-01
  -4.34735775e-01  1.50986612e+00 -3.73041600e-01  9.13142443e-01
   2.33563137e+00 -6.22291028e-01 -7.28208601e-01 -7.06691861e-01
   7.58291721e-01 -9.28423107e-01 -7.99974576e-02 -1.01410605e-01
  -3.83697271e-01 -7.52562642e-01  7.86772132e-01  5.08212388e-01
  -1.17507659e-01 -6.03157580e-01 -2.85069108e-01 -5.89946926e-01
   1.55821592e-01  3.21799576e-01 -8.81240070e-01 -8.26796293e-01
  -5.68895459e-01 -4.52937245e-01 -4.12825376e-01  1.47468030e+00
   1.53376031e+00  9.98369515e-01 -3.78559113e-01  6.31069839e-01
  -4.60077256e-01  1.12335667e-01  2.15384579e+00  2.26088691e+00
  -5.10744929e-01 -4.46333885e-01 -7.96735942e-01 -7.84143329e-01
  -7.92947650e-01  1.22280613e-01 -5.01080692e-01 -1.50597945e-01
   5.84162809e-02 -4.27958548e-01  3.46949190e-01 -6.73158586e-01
  -5.16112089e-01 -7.30343282e-01 -8.55993211e-01 -7.76676834e-01
  -4.92856979e-01 -7.38063276e-01  2.38987222e-01 -8.48327875e-01
  -4.98750061e-01  1.35689008e+00  4.48947459e-01 -2.74221510e-01
  -7.17322156e-02 -5.21813296e-02 -2.58468121e-01  1.99792668e-01
   3.96492183e-01 -3.79583210e-01 -3.17896873e-01 -7.92557895e-01
  -6.58844590e-01 -1.01788008e+00 -4.98446971e-01  1.00251710e+00
   7.71739334e-03  9.57092643e-01 -6.87839150e-01  4.33027089e-01
  -2.28738692e-03  1.74448860e+00  1.43830225e-01 -4.18751687e-01
  -4.54574265e-02  5.94226182e-01  5.13521791e-01 -4.60975528e-01]]