[[ 0.54962826  1.3921657  -0.02905088 -0.18996878 -0.6234641  -1.0149618
  -0.99064535 -0.8176031  -0.3611418  -0.02256069 -0.5467984  -0.97553974
   0.8704265  -0.25014257 -0.66853005  0.6840137  -0.2598252   0.922917
  -0.42228043  0.5291983   2.1766312  -0.620822   -0.7278414  -0.6768225
   0.01677765 -0.6164955  -0.38003188 -0.27156484 -0.4606593  -0.64418167
  -0.24399605 -0.24125114 -0.24740803 -0.58360815  0.13227184 -0.45864823
   0.225141    0.21594845 -0.7515272  -0.75910896 -0.5931333  -0.40300125
  -0.41271135  0.14583099  1.0351229   0.42426264 -0.13060983 -0.24494393
  -0.41605887  0.36463872  1.3090147   1.602404   -0.07694365 -0.38426182
  -0.37015146 -0.6012255  -0.87171185  0.09867319 -0.31155983 -0.13366258
  -0.17976099 -0.368305    0.03822479 -0.331483   -0.542004   -0.65342367
  -0.63714427 -0.50963485 -0.34028867 -0.8112677   0.2460796  -0.58033216
  -0.43773738  1.2396996   0.9192711  -0.36256853 -0.31751826 -0.46905926
   0.2910828  -0.16414104  0.1199866   0.00374904 -0.3440831  -0.57426524
  -0.2888443  -0.79613316 -0.4281242   0.5259784   0.22976112  0.21364841
  -0.573669    0.07520652 -0.50804347  1.0475612   0.08779334 -0.340901
   0.533004    0.4536094  -0.06771685 -0.559245  ]]