[[ 0.66274107  0.7067197   0.42251462  0.11520601 -0.6784433  -0.87029713
  -0.8384805  -0.37090948 -0.11923454 -0.31430644 -0.5597542  -0.9650057
   0.1254077  -0.26010215 -0.6194352   0.5923333  -0.60416305  0.37373602
  -0.27565458  1.0254697   1.9496424  -0.47187355 -0.5824897  -0.6108327
  -0.05994383 -0.40834415 -0.40817162 -0.21016851 -0.36858463 -0.72050774
  -0.36707038 -0.6641762   0.19786477 -0.04274029 -0.32295355 -0.3167706
   0.36332095  0.276316   -0.82100517 -0.5903377  -0.5435333  -0.4072442
  -0.46547866  1.1307774   1.5639727   0.43004075 -0.4210108  -0.38239574
   0.12817006  0.08600813  1.1430402   2.2281733   0.12876439 -0.3172881
  -0.6686808  -0.77917254 -0.91854084 -0.05450355 -0.3916748   0.14371939
  -0.23359127 -0.27774355  0.01889745 -0.44349656 -0.5155366  -0.6129066
  -0.9040337  -0.5222427  -0.42029262 -0.723945    0.23252927 -0.60894996
  -0.44776264  1.351508    0.84902126 -0.2809702  -0.29427955 -0.4943117
  -0.01848338 -0.08415949  0.4882423  -0.3664121  -0.43300796 -0.57639074
  -0.2989732  -0.8262628  -0.46518865  0.7485274   0.4420395   0.93733454
  -0.4576867   0.40061572 -0.06748159  0.6838317   0.04512203 -0.4518252
   0.04398471  0.872962   -0.11402385 -0.3748053 ]]