[[ 0.75404197  0.9221836   0.48237124  0.04841539 -0.6204774  -0.7892537
  -0.81221837 -0.4279615  -0.14905497 -0.2911684  -0.4980814  -0.87451524
   0.5790718  -0.25103572 -0.5719058   0.34624425 -0.2975715   0.5048073
  -0.18318567  0.80392367  1.786841   -0.49497098 -0.4452234  -0.57371163
   0.08727227 -0.4552811  -0.34511054 -0.15659012 -0.29652157 -0.6097577
  -0.21705553 -0.37251452  0.02427497 -0.13050134 -0.08455834 -0.31934664
   0.14789963  0.2227968  -0.7941997  -0.569697   -0.48122036 -0.32309356
  -0.42391998  0.9674917   1.5721513   0.44271448 -0.36497957 -0.33916062
  -0.19853902  0.06583698  1.1511015   1.9588791   0.29893702 -0.02517942
  -0.6366339  -0.6877427  -0.74676126  0.2477899  -0.33370143  0.3284415
  -0.16968046 -0.34569433  0.00353132 -0.21742968 -0.44494766 -0.4719914
  -0.76566654 -0.36586675 -0.4080367  -0.65953     0.07061386 -0.50767356
  -0.44702718  1.5537989   0.9512441  -0.38237298 -0.13010055 -0.4588916
   0.19750804 -0.17368253  0.65132767 -0.35089445 -0.39380184 -0.53936356
  -0.2950204  -0.70125425 -0.46091524  0.8562389   0.02946455  0.5649178
  -0.40352684  0.36200395 -0.14409359  0.5806976   0.17367028 -0.39603898
   0.13542649  0.8545829   0.01266552 -0.41704354]]