[[ 7.5565225e-01  1.1950890e+00 -2.0283477e-01 -3.0023837e-01
  -5.6731999e-01 -8.1937456e-01 -1.1498002e+00 -6.5062636e-01
  -3.8876644e-01  6.0251381e-02 -5.8328152e-01 -1.0034792e+00
   1.6265723e-01 -2.6268333e-01 -6.4880735e-01 -1.0701766e-01
  -3.6498934e-01  1.5457768e+00 -2.8973183e-01  9.1017032e-01
   1.9975135e+00 -5.9590912e-01 -5.3992873e-01 -6.9379485e-01
   5.7734638e-01 -5.5548096e-01 -1.9708019e-01 -2.0328802e-01
  -3.1540570e-01 -7.0006371e-01  5.4863054e-01  7.2764620e-02
  -1.3764702e-01 -5.8796412e-01 -2.1108437e-01 -3.7808213e-01
   4.4111139e-01  2.7720335e-01 -8.0660164e-01 -8.0308688e-01
  -5.4498607e-01 -4.6590936e-01 -4.3128154e-01  8.7780035e-01
   1.2423174e+00  9.5914805e-01 -3.8668150e-01  2.1653123e-01
  -3.0011335e-01  5.0410247e-01  1.9217509e+00  1.9368718e+00
  -2.0543648e-01 -4.8233232e-01 -6.6868323e-01 -7.1507245e-01
  -7.5835949e-01 -3.7522342e-02 -4.7245982e-01 -2.0585343e-01
  -3.2505278e-02 -3.9595029e-01  3.1772366e-01 -6.8477821e-01
  -4.7854558e-01 -5.8601981e-01 -7.4342710e-01 -7.1265978e-01
  -4.4840458e-01 -7.2996640e-01  1.5350696e-01 -7.1987504e-01
  -4.4204819e-01  1.1194975e+00  3.1361306e-01 -3.5048953e-01
  -1.8997053e-03 -1.6873200e-01 -1.2110740e-01  9.7319268e-02
   7.0199758e-01 -1.9931360e-01 -3.1737456e-01 -6.8230158e-01
  -5.2115726e-01 -9.1113585e-01 -4.7625253e-01  8.8616771e-01
   1.6867596e-01  8.7605596e-01 -5.0103593e-01  2.7834228e-01
   1.1026493e-01  1.5543005e+00 -4.3099798e-02 -3.7762770e-01
   7.2283141e-02  5.0697726e-01  5.7306087e-01 -4.6271080e-01]]