[[ 0.83663595  1.2758173  -0.11612948 -0.27547026 -0.5633378  -0.79723495
  -1.2050916  -0.61304545 -0.36999565  0.0444006  -0.5909761  -1.0167619
  -0.06536938 -0.28395528 -0.80751866 -0.12595399 -0.37284768  1.4678938
  -0.3435045   0.8461247   1.9585056  -0.61900216 -0.63715166 -0.6760152
   0.71637815 -0.8110465  -0.10767057 -0.16707829 -0.3430338  -0.6887819
   0.6860729   0.37809032 -0.08862618 -0.5888636  -0.28591105 -0.5373269
   0.22193784  0.19386569 -0.83244425 -0.7490488  -0.5476671  -0.4268883
  -0.4290801   1.2643886   1.3477954   0.9564037  -0.34584978  0.51049674
  -0.50628674  0.16584784  1.8907672   2.058379   -0.39512342 -0.40858826
  -0.7378122  -0.6823893  -0.703528    0.1118226  -0.4630999  -0.11704279
   0.03354406 -0.4287518   0.3127642  -0.63962924 -0.4819525  -0.6416748
  -0.78755474 -0.73422086 -0.4808704  -0.7030332   0.11389934 -0.75960433
  -0.4758143   1.1789007   0.28870782 -0.35798645 -0.04992712 -0.1150118
  -0.2561825   0.19192827  0.43040156 -0.34477615 -0.31365302 -0.7368656
  -0.6452977  -0.9259642  -0.4901188   0.8367192  -0.14311244  0.8587774
  -0.6030368   0.3701732  -0.02930054  1.5347697   0.08003385 -0.39795363
  -0.03194014  0.56964535  0.5083945  -0.43582106]]