[[ 0.7150509   1.6872407  -0.20674074 -0.34269023 -0.56637543 -0.80408895
  -1.3073711  -0.603293   -0.33556572  0.04041642 -0.6012149  -1.0499284
  -0.00605901 -0.20639439 -0.7980707  -0.17947218 -0.39825654  1.4831016
  -0.31717694  1.1101125   2.0133872  -0.5959035  -0.5935971  -0.67333007
   0.63883    -0.80753535 -0.12326106 -0.2804715  -0.35172328 -0.7074143
   0.6611367   0.32728243 -0.14790803 -0.56572926 -0.2064016  -0.4856371
   0.2234553   0.22080022 -0.85159796 -0.76559174 -0.51517695 -0.42203057
  -0.3867731   1.1668253   1.4777528   0.9275037  -0.40423712  0.41678125
  -0.4512177   0.26055312  2.0737987   2.395729   -0.3937796  -0.43754148
  -0.7353747  -0.7262475  -0.7092422   0.02511601 -0.49652174 -0.1044171
   0.16405441 -0.42166334  0.18550393 -0.69570065 -0.45265228 -0.6381017
  -0.78792423 -0.77964747 -0.49085763 -0.6907179   0.04380354 -0.7279942
  -0.46800613  1.5592152   0.51099604 -0.4994096   0.02326775 -0.08126019
  -0.16466478  0.25280595  0.49960238 -0.3268952  -0.28259638 -0.74424565
  -0.56820565 -0.91992396 -0.49132654  1.050605    0.03210658  0.9189959
  -0.57826376  0.46873006 -0.02720657  1.3162521   0.1512492  -0.39764398
   0.05566131  0.5674734   0.34516302 -0.41830313]]