[[ 0.8002127   0.6655669   0.57971513 -0.12460608 -0.64602584 -0.8281804
  -0.76043856 -0.41107613 -0.17582668 -0.35540667 -0.4910537  -0.9814053
   0.52734345 -0.2668017  -0.6199524   0.7546048  -0.28707436  0.6324505
  -0.27305597  0.60363096  2.3060882  -0.47931087 -0.66492796 -0.51708436
   0.02169755 -0.5133963  -0.22603182 -0.1210162  -0.26706377 -0.63482904
  -0.23175192 -0.29282928 -0.03230485  0.0954292  -0.19913492 -0.29653934
   0.09482051  0.38735077 -0.86362356 -0.59932303 -0.49586466 -0.3027389
  -0.43968204  1.6747118   1.0821297   0.539365   -0.47223243 -0.20623823
  -0.1958413   0.08970939  1.4851413   1.5613356   0.1113558  -0.00856743
  -0.6942407  -0.786491   -0.7561924   0.4191276  -0.38364273  0.32356277
  -0.17334975 -0.4035694  -0.05491159 -0.43948245 -0.43258485 -0.48008257
  -0.7959287  -0.46524405 -0.42890492 -0.61780727  0.25690845 -0.57516384
  -0.46630067  1.2081277   0.873094   -0.3078547  -0.27856153 -0.50066644
   0.03409041 -0.13665079  0.3888917  -0.35968715 -0.44933417 -0.61311257
  -0.41403052 -0.74564976 -0.48009583  0.66840935 -0.04221705  0.55742604
  -0.49022108  0.39938155 -0.21960609  0.86034024  0.22894318 -0.41829094
   0.06173627  0.76121354 -0.08671792 -0.49573815]]