[[ 8.3960468e-01  7.3187965e-01  3.6481756e-01  1.6746810e-03
  -5.0488245e-01 -6.9021434e-01 -7.8995156e-01 -4.3290126e-01
  -1.8297088e-01 -2.8275478e-01 -3.9459530e-01 -9.0081048e-01
   7.1898067e-01 -2.6810849e-01 -5.5740774e-01  2.8971294e-01
  -1.4600672e-01  7.3801428e-01 -1.3929060e-01  7.4566853e-01
   1.6816399e+00 -5.0004601e-01 -5.2652085e-01 -5.5017686e-01
   1.6461456e-01 -3.5868922e-01 -3.9264563e-01 -2.4801692e-01
  -1.6091070e-01 -5.7198858e-01 -9.4332203e-02 -2.3587933e-01
   1.7352019e-02 -1.8029162e-01 -1.3100882e-01 -2.6943263e-01
   1.9558237e-01  4.4152573e-01 -7.8201091e-01 -6.2208074e-01
  -4.8707968e-01 -3.2420397e-01 -4.3224245e-01  7.7979934e-01
   1.3080127e+00  6.1047226e-01 -4.5759067e-01 -1.3073143e-01
  -8.2823128e-02  1.7888004e-01  1.3329895e+00  1.8344674e+00
   2.6849240e-01  7.7149877e-03 -6.0287857e-01 -6.3436854e-01
  -6.2484765e-01  2.3314652e-01 -3.8080892e-01  2.8968012e-01
  -1.6245461e-01 -3.7450686e-01  5.1107518e-03 -3.2277337e-01
  -4.1310215e-01 -4.8197931e-01 -7.6110345e-01 -3.3990797e-01
  -4.1859710e-01 -6.7485827e-01 -4.8613101e-02 -4.2135209e-01
  -4.0338910e-01  1.3670306e+00  7.1839446e-01 -4.8595777e-01
  -7.6011881e-02 -4.9948213e-01  1.6546051e-01 -2.2905146e-01
   4.9550417e-01 -3.0147052e-01 -4.4878429e-01 -5.7806337e-01
  -1.1291249e-01 -6.7093349e-01 -4.6040517e-01  8.6445844e-01
   1.2936704e-01  4.4274235e-01 -3.7296024e-01  3.0429736e-01
  -1.9659968e-01  6.9860452e-01  2.7965508e-02 -3.5083762e-01
   3.8433716e-02  7.5821012e-01  8.6691044e-02 -4.2153177e-01]]