[[ 1.1395764   0.5474868   0.5249026  -0.02757119 -0.56776035 -0.7022766
  -0.6465643  -0.45114318 -0.22363496 -0.308381   -0.26119497 -0.9084231
   0.8498263  -0.29716387 -0.56817514  0.30069795  0.09212343  0.6820221
  -0.16444737  0.61278445  1.5036647  -0.4995662  -0.6093382  -0.5408516
   0.3188366  -0.4106117  -0.27969596 -0.15079795 -0.19473279 -0.5511886
   0.02811984 -0.16862263  0.04565656 -0.1904223  -0.2314237  -0.29141712
  -0.03264052  0.57620883 -0.7669131  -0.5995406  -0.44679585 -0.29521388
  -0.41517943  0.9300526   1.4258206   0.9865077  -0.46904016 -0.31380466
  -0.06235434  0.00324861  1.8054934   1.6370795   0.3653398   0.08887197
  -0.589857   -0.64899766 -0.7599002   0.44687134 -0.37405598  0.453557
  -0.24180086 -0.39226362  0.05576877 -0.23629585 -0.3703685  -0.4569173
  -0.74756557 -0.2847952  -0.41636094 -0.61429995 -0.08400072 -0.50846356
  -0.40931225  1.5266845   0.665397   -0.3635013  -0.32478696 -0.44347316
  -0.07185132 -0.26257765  0.31515568 -0.31318378 -0.44080943 -0.63188416
  -0.2655959  -0.6626654  -0.4626278   0.71292937 -0.09341472  0.36577162
  -0.4006781   0.19040826 -0.28558713  1.0062443  -0.0643497  -0.31394064
  -0.1111396   0.8763655   0.20506686 -0.4308894 ]]