[[ 0.7791103   0.40192014  0.78371656  0.07482029 -0.7488328  -0.91344523
  -0.7763286  -0.3802388  -0.11495843 -0.36578283 -0.5774581  -0.976839
   0.16624781 -0.26643333 -0.6455166   1.0738561  -0.4356185   0.45820254
  -0.39776132  0.7245999   2.2855992  -0.4645323  -0.72176576 -0.56861216
   0.04529154 -0.5081203  -0.3402018   0.12189706 -0.44292843 -0.6522368
  -0.32923973 -0.6779882   0.12100553  0.18759362 -0.3338896  -0.34108713
   0.32622376  0.14841592 -0.7826013  -0.59334826 -0.5343581  -0.36189315
  -0.43436298  1.7129707   1.1840535   0.70921403 -0.3651287  -0.33076522
  -0.15941218 -0.03385801  1.2075437   1.7013203   0.11213358 -0.23987629
  -0.6967246  -0.8375786  -0.955114   -0.02291422 -0.35458058  0.22400296
  -0.24529356 -0.33692074 -0.01957278 -0.4494141  -0.5132547  -0.61370206
  -0.8973563  -0.50180393 -0.4412678  -0.67518014  0.62890595 -0.61014026
  -0.48519883  1.1558917   0.9958336  -0.16375588 -0.47065723 -0.4980819
  -0.0988461  -0.02497321  0.23244308 -0.39724123 -0.47871137 -0.6526678
  -0.49527827 -0.80566704 -0.48653045  0.49989164  0.09178597  0.7594958
  -0.5474431   0.4780938  -0.03703915  1.1490567   0.19416928 -0.45607367
  -0.00601792  0.8320721   0.11054398 -0.45444667]]