[[ 1.0398322   1.1335196  -0.07708732 -0.2833111  -0.5655091  -0.85293365
  -1.1978358  -0.7081031  -0.4214509   0.09718975 -0.5710202  -0.99138564
   0.04610048 -0.26882234 -0.78604853  0.02036198 -0.31768355  1.2987279
  -0.38382876  0.8996392   2.1678963  -0.5753364  -0.6836818  -0.70630634
   0.42560378 -0.8015312  -0.29193977 -0.14954062 -0.37076375 -0.6348203
   0.59842324  0.01807484 -0.13472335 -0.5576803  -0.21588099 -0.558919
   0.11067057  0.19888607 -0.7760606  -0.81019616 -0.56655926 -0.46759352
  -0.3979443   0.85563195  1.5439316   1.1477891  -0.45001218  0.13375133
  -0.49851823  0.14450544  2.0680163   2.2253046  -0.36147416 -0.4129263
  -0.6544582  -0.6979819  -0.8491934   0.01664141 -0.4872525  -0.09354815
  -0.04424577 -0.41916788  0.4536631  -0.5962334  -0.4853564  -0.6550799
  -0.78628975 -0.66850907 -0.45673287 -0.73746616  0.2997303  -0.71746767
  -0.42828277  1.322805    0.5193092  -0.28103346 -0.11778603 -0.03397877
  -0.18136825  0.01202881  0.3755546  -0.30136532 -0.34321284 -0.77682495
  -0.5644476  -0.9139848  -0.4955992   1.0685399  -0.15605795  1.0257233
  -0.6053079   0.30965623 -0.04317408  2.0417974  -0.12881988 -0.37881133
  -0.00397029  0.65547705  0.7806955  -0.5593332 ]]