[[ 0.9066275   1.2225932  -0.06936752 -0.21515574 -0.66950744 -1.0415751
  -1.0047535  -0.6259495  -0.27348286 -0.05820032 -0.5573812  -0.8314487
  -0.05272811 -0.23512979 -0.49684262 -0.05057481 -0.4873859   0.18207087
  -0.39696857  1.6190894   1.8235162  -0.58679175 -0.7356531  -0.7840578
   0.10402248 -0.5366729  -0.41368467  1.0643344  -0.54045594 -0.6816533
  -0.31769133 -0.64021605  0.20274915 -0.370563   -0.2790736  -0.4021632
   0.44796586 -0.03237338 -0.47740492 -0.5198625  -0.548907   -0.47928724
  -0.27873352  0.15274458  2.2448356   0.67701185 -0.55456203  0.04015876
  -0.18378535 -0.02209234  1.0071461   2.9841301  -0.0949038  -0.45784223
  -0.65787023 -0.7683622  -1.0620618  -0.12141947 -0.3543268  -0.06592537
  -0.2620117  -0.23362634  0.31455362 -0.4333922  -0.4587748  -0.8261143
  -0.94111353 -0.4819812  -0.34909084 -0.6405185   1.0070871  -0.5647564
  -0.38413873  2.2646487   1.651285    0.94253874 -0.12399995 -0.1994728
   0.07779896  0.18694663  0.6716109  -0.32760012 -0.31142876 -0.6026469
  -0.32037547 -0.6876308  -0.37069607  1.2947456   0.1490615   0.71687484
  -0.50185215  0.5418709   0.8688087   1.7041306  -0.12797116 -0.35485843
   0.04984929  1.1361741   1.0011305  -0.47866   ]]