[[ 0.9759924   1.2334957  -0.12438828 -0.31053868 -0.5016307  -0.802787
  -1.262962   -0.6193062  -0.38329607  0.05258761 -0.61540914 -1.0244126
   0.02740996 -0.24737732 -0.77038157 -0.128342   -0.4002608   1.4726814
  -0.3191963   0.8977105   1.8689358  -0.6011775  -0.5647592  -0.680666
   0.6608861  -0.768681   -0.1369195  -0.22207384 -0.34779936 -0.70334536
   0.72841215  0.27771688 -0.15278491 -0.57843    -0.32256508 -0.5114693
   0.22096437  0.13263722 -0.8553018  -0.7866361  -0.54664963 -0.4631954
  -0.4224214   1.3025446   1.5255309   0.906295   -0.3884738   0.53270346
  -0.5755596   0.24658228  1.9219174   2.3010442  -0.3246231  -0.44340092
  -0.7294611  -0.71597934 -0.639987    0.07710502 -0.4733019  -0.12324684
   0.05064716 -0.40862963  0.34568045 -0.58662343 -0.47748387 -0.622287
  -0.7903366  -0.7460632  -0.49014825 -0.757811    0.0721385  -0.76175773
  -0.4622942   1.4204898   0.47550035 -0.45231462  0.02830712 -0.05956799
  -0.27391636  0.08333477  0.6668869  -0.35209396 -0.30392766 -0.7235745
  -0.6233111  -0.945151   -0.49752027  1.1046938  -0.11358111  1.1531492
  -0.5611013   0.39225823 -0.00377026  1.5593652   0.08844291 -0.42664698
   0.00757377  0.7053686   0.46912667 -0.502023  ]]