[[ 0.5766446   0.9353665   0.59429157 -0.06830022 -0.6197142  -0.7902798
  -0.80897444 -0.42570308 -0.19772618 -0.34644344 -0.5024885  -0.9433548
   0.59304684 -0.2523536  -0.6114779   0.7530188  -0.27014837  0.5698687
  -0.26348338  0.6230126   2.4051862  -0.46306258 -0.64845026 -0.52332735
   0.03379173 -0.5045299  -0.3712906  -0.13104141 -0.27783924 -0.5762231
  -0.25413582 -0.36454517 -0.04299185  0.09824197  0.01478366 -0.28728506
   0.18994278  0.21874677 -0.8006561  -0.6084981  -0.49483618 -0.3288805
  -0.4004514   1.4564759   1.0076325   0.53658634 -0.49456224 -0.2271079
  -0.23144878  0.08064439  1.2550536   1.6106501   0.13173671 -0.07210157
  -0.6381411  -0.7353392  -0.7889616   0.03870506 -0.3704646   0.18865584
  -0.18283424 -0.37957352 -0.03473245 -0.40315473 -0.46759975 -0.4845142
  -0.7658237  -0.42482013 -0.42713138 -0.6474557   0.2899313  -0.49311295
  -0.44493827  1.2003769   1.0329922  -0.5090435  -0.229668   -0.5271504
   0.27096754 -0.09561307  0.3870548  -0.3350675  -0.43011612 -0.5984866
  -0.35126203 -0.69415134 -0.4772077   0.6792434  -0.05368025  0.24681455
  -0.4679519   0.4559558  -0.20767099  0.6713197   0.3937544  -0.38045922
   0.25391397  0.65866053 -0.05453882 -0.5017036 ]]