[[ 0.6312848   1.1170464   0.42046016 -0.00573672 -0.64187133 -0.81169194
  -0.84181625 -0.4291026  -0.13402614 -0.29528913 -0.5354699  -0.89279795
   0.3927144  -0.24481869 -0.58203065  0.4463762  -0.37660947  0.32471824
  -0.23972648  0.87833345  2.0377138  -0.48084792 -0.5314589  -0.5547133
   0.0199292  -0.48182982 -0.39630726 -0.19279575 -0.33875316 -0.62393504
  -0.3044178  -0.46706012  0.02045701 -0.04630973 -0.00386433 -0.31875312
   0.08141788  0.19639209 -0.79790795 -0.5611259  -0.4859644  -0.32846847
  -0.40934828  1.0053018   1.5303326   0.35272986 -0.44241872 -0.39180136
  -0.11662804  0.03300804  1.0268095   2.0259867   0.14286536 -0.15240374
  -0.6293227  -0.70015925 -0.82810503  0.07413562 -0.32349718  0.17276463
  -0.18419297 -0.32736474  0.02042489 -0.31464595 -0.46043363 -0.5140156
  -0.77628803 -0.40462944 -0.39427236 -0.6544779   0.1287031  -0.49358085
  -0.43005547  1.5591987   1.0531306  -0.45966932 -0.16400264 -0.48722097
   0.31843922 -0.10367815  0.61002153 -0.33944634 -0.38684332 -0.53631794
  -0.26190645 -0.7056926  -0.44986254  0.87146765  0.07603858  0.4755625
  -0.4240836   0.41752404 -0.16566037  0.44391277  0.23816308 -0.38772798
   0.1933791   0.81858766 -0.09221501 -0.44371283]]