[[ 0.8546655   1.7786038   0.04136068  0.08141893 -0.6287306  -0.9173779
  -1.0856514  -0.6020201  -0.1151691  -0.1581915  -0.58824843 -0.91147965
  -0.00670264 -0.230195   -0.68821007 -0.21346511 -0.59342414  0.06651695
  -0.39285573  1.3727974   2.0567358  -0.542479   -0.7223158  -0.6986592
  -0.03961458 -0.54935265 -0.43515962 -0.05590869 -0.50456595 -0.7720033
  -0.38817456 -0.57746917  0.0992741  -0.37776747  0.07839294 -0.43910503
   0.07136852  0.40751305 -0.7742683  -0.5618219  -0.5381637  -0.3853461
  -0.41959938  0.14205477  2.1698687   0.31323653 -0.35787398 -0.19214283
   0.22053306 -0.1560243   1.2142855   2.7948487   0.05819888 -0.28480816
  -0.6845246  -0.7489686  -0.86234015  0.13652298 -0.3278234   0.19377081
  -0.28070098 -0.25992656  0.11846722 -0.30346382 -0.45952967 -0.8129822
  -0.94646585 -0.39074412 -0.3459604  -0.74534917  0.08166086 -0.48582503
  -0.39757863  2.0975397   1.1685046  -0.12700404 -0.2524487  -0.40708214
   0.5445674  -0.03255736  0.46155077 -0.38957655 -0.38733983 -0.57599473
   0.02430567 -0.79383427 -0.403536    1.0987955   0.7381462   0.7154974
  -0.5129635   0.38264403  0.00552542  0.48976701  0.08584545 -0.36153144
   0.1928856   0.9687242   0.14239034 -0.36880192]]