[[ 1.3976496   0.2658256   0.45852035 -0.29309085 -0.6711403  -0.8770948
  -0.6361661  -0.44933534 -0.24339654 -0.2743501  -0.43488804 -0.97583133
   0.53137016 -0.30411285 -0.56575775  0.9322048   0.1947522   0.81734973
  -0.33963484  0.52628857  1.5746558  -0.5501831  -0.6517379  -0.5839894
   0.52230585 -0.44773993 -0.07074544  0.22401115 -0.41080877 -0.56768405
   0.11460271 -0.22017075  0.20908609 -0.08558714 -0.3767415  -0.22510007
   0.12353621  0.35465762 -0.7447814  -0.6532507  -0.44656113 -0.35741842
  -0.41390398  1.4398074   1.209849    1.3942887  -0.42021245 -0.2917088
  -0.24259782  0.10454047  1.8255407   1.6352599   0.03081473 -0.2636199
  -0.59029454 -0.6783338  -0.8857132   0.28013092 -0.3490849   0.06671145
  -0.20692357 -0.46291637  0.1794103  -0.47186407 -0.47239107 -0.4162481
  -0.77213514 -0.4951761  -0.44110242 -0.596929    0.3815708  -0.6338276
  -0.42641637  1.7559537   0.92356044 -0.18793221 -0.43869177 -0.44461304
  -0.3198049  -0.18764535  0.25208166 -0.2621706  -0.4636572  -0.6745053
  -0.5795131  -0.72525847 -0.4902585   0.613781   -0.23648457  0.49059048
  -0.4503307   0.2125577  -0.15624985  1.7159134  -0.1091253  -0.3620882
  -0.10264091  0.937479    0.5834122  -0.49003422]]