[[ 1.0983688   0.55561984  0.8141582  -0.10110358 -0.7875943  -0.90915275
  -0.6985739  -0.4626836  -0.20693222 -0.38249552 -0.49546218 -1.0627853
   0.5796605  -0.29041424 -0.6842991   1.0599185  -0.16276985  0.6662408
  -0.37883168  0.5692717   2.7470903  -0.4879006  -0.84783286 -0.56257904
   0.09916929 -0.6195777  -0.20891967  0.14744668 -0.35299316 -0.61673707
  -0.2031518  -0.33323258  0.07998666  0.20666155 -0.16923055 -0.34899977
   0.09811851  0.48753208 -0.8545326  -0.63590723 -0.52963656 -0.30584598
  -0.43192807  2.1127481   0.9861348   1.1161923  -0.49849024 -0.34542292
  -0.17006218 -0.08081882  2.0359244   1.4237447   0.14214626  0.04268105
  -0.7372097  -0.88057995 -0.97841007  0.4618979  -0.4095904   0.47188973
  -0.24991517 -0.46569267  0.01666782 -0.47573945 -0.46479318 -0.53639585
  -0.83581847 -0.41915518 -0.43689263 -0.586215    0.59175974 -0.6305368
  -0.4915809   1.2233486   1.0704546  -0.11120254 -0.63441664 -0.5034474
   0.02544688 -0.01387516  0.12253155 -0.3225955  -0.49910545 -0.7230969
  -0.53552145 -0.7933815  -0.5015453   0.40679336 -0.25399756  0.47392112
  -0.59601223  0.3866044  -0.20104069  1.4348702   0.24330723 -0.37863478
  -0.02749783  0.84049404  0.31681052 -0.5695345 ]]