[[ 0.7263191   1.5324166  -0.10810884 -0.10419653 -0.61453176 -0.855022
  -0.9153574  -0.44380012 -0.11869229 -0.20489293 -0.54897124 -0.81468344
  -0.14044176 -0.22902966 -0.643116   -0.16104776 -0.47332916  0.10907094
  -0.31151018  1.3858566   1.6403147  -0.54940015 -0.6131579  -0.6418929
  -0.08209988 -0.54903203 -0.45571202  0.12135708 -0.47102806 -0.6361839
  -0.3574556  -0.5676158   0.26679784 -0.35999256 -0.0077239  -0.4713824
   0.13506696  0.14760338 -0.6196241  -0.49989516 -0.49871984 -0.40350965
  -0.37692952  0.08280432  2.136457    0.39713576 -0.44321755 -0.14104372
  -0.04858061 -0.14829661  0.88140166  2.904035   -0.2074705  -0.3983764
  -0.6620616  -0.64081436 -0.8297801  -0.12389103 -0.34393185 -0.09404132
   0.01529819 -0.26382712  0.19627014 -0.37000453 -0.5041036  -0.73342776
  -0.8590627  -0.4599224  -0.39419088 -0.68249774  0.16997221 -0.46793938
  -0.38808823  2.4305916   1.4192808   0.03673548 -0.04586896 -0.34337303
   0.347351   -0.05699836  0.5997481  -0.40450138 -0.31207502 -0.5335375
  -0.23842654 -0.67980283 -0.4219321   1.2204823   0.16301708  0.6533312
  -0.4293883   0.47092268  0.08535424  0.7092426   0.08514826 -0.34894082
   0.20360355  0.9862967   0.26891553 -0.34424797]]