[[ 0.3520416   1.0834886   0.09086362 -0.2867296  -0.4982254  -1.0036901
  -0.7626443  -0.81038904 -0.40570349  0.18308046 -0.41759133 -0.9042251
   1.5338433  -0.24259746 -0.46583718  0.94454116 -0.38940892  1.0919973
  -0.27707657  1.3711442   1.2124372  -0.5684316  -0.5640409  -0.76988703
  -0.08884913 -0.3778884  -0.41192964 -0.3719848  -0.31058833 -0.5125163
  -0.2808442  -0.34959346  0.00412926 -0.48331475 -0.4150668  -0.31393075
   0.5537107  -0.19946985 -0.767703   -0.7427325  -0.5747696  -0.38456607
  -0.3248426   0.28651285  2.105304    0.48006675 -0.34744576 -0.31993955
  -0.40181464  0.9171127   1.0467341   2.5767097   0.39986414 -0.29860228
  -0.19165428 -0.45390666 -1.0462778   0.0719372  -0.35288903  0.17094278
  -0.27176464 -0.30059826  0.11031637 -0.1946755  -0.4952242  -0.48351046
  -0.5738047  -0.3881584  -0.3163448  -0.69813776  0.41480756 -0.6286435
  -0.37061167  1.3686825   1.2116094  -0.39153618 -0.20798622 -0.49980474
  -0.22390394 -0.2538999   0.43651313  0.24503359 -0.37426272 -0.634382
  -0.40050048 -0.64896786 -0.377146    1.2154714  -0.19686183  0.30560964
  -0.45392084  0.01871694 -0.31277508  0.945326   -0.19906616 -0.31107894
   0.3195998   0.9527166  -0.17967674 -0.56396973]]