[[ 1.351623    0.82835054 -0.3068941  -0.24657956 -0.66985947 -0.91383874
  -0.7786246  -0.43829766 -0.03633533 -0.26523954 -0.5015635  -0.8826262
  -0.220428   -0.26974523 -0.6547179  -0.17109196 -0.46140578  0.39735335
  -0.3072019   1.0652673   1.294394   -0.6043425  -0.6218657  -0.5381087
  -0.01437167 -0.595622    0.00382032  0.05785046 -0.41333184 -0.77227426
  -0.25615838 -0.2540793   0.18225977 -0.3664339  -0.3080261  -0.46124125
  -0.08575134  0.51091236 -0.7803456  -0.470197   -0.49107483 -0.32667336
  -0.48390043  0.84114265  1.8005435   0.39224872 -0.25310364 -0.17461193
  -0.1025389  -0.16056877  1.534563    2.3149803  -0.43274564 -0.24092965
  -0.8055205  -0.78409666 -0.4959369   0.96045125 -0.28233513  0.11016173
  -0.15571283 -0.37240824  0.08578316 -0.5764492  -0.31887284 -0.48105407
  -0.8254339  -0.6339313  -0.39643177 -0.5462427  -0.11250848 -0.646392
  -0.4715968   2.0103035   0.83331186  0.58472663 -0.28188297 -0.2022896
   0.04585028 -0.14432643  0.6621243  -0.43096614 -0.16874294 -0.5052302
  -0.2979541  -0.81493133 -0.4504652   0.9669041  -0.07253997  1.5548085
  -0.47373995  0.25115943 -0.06411792  1.0401218  -0.34226635 -0.44056472
  -0.2048768   1.1203854   0.07484902 -0.2557295 ]]