[[ 0.75996864  1.6613007  -0.1885402  -0.30601275 -0.5522396  -0.8074939
  -1.3729651  -0.6172421  -0.41684195  0.08408104 -0.654289   -1.0789007
  -0.1855011  -0.2809527  -0.8794341  -0.16975936 -0.42431542  1.6236748
  -0.36609712  0.54918134  2.3206308  -0.63764995 -0.727301   -0.6206416
   1.0037482  -1.0076321   0.06621656 -0.16010022 -0.3625375  -0.7741699
   1.0168884   0.91388226 -0.2531378  -0.6511033  -0.2593964  -0.56424683
   0.07292807  0.22461028 -0.8802123  -0.8181401  -0.53900445 -0.43421167
  -0.42545992  1.8297776   1.0294691   0.7492182  -0.40326792  0.9820196
  -0.6104771   0.08069205  1.9372737   1.5699646  -0.58026415 -0.4246747
  -0.8025117  -0.75079626 -0.7119274   0.21381992 -0.50861496 -0.18599042
   0.10899773 -0.4443983   0.1699522  -0.7117259  -0.48120272 -0.69939095
  -0.7862182  -0.7621119  -0.5032136  -0.67743194  0.11245592 -0.8422477
  -0.5189755   0.92022264  0.2669121  -0.40084672 -0.17533983 -0.05517876
  -0.30364788  0.27135345  0.1705198  -0.3979314  -0.29756916 -0.78167015
  -0.72701997 -1.0268546  -0.5008546   0.7645483  -0.15633583  0.8066544
  -0.69188863  0.38775805 -0.0691618   1.493004    0.34810677 -0.4294657
  -0.02499025  0.40920445  0.2960026  -0.4585921 ]]