[[ 0.7907788   1.1567007   0.23686866 -0.10455872 -0.626094   -0.8940301
  -0.96662426 -0.4772425  -0.25238734 -0.11799739 -0.45975366 -1.0300827
   0.4453636  -0.27785325 -0.71832097  0.0642024  -0.5010939   0.92746824
  -0.30469647  0.94610023  2.4036806  -0.49651504 -0.7199424  -0.69531643
   0.04706586 -0.58478945 -0.26312324 -0.12254527 -0.35935998 -0.72103626
  -0.3259529  -0.2962681   0.13753363 -0.3255393  -0.15268256 -0.39211524
   0.5586541   0.41823304 -0.8382365  -0.6265501  -0.5607253  -0.01077095
  -0.438349    1.1389909   1.4614494   0.76378787 -0.30746982  0.07691184
   0.2162007   0.00940713  1.9281628   2.0620828   0.10086795  0.2807649
  -0.76771194 -0.8556378  -0.7975171   0.3191669  -0.3861669   0.4291631
  -0.23913531 -0.3409006  -0.02175302 -0.39016134 -0.4810311  -0.63298035
  -0.9554493  -0.5244463  -0.43809432 -0.6430908   0.52109987 -0.65006304
  -0.49374768  1.322752    0.84661514 -0.18515573 -0.39851552 -0.41251603
   0.04919766 -0.10312299  0.19744307 -0.42134503 -0.4357834  -0.6495576
  -0.4225908  -0.7992494  -0.44673464  0.60029036  0.47560433  0.38647616
  -0.58999676  0.32121807 -0.11179738  0.7895223   0.15341786 -0.34000722
   0.2526479   0.74122465  0.03298053 -0.36936828]]