[[ 7.04643309e-01  1.05487907e+00 -1.17510527e-01 -2.80248046e-01
  -6.35499001e-01 -1.09096694e+00 -1.00146949e+00 -7.96262026e-01
  -3.65920246e-01 -2.05428302e-02 -5.41393042e-01 -1.06387198e+00
   7.93414533e-01 -2.77039528e-01 -6.65550113e-01  6.50420725e-01
  -4.75267291e-01  1.08410752e+00 -4.35065806e-01  4.39138740e-01
   2.33431888e+00 -6.26782119e-01 -7.56122768e-01 -6.91027582e-01
   3.57503816e-03 -6.76718891e-01 -2.24518031e-01 -3.20702225e-01
  -4.33551908e-01 -7.86745727e-01 -3.22410941e-01 -1.94675233e-02
  -2.54336476e-01 -6.06492221e-01 -1.70119002e-01 -4.82571036e-01
   1.89322129e-01  3.54327887e-01 -8.80473018e-01 -7.32744277e-01
  -6.51718080e-01 -1.87661827e-01 -4.59526241e-01  4.99774784e-01
   1.07262993e+00  1.95348904e-01  3.62024903e-02 -1.35727346e-01
  -2.78650135e-01  3.80942255e-01  1.59459829e+00  1.39187765e+00
  -1.75213873e-01 -1.20839275e-01 -4.62342918e-01 -7.40360975e-01
  -7.71784961e-01  6.45765424e-01 -2.30205953e-01  3.51589099e-02
  -2.59840339e-01 -3.80801827e-01 -5.21884486e-02 -3.81730080e-01
  -4.89202708e-01 -5.90262830e-01 -7.15189397e-01 -6.30391896e-01
  -3.24709803e-01 -7.28524745e-01  4.15451020e-01 -7.65138626e-01
  -5.05688846e-01  9.22129095e-01  6.13418281e-01  1.02048740e-03
  -4.15865809e-01 -3.55113864e-01 -6.53650537e-02 -1.87565103e-01
   1.66768551e-01 -4.78341877e-02 -3.08687508e-01 -5.18869698e-01
  -4.50398505e-01 -9.09240365e-01 -4.14853185e-01  4.26953256e-01
   3.15527439e-01  5.38896441e-01 -6.61768734e-01 -2.96039600e-03
  -5.05013347e-01  1.08586836e+00 -5.29519618e-02 -3.89867783e-01
   3.94796640e-01  4.64316308e-01 -3.33898395e-01 -5.42537093e-01]]