[[ 5.21125197e-01  6.43794298e-01  7.63672709e-01 -7.38617405e-02
  -6.06729746e-01 -7.84102142e-01 -7.25452363e-01 -3.82635683e-01
  -1.67460591e-01 -3.92628044e-01 -4.62942690e-01 -9.78217781e-01
   5.55495918e-01 -2.80466348e-01 -6.44094706e-01  9.39297616e-01
  -2.68317014e-01  4.84608203e-01 -2.97150433e-01  3.99653792e-01
   2.57042146e+00 -4.46621656e-01 -7.31816590e-01 -4.95365918e-01
  -2.05961876e-02 -5.23044229e-01 -3.71968180e-01 -5.11165932e-02
  -2.70281225e-01 -5.62860608e-01 -2.79584318e-01 -3.38098913e-01
  -6.71520680e-02  1.79073632e-01 -1.15461595e-01 -3.34302276e-01
   4.42460179e-02  3.30208272e-01 -7.99342155e-01 -6.21185124e-01
  -5.00722885e-01 -2.77769089e-01 -4.21679974e-01  1.65591025e+00
   8.21074367e-01  4.98826176e-01 -4.97725606e-01 -1.47839531e-01
  -1.24929130e-01 -4.38901410e-02  1.27211130e+00  1.26079333e+00
   1.11254603e-01 -6.52531628e-04 -6.51321590e-01 -7.46814907e-01
  -7.87941635e-01  1.09099194e-01 -3.70332003e-01  2.81498492e-01
  -1.49857432e-01 -3.99190307e-01 -1.26196578e-01 -3.98600459e-01
  -4.70911533e-01 -5.24389327e-01 -7.92493463e-01 -4.06318098e-01
  -4.40167010e-01 -6.15322173e-01  4.24739867e-01 -5.02757251e-01
  -4.68449503e-01  9.09717441e-01  8.85153830e-01 -4.29505646e-01
  -3.26813966e-01 -5.50904274e-01  1.11486539e-01 -1.11282282e-01
   1.49880156e-01 -3.97005081e-01 -5.10895610e-01 -6.28335476e-01
  -3.95218581e-01 -7.03239560e-01 -4.83269513e-01  4.62833047e-01
  -6.33477196e-02  1.27877653e-01 -5.14750957e-01  4.08745110e-01
  -2.61130661e-01  7.80351877e-01  3.87603045e-01 -4.01078969e-01
   1.16650127e-01  5.46365678e-01 -4.06379513e-02 -4.89918053e-01]]