[[ 5.5707711e-01  8.9648372e-01  6.5096259e-01 -1.3474473e-03
  -6.7677724e-01 -8.3506972e-01 -7.7673447e-01 -4.1693527e-01
  -1.5677431e-01 -3.6324164e-01 -5.3082240e-01 -9.2479968e-01
   4.6820354e-01 -2.6077384e-01 -6.3396907e-01  7.5696915e-01
  -3.4778234e-01  2.8607610e-01 -2.6209962e-01  6.2788802e-01
   2.3756392e+00 -4.6186200e-01 -5.8362806e-01 -5.3816134e-01
  -3.5652678e-02 -5.8105874e-01 -3.8224268e-01 -5.3166516e-02
  -3.5035616e-01 -5.7967317e-01 -3.3011723e-01 -4.2823863e-01
  -2.1595482e-02  1.0667554e-01 -1.0781810e-02 -3.6833593e-01
   4.5853555e-03  1.2194790e-01 -7.9826456e-01 -5.7193804e-01
  -5.0235450e-01 -3.2865858e-01 -4.0385911e-01  1.4599365e+00
   1.2789732e+00  4.1890350e-01 -4.8056981e-01 -3.9043045e-01
  -2.3652504e-01 -1.0256047e-01  1.0969969e+00  1.7020129e+00
   1.1551129e-01 -7.1882747e-02 -6.5154088e-01 -7.4406981e-01
  -8.6589068e-01  9.8551266e-02 -3.3026156e-01  2.3159648e-01
  -1.5624018e-01 -3.7674955e-01 -5.2108228e-02 -3.1915295e-01
  -4.8700705e-01 -4.6611592e-01 -7.7015793e-01 -4.1980234e-01
  -4.2271304e-01 -6.2720311e-01  3.5563990e-01 -5.2141261e-01
  -4.7515619e-01  1.3259329e+00  1.1117730e+00 -3.7490535e-01
  -2.6445046e-01 -4.9596095e-01  2.7751949e-01 -8.7511793e-02
   4.8658648e-01 -4.2209393e-01 -4.1656652e-01 -5.6075835e-01
  -3.8986248e-01 -7.0722157e-01 -4.8414782e-01  6.6209471e-01
  -1.9856018e-01  3.3200946e-01 -4.7625470e-01  4.4208106e-01
  -2.0607775e-01  6.5021288e-01  3.6519426e-01 -4.2689610e-01
   1.8495865e-01  7.3354959e-01 -4.2318560e-02 -4.9962291e-01]]