[[ 0.6934372   0.83827627  0.57759255 -0.04764249 -0.57678497 -0.7680661
  -0.80569404 -0.4250629  -0.19412452 -0.3213366  -0.46004423 -0.96790475
   0.66206497 -0.2619247  -0.6111177   0.63817817 -0.21250667  0.6631329
  -0.22253267  0.62234724  2.2606835  -0.4739852  -0.6390687  -0.54461
   0.0897842  -0.46606278 -0.37722456 -0.15723884 -0.22960785 -0.59010124
  -0.18514566 -0.28435045 -0.02582355  0.01969971 -0.07698298 -0.29280448
   0.1744349   0.364117   -0.8177671  -0.6270491  -0.49831098 -0.31941375
  -0.41898867  1.3028355   1.1129451   0.5941493  -0.48495582 -0.14937124
  -0.13628441  0.10529049  1.3809767   1.6638141   0.20717163 -0.00387545
  -0.6395713  -0.7176905  -0.7520631   0.15973426 -0.38310376  0.27835914
  -0.16564806 -0.39271906 -0.0520224  -0.37007907 -0.46131784 -0.51808155
  -0.79356754 -0.3929077  -0.42754295 -0.66103345  0.21386006 -0.4947621
  -0.438407    1.2312131   0.892023   -0.48741326 -0.19018099 -0.5297412
   0.16890559 -0.16205245  0.36497086 -0.35602033 -0.48370633 -0.6130656
  -0.31553105 -0.70645994 -0.47599006  0.72050166  0.04742435  0.29058534
  -0.4555889   0.40401676 -0.21813136  0.7487372   0.30085188 -0.38441384
   0.17907223  0.68374044 -0.00633729 -0.48346707]]