[[ 5.0868064e-01  1.3709220e+00 -3.4625344e-02 -2.2282378e-01
  -6.2467963e-01 -1.0320795e+00 -9.8606986e-01 -8.4547687e-01
  -3.8153949e-01 -2.6386604e-03 -5.4360646e-01 -9.8604631e-01
   9.5574445e-01 -2.5147212e-01 -6.6246057e-01  7.7964824e-01
  -2.6216862e-01  9.4956142e-01 -4.2763248e-01  4.9977955e-01
   2.2258022e+00 -6.2515837e-01 -7.3658955e-01 -6.8630284e-01
  -4.5440719e-04 -6.1746693e-01 -3.8307923e-01 -2.6180103e-01
  -4.5901635e-01 -6.3679838e-01 -2.5194511e-01 -2.3834111e-01
  -2.7050710e-01 -5.9694844e-01  1.1826560e-01 -4.6230900e-01
   2.3775443e-01  1.9722542e-01 -7.4996144e-01 -7.7992445e-01
  -6.0269707e-01 -4.0222454e-01 -4.0606159e-01  1.3561076e-01
   9.8694199e-01  4.0686452e-01 -1.3222140e-01 -2.4560793e-01
  -4.3579495e-01  4.1549912e-01  1.2881883e+00  1.5582558e+00
  -8.2682408e-02 -3.9893571e-01 -3.3265105e-01 -5.8988029e-01
  -8.8969314e-01  7.6829322e-02 -3.1167498e-01 -1.5692289e-01
  -1.8288761e-01 -3.7329265e-01  4.3466311e-02 -3.3696985e-01
  -5.5261105e-01 -6.4659733e-01 -6.1587960e-01 -5.1806331e-01
  -3.3687952e-01 -8.1808257e-01  3.0911502e-01 -5.8805627e-01
  -4.3642449e-01  1.1768945e+00  9.2409599e-01 -3.6857077e-01
  -3.2233840e-01 -4.8313427e-01  2.6871040e-01 -1.5953879e-01
   1.0256854e-01  4.5775823e-02 -3.4827283e-01 -5.7982785e-01
  -3.0284899e-01 -7.9588878e-01 -4.2458659e-01  5.0188649e-01
   2.1219763e-01  1.7049438e-01 -5.8282226e-01  5.8869064e-02
  -5.2114016e-01  1.1040576e+00  7.8541420e-02 -3.4038422e-01
   5.5366898e-01  4.2844582e-01 -7.3296502e-02 -5.7365209e-01]]