[[ 8.0336100e-01  8.9142847e-01  2.9178372e-01 -1.3346541e-01
  -5.8936280e-01 -8.7261820e-01 -8.9214563e-01 -4.5564312e-01
  -1.1427323e-01 -2.0463628e-01 -4.7888559e-01 -9.9434543e-01
   4.4671375e-01 -2.7785659e-01 -6.1000109e-01  2.4246323e-01
  -5.1777852e-01  6.1343223e-01 -3.2186779e-01  8.9438713e-01
   2.2734942e+00 -5.0744641e-01 -7.2928995e-01 -6.8595821e-01
   9.4825521e-02 -5.2118534e-01 -3.8133311e-01 -1.9560777e-02
  -3.5785043e-01 -7.2084808e-01 -3.5370654e-01 -3.5223830e-01
   1.5199827e-01 -3.4472346e-01 -3.4924495e-01 -4.2827776e-01
   3.2675511e-01  5.4588574e-01 -8.4756768e-01 -6.4170069e-01
  -5.6006563e-01  1.1829149e-01 -4.3002108e-01  7.5584728e-01
   1.6956122e+00  5.6979924e-01 -2.6124156e-01 -5.2641314e-02
   3.0208173e-01 -1.1449081e-03  1.6464294e+00  1.9337732e+00
   1.0852811e-01  2.6270035e-01 -2.8966787e-01 -5.7543701e-01
  -7.6786304e-01  2.9465890e-01 -2.6990119e-01  4.3571982e-01
  -2.1878865e-01 -2.7244729e-01 -8.4010465e-03 -3.0275142e-01
  -4.6606299e-01 -6.1528265e-01 -9.3381739e-01 -4.6331757e-01
  -3.9345950e-01 -6.0384327e-01  4.9687180e-01 -6.5231365e-01
  -4.6217456e-01  1.3073640e+00  8.0799997e-01 -2.3906559e-01
  -4.5742631e-01 -4.4186479e-01 -1.5227689e-01 -1.0224061e-01
   2.4663730e-01 -3.4116077e-01 -4.6877003e-01 -6.3463539e-01
  -4.2622450e-01 -7.8392041e-01 -4.3361908e-01  6.1087012e-01
   5.0199425e-01  3.8746649e-01 -5.7292706e-01  2.2770371e-01
  -1.5643732e-01  8.3807659e-01  1.6765845e-01 -3.4031707e-01
   8.4973134e-02  7.8190553e-01 -7.9588098e-03 -3.5042998e-01]]