[[ 0.98344636  1.1202531   0.32873985 -0.03370979 -0.62661016 -0.82867825
  -0.8664517  -0.48602265 -0.23711798 -0.12174463 -0.47435048 -0.9345904
   0.5643457  -0.2720388  -0.6683571   0.12912725 -0.1255743   0.86116385
  -0.27360386  0.9548265   1.899021   -0.5312232  -0.6830523  -0.6308258
   0.20595123 -0.55747485 -0.35848612 -0.01970345 -0.36397025 -0.61356366
  -0.11313617 -0.3100428   0.10020968 -0.2663861  -0.08178195 -0.3672344
   0.38599223  0.47994623 -0.7643278  -0.61602014 -0.47938395 -0.3257854
  -0.40454578  0.9182268   1.3908128   1.1653033  -0.4867838  -0.28039694
  -0.03523104 -0.03315115  1.9962232   2.1319463   0.1810542  -0.01613136
  -0.68708014 -0.73088485 -0.8484233   0.2377833  -0.4137794   0.31074017
  -0.21425153 -0.36442834  0.0880174  -0.300238   -0.44153482 -0.5578932
  -0.82740355 -0.38402477 -0.4286434  -0.63881737  0.08241484 -0.5799858
  -0.4357738   1.6083555   0.9635601  -0.25442427 -0.35774663 -0.40101504
   0.09445484 -0.11476573  0.26097295 -0.35130188 -0.38679782 -0.6628979
  -0.33994502 -0.70775855 -0.4758474   0.6862972   0.10689557  0.3437804
  -0.4882475   0.30430678 -0.12850578  1.0258464   0.09071107 -0.31550625
   0.12647012  0.8777588   0.33775088 -0.4496152 ]]