[[ 0.93823034  1.0176363   0.44889694 -0.06489797 -0.6518422  -0.83661896
  -0.8216592  -0.45015302 -0.18941163 -0.20563531 -0.48361495 -0.95211047
   0.503963   -0.26900622 -0.6648375   0.34915262 -0.17931277  0.75442255
  -0.31075397  0.86900723  2.031221   -0.5164222  -0.7218364  -0.60082567
   0.1478287  -0.5400017  -0.32408562  0.02826366 -0.3748071  -0.6151011
  -0.17012702 -0.36497486  0.10432282 -0.15745342 -0.11779884 -0.37467086
   0.32501075  0.48005426 -0.7601949  -0.6116346  -0.48119283 -0.2959204
  -0.41374254  1.1027496   1.3088084   1.0438336  -0.40879887 -0.24422206
  -0.03221454 -0.05591013  1.8238529   1.9538003   0.1491734  -0.03586201
  -0.6910699  -0.7513014  -0.8187586   0.19087231 -0.40630576  0.32206032
  -0.21012169 -0.37522256  0.06186916 -0.33780316 -0.4449572  -0.5692697
  -0.82567793 -0.38954148 -0.4277869  -0.62450445  0.2112737  -0.5758587
  -0.45009086  1.505355    0.98760676 -0.24573104 -0.41232434 -0.42897466
   0.06349648 -0.09059439  0.2193752  -0.33444503 -0.4124269  -0.6701382
  -0.39454365 -0.7269062  -0.46756887  0.61625373  0.1341185   0.36482328
  -0.5186647   0.33449665 -0.13619304  1.0220087   0.14951473 -0.32512337
   0.08706582  0.8389099   0.31314045 -0.42723864]]