[[ 1.1243153   0.59353507  0.73129404 -0.06205687 -0.7385356  -0.8679047
  -0.7057994  -0.4477561  -0.186726   -0.39098963 -0.4800221  -1.028376
   0.6103192  -0.2912936  -0.6871571   0.86711454 -0.09446592  0.61975133
  -0.33065638  0.41603783  2.5417445  -0.48661712 -0.8022891  -0.5226907
   0.12565582 -0.61935735 -0.20427738 -0.02597678 -0.30991578 -0.6293549
  -0.14090997 -0.23496354 -0.01923205  0.11495252 -0.12843989 -0.3438863
  -0.0742266   0.5851126  -0.8751271  -0.6219359  -0.5050831  -0.28900763
  -0.44582975  1.9103634   1.0175303   0.95142955 -0.48432937 -0.37804574
  -0.16875638 -0.11993562  2.047009    1.2769307   0.14906815  0.10144732
  -0.7231647  -0.83896446 -0.8922231   0.57997143 -0.3966898   0.482448
  -0.24593373 -0.45724258 -0.05132502 -0.40354532 -0.43184158 -0.5042396
  -0.81754744 -0.39990517 -0.43050763 -0.5972483   0.3204575  -0.61764055
  -0.49229547  1.2351973   0.9157203  -0.22510856 -0.6088493  -0.48588043
   0.0557147  -0.14689472  0.09700146 -0.37635684 -0.47520992 -0.6922492
  -0.44396734 -0.78603506 -0.50802565  0.44220838 -0.20702088  0.50481945
  -0.5600362   0.30588716 -0.3288607   1.2492738   0.20256773 -0.39388022
  -0.01037124  0.803963    0.10780778 -0.52609855]]