[[ 7.45762587e-01  1.58578575e+00 -7.45172426e-02 -1.11377098e-01
  -5.89982271e-01 -8.72929633e-01 -9.51540172e-01 -4.75397557e-01
  -1.09176092e-01 -1.88761339e-01 -5.61863065e-01 -8.18294883e-01
   5.70676997e-02 -2.14992478e-01 -6.12684131e-01 -1.92636311e-01
  -4.94067162e-01  1.08775139e-01 -3.03571820e-01  1.44029891e+00
   1.54038417e+00 -5.37066221e-01 -6.26535594e-01 -6.43573403e-01
  -4.21786420e-02 -5.38542032e-01 -3.97810251e-01  1.38053268e-01
  -4.84797925e-01 -6.59719706e-01 -3.55758578e-01 -5.72327077e-01
   1.70479000e-01 -3.42023015e-01 -3.16083170e-02 -4.46093529e-01
   1.71587855e-01  1.39755949e-01 -6.65989697e-01 -4.90021408e-01
  -4.80172366e-01 -3.67186725e-01 -3.50769192e-01  1.22918084e-01
   2.19207072e+00  3.76604468e-01 -3.97428721e-01 -1.90033242e-01
  -5.00197411e-02 -1.35723442e-01  9.44059014e-01  2.97641969e+00
  -1.28129855e-01 -3.38855058e-01 -6.39184356e-01 -6.78962529e-01
  -6.96159542e-01 -7.96621442e-02 -3.32915395e-01 -5.22254519e-02
  -1.75395802e-01 -2.70105302e-01  1.99267447e-01 -3.44752401e-01
  -4.26995724e-01 -5.54898262e-01 -8.12696576e-01 -4.79721218e-01
  -3.76467496e-01 -6.42415404e-01  1.26597151e-01 -5.06237686e-01
  -4.04547453e-01  2.28864431e+00  1.33206010e+00  1.48381665e-03
  -8.39694142e-02 -2.98817337e-01  3.54989409e-01 -2.43053138e-02
   8.10095966e-01 -4.04698074e-01 -2.26868644e-01 -5.20269096e-01
  -2.15656400e-01 -6.87263906e-01 -4.10684615e-01  1.24242282e+00
   2.28313759e-01  6.83142483e-01 -4.42491323e-01  4.83967245e-01
   1.37869284e-01  6.23568296e-01  9.02022272e-02 -3.78932148e-01
   2.04751685e-01  1.06462836e+00  2.17775434e-01 -3.40764314e-01]]