[[ 1.2919647   0.29605818  0.48357564 -0.28896835 -0.66589063 -0.86874837
  -0.6406083  -0.44503725 -0.25817227 -0.262237   -0.4414129  -0.9693442
   0.59649575 -0.30334273 -0.5365478   0.9351704   0.21183921  0.88670725
  -0.31199878  0.48814976  1.5951242  -0.5466872  -0.6474195  -0.56876963
   0.5370825  -0.41482517 -0.05720099  0.22250208 -0.37985227 -0.57212025
   0.13999961 -0.19354877  0.12289959 -0.08565813 -0.38286355 -0.19037428
   0.16971377  0.36350417 -0.7473647  -0.661706   -0.44734547 -0.360417
  -0.40894806  1.4750984   1.1579099   1.3215644  -0.43545184 -0.27416027
  -0.2570719   0.18689857  1.7933605   1.5192043   0.07434055 -0.260152
  -0.5832799  -0.6764446  -0.8915639   0.2714525  -0.3732766   0.0608555
  -0.21539667 -0.45386124  0.11261901 -0.45135593 -0.45858738 -0.39478007
  -0.7525335  -0.48570904 -0.4354238  -0.59798235  0.3920645  -0.64167917
  -0.42992267  1.5661798   0.8537094  -0.1979508  -0.36363435 -0.4428429
  -0.3257112  -0.1884063   0.31421116 -0.22908132 -0.45872143 -0.66984165
  -0.5717069  -0.7290276  -0.48103446  0.638696   -0.17025012  0.4540747
  -0.43783024  0.2005597  -0.11654197  1.686065   -0.10089202 -0.35998118
  -0.07693669  0.87114966  0.5047623  -0.5094404 ]]