[[ 8.6026514e-01  9.2254031e-01  4.8266938e-01  8.5268053e-04
  -6.1421180e-01 -7.7739209e-01 -7.7541566e-01 -4.2543408e-01
  -1.4009139e-01 -2.8752944e-01 -4.7492445e-01 -8.6523980e-01
   4.6251380e-01 -2.5161675e-01 -5.6082129e-01  3.6822912e-01
  -2.1445110e-01  4.1718248e-01 -2.5018868e-01  8.6034256e-01
   1.6552411e+00 -4.9165663e-01 -5.3083384e-01 -5.5183405e-01
   1.4787625e-01 -4.4204444e-01 -3.3840913e-01 -1.5685575e-01
  -3.5389903e-01 -5.9981567e-01 -1.9316567e-01 -4.5185077e-01
   4.1455951e-02 -9.9194944e-02 -1.2722652e-01 -3.1690845e-01
   6.7473918e-02  2.3970288e-01 -7.8245538e-01 -5.5211365e-01
  -4.5385242e-01 -3.1034476e-01 -4.0633857e-01  8.8219750e-01
   1.6042910e+00  5.8906293e-01 -4.1046336e-01 -3.6031109e-01
  -1.3896523e-01  2.4266666e-02  1.1674668e+00  2.0075603e+00
   2.4801996e-01 -9.8258987e-02 -6.1144680e-01 -6.6994214e-01
  -7.7189761e-01  1.9211391e-01 -3.3121884e-01  2.7764615e-01
  -1.8966666e-01 -3.4158403e-01  5.3078886e-02 -2.4528240e-01
  -4.1739067e-01 -4.8128611e-01 -7.5776398e-01 -3.5033587e-01
  -3.9804149e-01 -6.3381863e-01  3.4889489e-02 -4.9346566e-01
  -4.1975915e-01  1.6611179e+00  9.4631302e-01 -4.3511197e-01
  -1.7265069e-01 -4.6021497e-01  1.3549303e-01 -1.6699323e-01
   5.8555102e-01 -3.2957256e-01 -3.9815149e-01 -5.5896008e-01
  -2.8830543e-01 -6.8189722e-01 -4.4708827e-01  8.8135844e-01
   3.5168089e-02  5.0264257e-01 -4.0449348e-01  3.6783025e-01
  -1.7651112e-01  6.2829190e-01  1.3796601e-01 -3.6995953e-01
   7.2883055e-02  9.0723318e-01  2.9178232e-02 -4.4074026e-01]]