[[ 0.88871676  1.3596423   0.10377324  0.15489103 -0.5807703  -0.7878387
  -0.94159096 -0.5411182  -0.12511513 -0.17207633 -0.5338192  -0.72057503
   0.04627259 -0.22874968 -0.56039363 -0.16968161 -0.45092013 -0.00377811
  -0.32389003  1.2735624   1.3375419  -0.53514576 -0.56231415 -0.62854725
   0.03125459 -0.535024   -0.46806565  0.0366964  -0.45614204 -0.6127785
  -0.31722283 -0.5761815   0.11992823 -0.3387653   0.13061956 -0.40024266
   0.04485065 -0.19020133 -0.6282424  -0.4724089  -0.4836014  -0.4127873
  -0.37969947  0.1276104   2.097553    0.28288934 -0.44376191 -0.23664905
  -0.2953374  -0.15427461  0.6023646   2.67154     0.14254045 -0.23494063
  -0.5873131  -0.58006066 -0.8282474   0.15156783 -0.2564376   0.18081617
  -0.2583049  -0.2540174   0.17654489 -0.1929091  -0.40515566 -0.6750607
  -0.7940985  -0.2714584  -0.3492883  -0.65819806  0.0588735  -0.32729438
  -0.3525344   2.1351082   1.3118038  -0.08283564 -0.12342091 -0.3575859
   0.5967883  -0.09092712  0.5633217  -0.36087704 -0.31768924 -0.5196932
  -0.04094173 -0.6377048  -0.4122636   1.2185496  -0.16852999  0.77069604
  -0.3712913   0.43334675  0.08106805  0.51342535  0.07342033 -0.35463348
   0.21649595  1.1013259   0.24519657 -0.4410288 ]]