[[ 0.7359542   1.5588117  -0.09153538 -0.10773365 -0.6025717  -0.86407655
  -0.9330853  -0.45940962 -0.11393605 -0.19714619 -0.55530906 -0.8163968
  -0.04320163 -0.22227614 -0.6283597  -0.17684257 -0.48354396  0.1089175
  -0.3075922   1.4127582   1.5910689  -0.5433762  -0.61970764 -0.6428378
  -0.06237904 -0.5438948  -0.42714468  0.12940423 -0.47789845 -0.6478655
  -0.35669553 -0.56994563  0.21930139 -0.35123155 -0.01956611 -0.45887524
   0.153081    0.14379519 -0.6425053  -0.49497703 -0.4895906  -0.38573825
  -0.36402273  0.10263208  2.1639142   0.3870311  -0.42060903 -0.16532767
  -0.04923826 -0.142208    0.9120746   2.939807   -0.16835903 -0.36924046
  -0.6508067  -0.6596221  -0.7638893  -0.10220505 -0.33850995 -0.07360584
  -0.07871371 -0.2671791   0.1978346  -0.35777292 -0.4660514  -0.64556193
  -0.8362092  -0.46967775 -0.3854358  -0.662728    0.14856973 -0.4869395
  -0.39615616  2.3606603   1.3760726   0.0191254  -0.06460261 -0.3214339
   0.3508453  -0.04073991  0.7034085  -0.4047578  -0.27011263 -0.5269536
  -0.22744077 -0.6836396  -0.4163535   1.23137     0.19529632  0.6681329
  -0.43600556  0.47736844  0.11101717  0.66701525  0.08760593 -0.3636891
   0.20419544  1.0249399   0.24355349 -0.34252703]]