[[ 0.8476188   1.2444189  -0.2830296  -0.27969584 -0.6071809  -0.8854407
  -0.8249319  -0.4247059  -0.06479959 -0.21498501 -0.5203274  -0.8254159
  -0.13257222 -0.23702194 -0.5898817  -0.17840698 -0.46487704  0.21668091
  -0.28946197  1.2668455   1.3765916  -0.5649294  -0.6226443  -0.5844918
  -0.0514998  -0.5029998  -0.24416646  0.28416067 -0.45262542 -0.6701043
  -0.32079938 -0.4993962   0.2063357  -0.3645439  -0.15239078 -0.4411484
   0.16260178  0.25844947 -0.61800903 -0.47993365 -0.4701875  -0.34948757
  -0.3836494   0.30741572  1.8849909   0.37536007 -0.35800242 -0.09881945
  -0.02021107 -0.11950709  1.0227084   2.6251585  -0.39045185 -0.39862955
  -0.69054866 -0.6940097  -0.58791715  0.1150214  -0.32758638 -0.16564257
  -0.13401361 -0.3079644   0.14454405 -0.5318888  -0.38732454 -0.5202386
  -0.7937941  -0.58891314 -0.39345363 -0.57234657  0.17224266 -0.54466647
  -0.43059552  2.0956278   1.1609687   0.37981737 -0.13417108 -0.24411194
   0.20848261 -0.04662614  0.7461304  -0.39450768 -0.18190005 -0.5128985
  -0.29021356 -0.704917   -0.41734558  1.0824072   0.07950018  0.93479484
  -0.43610668  0.3952392   0.18728887  0.89670706 -0.10904048 -0.39261946
   0.05252238  0.99159706  0.28155217 -0.23936068]]