[[ 1.2749695e+00  8.9700013e-02  6.6081989e-01 -2.8873894e-01
  -6.9375944e-01 -8.2138854e-01 -4.2170203e-01 -3.0220965e-01
   1.0357498e-01 -3.4830064e-01 -4.4542292e-01 -8.9112258e-01
   7.6223277e-03 -2.6560745e-01 -4.7674838e-01  1.3746374e+00
  -4.4315159e-01  3.2457614e-01 -3.9411208e-01  7.3029590e-01
   1.7820874e+00 -4.6591905e-01 -5.3798479e-01 -4.8952469e-01
   6.4117815e-03 -1.7647527e-01 -3.5421669e-01  6.1924919e-02
  -3.7217385e-01 -5.2680331e-01 -3.0979246e-01 -7.5543404e-01
   5.9678370e-01  3.7153113e-01 -4.6269804e-01 -3.1051242e-01
   1.6533852e-01 -2.7721003e-04 -7.0110738e-01 -5.0366449e-01
  -4.6407980e-01 -2.9999280e-01 -4.6294314e-01  1.7672390e+00
   1.3248721e+00  6.5496689e-01 -1.7772657e-01 -3.2801136e-01
   7.6684371e-02  5.4349683e-02  4.6496877e-01  1.8183168e+00
  -9.6034631e-02 -3.7988669e-01 -6.6394335e-01 -6.9149041e-01
  -7.2600675e-01 -5.4526612e-02 -1.8694355e-01  3.7437990e-02
  -1.5825014e-01 -4.2154935e-01  2.4133927e-01 -5.4508972e-01
  -5.1427406e-01 -5.3356630e-01 -8.0019861e-01 -4.8310640e-01
  -4.6589866e-01 -5.3556192e-01  6.2837720e-01 -4.8727974e-01
  -4.1707242e-01  1.8988062e+00  1.2791095e+00 -9.8973475e-02
  -4.3429387e-01 -5.0679791e-01 -1.9061849e-01 -1.4641367e-01
   3.4780842e-01 -2.2846973e-01 -5.0284499e-01 -6.1028123e-01
  -6.7628127e-01 -6.9295716e-01 -4.8317304e-01  8.1593251e-01
  -5.0594199e-01  9.7418070e-01 -4.3449080e-01  4.7441274e-01
  -4.3319315e-02  9.4608533e-01  7.8284174e-02 -4.0515026e-01
  -2.0432997e-01  1.0249794e+00  5.4567689e-01 -3.3204830e-01]]