[[ 7.2892880e-01  1.7104093e+00 -2.0831683e-01 -3.4252286e-01
  -5.7526332e-01 -8.2335639e-01 -1.3236766e+00 -6.1134201e-01
  -3.4040228e-01  5.2260444e-02 -6.0626245e-01 -1.0604136e+00
  -5.1892295e-02 -2.0850824e-01 -8.1498873e-01 -1.7516057e-01
  -4.0902153e-01  1.4699472e+00 -3.3403647e-01  1.1271493e+00
   2.0902512e+00 -5.9938377e-01 -6.2114608e-01 -6.8562120e-01
   6.3813365e-01 -8.3562374e-01 -1.2653372e-01 -2.2033249e-01
  -3.6431971e-01 -7.1508121e-01  6.5958619e-01  3.3111870e-01
  -1.3691202e-01 -5.6785834e-01 -2.0202889e-01 -5.0185025e-01
   2.1845900e-01  2.2182442e-01 -8.4407234e-01 -7.7124763e-01
  -5.2177840e-01 -4.2528200e-01 -3.8333780e-01  1.1861886e+00
   1.5042232e+00  9.5290375e-01 -4.1426894e-01  4.5058054e-01
  -4.5086482e-01  2.3118050e-01  2.1034429e+00  2.4314892e+00
  -4.1721812e-01 -4.4486046e-01 -7.4691433e-01 -7.3586500e-01
  -7.4486762e-01  2.8544566e-02 -4.9950063e-01 -9.9266529e-02
   1.6839017e-01 -4.2068759e-01  1.9356321e-01 -7.0459449e-01
  -4.6189332e-01 -6.8254507e-01 -8.1206727e-01 -7.8286737e-01
  -4.9011946e-01 -6.9286060e-01  1.1063792e-01 -7.3334879e-01
  -4.6930042e-01  1.5791231e+00  5.4879892e-01 -4.3489763e-01
   1.0810979e-02 -7.2267875e-02 -1.5857203e-01  2.7352053e-01
   4.5129544e-01 -3.3812031e-01 -2.9472294e-01 -7.5880265e-01
  -5.7784235e-01 -9.2870539e-01 -4.9034736e-01  1.0545039e+00
   2.4439543e-02  9.2491317e-01 -5.9638476e-01  4.8292592e-01
  -2.9345881e-04  1.3937854e+00  1.5874943e-01 -3.9700234e-01
   5.7108834e-02  5.7308382e-01  3.9639953e-01 -4.2039928e-01]]