[[ 0.8772597   1.4637444  -0.1748844  -0.31609252 -0.5070309  -0.85627437
  -1.293802   -0.63088727 -0.3928762   0.06399649 -0.6249479  -1.0657432
  -0.14815657 -0.26565698 -0.8824325  -0.12739189 -0.43577695  1.41678
  -0.3611442   0.9355053   2.1637738  -0.6098765  -0.6871904  -0.70029515
   0.6823805  -0.89589626 -0.10929619 -0.10988846 -0.39306417 -0.731032
   0.69793344  0.41316423 -0.10204852 -0.586633   -0.3132018  -0.5939719
   0.1442634   0.26588655 -0.86512417 -0.8025346  -0.5605739  -0.44571826
  -0.41877982  1.3635796   1.5859398   0.96254754 -0.39063266  0.74525976
  -0.45278096  0.09042114  2.069493    2.3388329  -0.507024   -0.44261575
  -0.78635997 -0.763552   -0.673658    0.08764782 -0.49171153 -0.15470597
   0.09833143 -0.41808444  0.29849073 -0.6489811  -0.5130652  -0.70057863
  -0.84758013 -0.7753476  -0.49927354 -0.73565316  0.18790838 -0.822067
  -0.4983359   1.3960181   0.45390767 -0.3065822   0.00643645 -0.07936888
  -0.27408078  0.165717    0.43340945 -0.40442964 -0.31567016 -0.76176673
  -0.6310304  -0.97618324 -0.49467322  0.9985964  -0.01987512  0.9338137
  -0.65789986  0.42325294 -0.0270476   1.603459    0.19414055 -0.4216301
  -0.01805287  0.6015361   0.46237954 -0.4653453 ]]