[[ 0.7047554   0.7894543   0.72281325 -0.07706116 -0.6850296  -0.8541304
  -0.76705295 -0.32663658 -0.03441809 -0.32609242 -0.55129665 -0.97431463
   0.19427748 -0.23441537 -0.5734103   0.9553982  -0.58689004  0.38949606
  -0.30862504  1.1254139   2.0099068  -0.45886344 -0.61165243 -0.5533629
  -0.05594992 -0.33719912 -0.34930018 -0.26998562 -0.37771848 -0.6905207
  -0.41371286 -0.6860737   0.11330574  0.15287262 -0.42091215 -0.31584698
   0.12287276  0.3269241  -0.8933969  -0.5435678  -0.50855273 -0.28469044
  -0.46409887  1.5375792   1.7997037   0.27034512 -0.283933   -0.40455452
   0.11032348  0.12200927  0.73454916  2.3234625   0.21134488 -0.2624409
  -0.673186   -0.779563   -0.8391841  -0.00589712 -0.37010106  0.31320927
  -0.20168345 -0.30097225  0.07228824 -0.36539716 -0.4804248  -0.590918
  -0.8396182  -0.43168554 -0.41196015 -0.6723704   0.30827066 -0.56158435
  -0.42499527  1.5386183   1.0135219  -0.48295116 -0.19303027 -0.56006616
  -0.08551767 -0.04187053  0.704955   -0.30568716 -0.50697094 -0.6070426
  -0.36996955 -0.797484   -0.41517118  0.9317108   0.48173034  0.8014853
  -0.49994728  0.5048455  -0.13805683  0.37003124  0.10457706 -0.4123018
  -0.12009622  0.9907347  -0.20323609 -0.35816336]]