[[ 0.5517087   1.3992873  -0.02387925 -0.19135463 -0.61991    -1.0181309
  -0.9962122  -0.8236743  -0.36076653 -0.01943038 -0.5486583  -0.97673166
   0.90310544 -0.24815018 -0.66416126  0.6829334  -0.26196125  0.92617065
  -0.4215828   0.5335819   2.1643522  -0.61931187 -0.73025244 -0.6771725
   0.0229366  -0.6152423  -0.3713627  -0.27068767 -0.46258396 -0.6475926
  -0.24326885 -0.24060917 -0.2634083  -0.58188707  0.12940572 -0.45495313
   0.23078176  0.21507287 -0.75875574 -0.7587461  -0.59083027 -0.39770928
  -0.4090776   0.1518691   1.038692    0.4213996  -0.1227361  -0.2524068
  -0.41776946  0.36856437  1.3198653   1.6075723  -0.06494621 -0.37554014
  -0.36565605 -0.60657877 -0.85257226  0.10600185 -0.30983353 -0.12772608
  -0.2081142  -0.3695599   0.03799292 -0.32761323 -0.53102314 -0.6272511
  -0.629543   -0.5126994  -0.33751386 -0.8059976   0.24012347 -0.5862881
  -0.44033068  1.2143471   0.90470123 -0.36921242 -0.32413962 -0.46311975
   0.2920386  -0.15989023  0.14846109  0.00541985 -0.33188334 -0.5725247
  -0.28568667 -0.7976359  -0.42653295  0.5263177   0.23944323  0.2161471
  -0.5761008   0.07548595 -0.50278807  1.036544    0.08854448 -0.34521443
   0.5344958   0.46276844 -0.07642721 -0.5596127 ]]