[[ 0.9275389   1.3475229  -0.1464314  -0.32842475 -0.5747144  -0.81917673
  -1.2881736  -0.652105   -0.4096821   0.10015736 -0.61217433 -1.0520225
  -0.10545589 -0.28201658 -0.8385519  -0.11538183 -0.37028366  1.6346953
  -0.36293933  0.80619216  2.2488267  -0.6193772  -0.68770075 -0.6866838
   0.7528458  -0.8700543  -0.09450554 -0.1523017  -0.32897758 -0.7080579
   0.85275555  0.44825548 -0.13306686 -0.6218235  -0.24982235 -0.55657774
   0.20557036  0.2534047  -0.8370553  -0.7954877  -0.56422716 -0.4409459
  -0.42066777  1.3608742   1.2663488   1.0653912  -0.36128685  0.57694227
  -0.54675776  0.17872101  2.1018507   1.9851611  -0.48925808 -0.44704902
  -0.7535819  -0.7116302  -0.73835295  0.07516315 -0.50000465 -0.16993243
   0.04668651 -0.4360951   0.3995809  -0.7211086  -0.4964542  -0.68058825
  -0.7981372  -0.7700335  -0.4838483  -0.71263134  0.21675716 -0.7903293
  -0.4686664   1.1085719   0.27582982 -0.34374022 -0.09538877 -0.02811951
  -0.25981212  0.2242974   0.37459835 -0.33006522 -0.3122155  -0.7900695
  -0.70595235 -0.98637754 -0.5014162   0.8959858  -0.13209961  0.9862405
  -0.655047    0.36876318 -0.0097663   1.8520268   0.0767459  -0.38999888
  -0.03158392  0.5199487   0.66435814 -0.46938553]]