[[ 0.63461727  1.0915759   0.45687827  0.00978676 -0.64755267 -0.8109297
  -0.8475263  -0.44128153 -0.14265573 -0.30111158 -0.5398826  -0.8785274
   0.4613896  -0.23701765 -0.5796148   0.46910182 -0.36478385  0.40537024
  -0.24016349  0.8658626   1.9945135  -0.48276272 -0.5123441  -0.5539843
   0.03696106 -0.48347288 -0.3654613  -0.18346491 -0.3409228  -0.6096737
  -0.2926149  -0.4600527   0.00360856 -0.03793818  0.01091211 -0.30990955
   0.13957798  0.1282491  -0.7966655  -0.5562253  -0.48458537 -0.33518654
  -0.40664214  1.0625964   1.5025843   0.3704863  -0.39608926 -0.39258638
  -0.2235399   0.06075267  1.0084953   2.0024376   0.18091714 -0.13155217
  -0.6324438  -0.70899236 -0.78921014  0.08524345 -0.31976202  0.1885409
  -0.19797568 -0.3321389   0.02461011 -0.29870638 -0.45283943 -0.4750881
  -0.7586395  -0.41000563 -0.4012628  -0.66118187  0.1325035  -0.48869988
  -0.43798843  1.5631387   1.075387   -0.46556377 -0.15860392 -0.47964638
   0.33024514 -0.10040553  0.65612763 -0.34132728 -0.36467677 -0.5350037
  -0.27759445 -0.69880986 -0.45553288  0.8711163   0.03242262  0.49843213
  -0.42363808  0.4366381  -0.1540761   0.46088     0.25658056 -0.39469314
   0.20768094  0.8367319  -0.08300263 -0.4430556 ]]