[[ 1.2800999   0.9364145  -0.10032766 -0.37916923 -0.76919645 -1.2059591
  -0.99018466 -0.8136556  -0.37098825  0.17609051 -0.5830576  -1.1722813
   0.6266815  -0.30924064 -0.82630104  0.6033171  -0.13036966  1.7592535
  -0.5187634   0.39372468  2.4463215  -0.6861106  -0.87302065 -0.6561771
   0.16344336 -0.75543016  0.08371166 -0.18659289 -0.5040333  -0.84899735
  -0.05883955 -0.01367361 -0.31190953 -0.58059424 -0.32074222 -0.43482193
   0.4427681   0.98568845 -0.98129594 -0.8194862  -0.5704931  -0.3283717
  -0.5252215   1.3686042   0.5496498   1.1961534  -0.20975238 -0.19212371
  -0.17827891  0.381076    2.9495676   1.2223372  -0.25693184 -0.19101062
  -0.70489323 -0.88811684 -0.9018326   1.1480033  -0.44428232  0.21371704
  -0.20272079 -0.4678401  -0.10020482 -0.5762554  -0.46662444 -0.710832
  -0.8401097  -0.7410266  -0.40598646 -0.74732906  0.14121038 -0.91869503
  -0.54132307  0.8922054   0.4348269   0.1361338  -0.6492144  -0.39760694
  -0.32076028 -0.25486624 -0.3130122  -0.12578791 -0.39740193 -0.74579424
  -0.47896415 -0.976966   -0.49797174  0.14475754  0.55150336  0.8667429
  -0.7318116  -0.10058004 -0.5587508   1.8272725  -0.33937907 -0.39465454
   0.07784183  0.57816696 -0.03133814 -0.5608562 ]]