[[ 0.703027    1.0419027   0.41338074 -0.09950073 -0.6381251  -0.8513599
  -0.812478   -0.42237008 -0.10754202 -0.2528371  -0.5299426  -0.94288033
   0.44963315 -0.24999362 -0.57613206  0.59593934 -0.38388452  0.4178974
  -0.27099845  0.91289157  1.9804705  -0.4987066  -0.5906768  -0.57172996
   0.03541018 -0.42848915 -0.3828464  -0.20807396 -0.3586882  -0.6562899
  -0.30004588 -0.5046923   0.03417482 -0.10838521 -0.18204682 -0.33512512
   0.09940202  0.3792273  -0.82319623 -0.59977347 -0.49003592 -0.28193834
  -0.42139998  0.9188462   1.5768788   0.39111155 -0.36968714 -0.36249653
   0.04358486  0.1254347   1.0788963   2.0596418   0.14209107 -0.20460989
  -0.5841154  -0.691861   -0.8174835   0.05969724 -0.33943686  0.1812584
  -0.17134275 -0.32735902  0.04759571 -0.32654074 -0.47152734 -0.54747576
  -0.7735875  -0.4167195  -0.38828763 -0.66285     0.17216268 -0.5541661
  -0.42450395  1.521235    0.95403916 -0.47427619 -0.20630321 -0.5143141
   0.08850171 -0.1116159   0.5547191  -0.247614   -0.4263462  -0.57251185
  -0.30841532 -0.7456115  -0.4283423   0.8380115   0.30753973  0.5136433
  -0.46413526  0.35811037 -0.21059297  0.5599134   0.12918566 -0.3766776
   0.11354946  0.83091277 -0.10375663 -0.40089503]]