[[ 1.3136067   0.8041579  -0.01220044 -0.29800877 -0.8304934  -1.2308173
  -0.8887288  -0.7408818  -0.26541147 -0.18332295 -0.61309683 -1.2277871
   0.3961357  -0.33092928 -0.8438503   0.560091   -0.5921364   0.69341415
  -0.54481083  0.26287356  2.905545   -0.65343297 -0.93041486 -0.6365146
  -0.30292815 -0.8184007   0.26929423 -0.21538141 -0.4735535  -1.0071738
  -0.35044587 -0.07192668 -0.2582101  -0.48750114 -0.34825933 -0.48254552
  -0.24524382  1.1286949  -1.0909646  -0.7717851  -0.59587014 -0.28996828
  -0.60309577  1.6421714   0.90323573  0.26228002 -0.32197446 -0.12588648
   0.060234    0.14775412  2.8281775   1.0197141  -0.14375888 -0.02075683
  -0.7362516  -0.958845   -0.8976302   1.804597   -0.46288607  0.6501106
  -0.24160883 -0.48965737 -0.18552525 -0.5939159  -0.43879443 -0.7467527
  -0.88779515 -0.6698141  -0.3569958  -0.68655455  0.14532343 -0.94895273
  -0.55344784  0.8584584   0.35161626  0.41767466 -0.8515138  -0.47448462
  -0.17288163 -0.20381698 -0.23755857 -0.16881453 -0.45321077 -0.69523484
  -0.4146581  -1.0902327  -0.4697906   0.14283666  0.5448781   1.4334815
  -0.7462841  -0.18899074 -0.5765084   1.5562018  -0.22196023 -0.4941115
   0.02157119  0.63319814 -0.3239804  -0.5440244 ]]